4 1 0.34444444375 0.990740740625 0.340740740625 0.9916666671875 0.33055555625 0.9888888890624999 0.32777777812500003 0.9740740734375001 0.328703703125 0.972222221875 0.3231481484375 0.965740740625 0.31944444375000003 0.9490740734375 0.3203703703125 0.9175925921875001 0.29814814843750004 0.8898148140625001 0.2851851859375 0.8240740734375 0.2796296296875 0.7675925921875 0.26944444375 0.747222221875 0.2759259265625 0.7194444437499999 0.27777777812500004 0.6898148140625 0.27777777812500004 0.6731481484375 0.272222221875 0.63148148125 0.272222221875 0.5916666671875 0.2870370375 0.5731481484375001 0.290740740625 0.55648148125 0.2888888890625 0.5416666671875 0.29444444375 0.5305555562500001 0.30648148124999997 0.477777778125 0.3416666671875 0.4601851859375 0.3490740734375 0.4 0.40555555625000006 0.375 0.4361111109375 0.36666666718749996 0.4546296296875 0.33703703749999997 0.4888888890625 0.328703703125 0.51851851875 0.322222221875 0.5259259265625 0.3120370375 0.5546296296875 0.303703703125 0.597222221875 0.2916666671875 0.6138888890625 0.28148148125 0.5990740734375 0.27870370312500004 0.6018518515625 0.27777777812500004 0.647222221875 0.28148148125 0.652777778125 0.28796296250000003 0.6388888890625 0.2916666671875 0.6379629625 0.29814814843750004 0.6703703703125 0.303703703125 0.6805555562500001 0.303703703125 0.7212962968750001 0.3101851859375 0.74351851875 0.3101851859375 0.7759259265625 0.33055555625 0.8046296296875 0.3351851859375 0.8194444437499999 0.34629629687499996 0.8351851859374999 0.3611111109375 0.878703703125 0.38703703749999996 0.9203703703125001 0.4240740734375 0.9611111109375001 0.4611111109375 0.9870370375 0.459259259375 0.9953703703125001 0.45370370312499997 1 1 1 1 0.34444444375
1 0.7890625 0.3484375 0.0578125 0.08046875
1 0.5484375 0.46015625 0.090625 0.065625
1 0.39296875 0.50234375 0.06796875 0.07890625
1 0.42890625 0.6421875 0.10078125 0.0984375
1 0.4921875 0.85859375 0.11015625 0.1265625
1 0.725 0.78125 0.08515625 0.09296875
1 0.5828125 0.93046875 0.08359375 0.06875
1 0.759375 0.92421875 0.078125 0.08671875
1 0.83828125 0.74609375 0.078125 0.1078125
1 0.76953125 0.640625 0.04921875 0.053125
1 0.7203125 0.528125 0.078125 0.13671875
1 0.83203125 0.4296875 0.0984375 0.07578125
1 0.884375 0.36953125 0.07734375 0.0875
1 0.92578125 0.46640625 0.08359375 0.08671875
1 0.821875 0.52734375 0.06171875 0.0484375
1 0.903125 0.66953125 0.0453125 0.0578125
1 0.89375 0.815625 0.04140625 0.04921875
1 0.9453125 0.97421875 0.078125 0.0515625
1 0.83515625 0.96953125 0.07890625 0.0609375
1 0.67421875 0.971875 0.07578125 0.0515625
1 0.60546875 0.8453125 0.0953125 0.06484375
1 0.54296875 0.5609375 0.0953125 0.08828125