4 1 0.3327023390625 0.8057020843749999 0.074860296875 0.7960783671875 0.07747475000000001 0.7906882484375 0.0687832640625 0.78679810625 0.068236540625 0.7755237046875 0.0778917953125 0.770701334375 0.0745694046875 0.7632960484375 0.07551214687499999 0.7505426921875 0.086281875 0.712026796875 0.0874804484375 0.6820411703125 0.09384485000000001 0.6261948640624999 0.12897175156250001 0.5749571484375 0.154828903125 0.5625893015625001 0.172264440625 0.541519453125 0.1904604796875 0.5178561796875 0.2082920359375 0.5012021703125 0.21388542031250002 0.467925690625 0.238961046875 0.4450439453125 0.2747538390625 0.43248334218749995 0.2888564703125 0.418058278125 0.297407765625 0.4095700578125 0.31076040781250003 0.40794040000000004 0.327060446875 0.386965165625 0.3869230453125 0.3773729859375 0.40342634843749997 0.3632983640625 0.484754815625 0.36172126875 0.5242029421875001 0.3662106953125 0.5440076140625 0.36316515781250003 0.58919983125 0.3743414171875 0.61787823125 0.37362296562499997 0.627694703125 0.3827630359375 0.656748096875 0.4017406 0.6957791796875 0.402157646875 0.716333840625 0.3851076171875 0.7106318 0.38456089375 0.7145219421875 0.4111259875 0.7513135656250001 0.4174273140625 0.7535214859375 0.4142451125 0.7385286734375 0.4166457859375 0.73556025 0.44132539218750005 0.7575413046875 0.45189185312499996 0.7623321390625 0.4764102421875 0.794869140625 0.4949602515625 0.80871594375 0.5144635171874999 0.8345976500000001 0.5480063375 0.8452622515625 0.5606195015625001 0.8543077078125 0.5789662453125 0.8601919890625 0.6169879796875 0.8860316453125 0.6627689703125 0.9037055125 0.716866453125 0.9139530703125001 0.7620481578125 0.912368990625 0.765584328125 0.9201387578125001 0.7639336453125 0.9271795624999999 1 0.7492908046875 1 0.3327023390625
1 0.63984375 0.2046875 0.0953125 0.0984375
1 0.51484375 0.4390625 0.1125 0.10625
1 0.415625 0.56640625 0.1015625 0.1046875
1 0.52890625 0.65625 0.1390625 0.1390625
1 0.709375 0.79140625 0.1640625 0.1671875
1 0.84921875 0.5890625 0.1234375 0.125
1 0.825 0.79375 0.1078125 0.1046875
1 0.95234375 0.6828125 0.0953125 0.115625
1 0.91796875 0.49296875 0.1265625 0.1328125
1 0.8 0.45 0.071875 0.071875
1 0.69296875 0.38984375 0.1453125 0.15625
1 0.72265625 0.24375 0.125 0.1203125
1 0.728125 0.16484375 0.1140625 0.1171875
1 0.81953125 0.2171875 0.11875 0.1203125
1 0.7734375 0.328125 0.078125 0.0765625
1 0.92421875 0.39296875 0.0703125 0.0734375
1 0.98671875 0.51484375 0.0265625 0.0640625
1 0.9234375 0.771875 0.0921875 0.0875
1 0.7921875 0.7125 0.115625 0.109375
1 0.57109375 0.52265625 0.1296875 0.128125