4 0.6919320171875001 1 0.86897015625 0.84059414375 0.861743746875 0.8408710515625 0.8547914656250001 0.8359173078125 0.8649675171875 0.791867975 0.8652305218749999 0.736809090625 0.8566167984374999 0.688496890625 0.838506778125 0.646243284375 0.8362313312499999 0.6271108484375 0.8297587703125 0.6130034703125 0.8256903796874999 0.5780420234375 0.804005590625 0.553958625 0.793952703125 0.5331073375 0.7666918265625 0.5028310671875 0.7640051875 0.4915446078125 0.7471370796875 0.463124253125 0.750509034375 0.46133408749999993 0.76461919375 0.4673185859375 0.7636541890624999 0.46071174218750005 0.7326073890625 0.4276145515625 0.7286844015625 0.42740895625 0.7310283796875 0.4452337296875 0.7109309421875001 0.44090233124999995 0.6762380609374999 0.41482595624999996 0.6494624671875 0.400310165625 0.6396892640625 0.399142346875 0.6136702984375 0.3826993296875 0.5687272734375 0.3770658296875 0.5501430921875 0.3688799765625 0.5111188140625 0.3629010390625 0.42859901562499997 0.36119886874999996 0.41056865 0.367465834375 0.3478036328125 0.376633371875 0.3314921171875 0.37512289375 0.3167651734375 0.3809073578125 0.30561855625 0.3934357296875 0.2893783546875 0.4030746484375 0.249877134375 0.41870640625 0.21891276718750002 0.4465868484375 0.21024441249999998 0.46186760781249997 0.1882253078125 0.4816937 0.1663432640625 0.4989044671875 0.1468681703125 0.507718225 0.1117094703125 0.55308078125 0.066571971875 0.6011985046875 0.0546029734375 0.629418825 0.04607724375 0.6669983765625 0.0330719296875 0.67746245625 0.030733512499999997 0.684551803125 0.0330747109375 0.689919515625 0.0214455921875 0.699144465625 0.021239996875 0.703067453125 0.0287433125 0.7100169546874999 0.024340603125 0.718964996875 0.2773856578125 1 0.6919320171875001 1
1 0.18359375 0.58046875 0.096875 0.0984375
1 0.4375 0.503125 0.1109375 0.109375
1 0.58125 0.43046875 0.103125 0.1046875
1 0.64765625 0.5578125 0.140625 0.140625
1 0.74609375 0.7609375 0.1671875 0.1671875
1 0.52109375 0.859375 0.125 0.1265625
1 0.7265625 0.875 0.1078125 0.10625
1 0.590625 0.96484375 0.115625 0.0703125
1 0.41328125 0.909375 0.1296875 0.1328125
1 0.39375 0.78515625 0.071875 0.071875
1 0.35546875 0.66796875 0.15 0.153125
1 0.20625 0.66953125 0.1234375 0.121875
1 0.12734375 0.66015625 0.115625 0.1171875
1 0.1609375 0.76015625 0.1203125 0.1203125
1 0.27890625 0.7359375 0.078125 0.0765625
1 0.3140625 0.89609375 0.071875 0.0734375
1 0.41796875 0.9828125 0.0640625 0.034375
1 0.6859375 0.9609375 0.090625 0.078125
1 0.65234375 0.82734375 0.1140625 0.1125
1 0.50859375 0.57421875 0.1296875 0.1296875