4 1 0.13672873593749998 0.8227046031249999 0.07912196875000001 0.7120497359375 0.0751013203125 0.576511775 0.102717571875 0.5476645312499999 0.1135949171875 0.47521252656249996 0.1508049859375 0.4220260734375 0.1646780953125 0.39578565625 0.17951789375 0.36965023124999996 0.185045475 0.3513702828125 0.19935634375 0.25588248125 0.24154340156249998 0.20692407968749998 0.27236750625 0.18788742812499998 0.2949999765625 0.1691846765625 0.307615746875 0.1402135234375 0.3098853625 0.095006453125 0.34114948749999996 0.0754580890625 0.3503750578125 0.0291604234375 0.39997748906249997 0.0129405875 0.40794797968749996 0.0038706093749999995 0.4088952703125 0 0.42080778125 0 0.8391917687499999 0.0090803765625 0.8483078562499999 0.0405183609375 0.86241698125 0.0687328109375 0.8684689671875001 0.097423978125 0.8910319296875 0.11764296249999999 0.90071691875 0.1256034296875 0.9001879890625 0.133862796875 0.8927464281249999 0.19066059062500001 0.8917296265625 0.1981282609375 0.895713740625 0.20223240156250002 0.9040570062500001 0.21498371718749998 0.90975788125 0.2604036046875 0.8988132859375 0.277767946875 0.8873203640625 0.28822742031250004 0.8611221390624999 0.2907425078125 0.8144288234375001 0.297733459375 0.801901965625 0.304778321875 0.8041909796875 0.313781134375 0.8483957984374999 0.3232039203125 0.8553517515625 0.337557546875 0.8561212234375001 0.34558801093749997 0.8493841484375 0.34900262031249996 0.8208969078124999 0.35511296406250004 0.808083921875 0.3633023328125 0.8068505046875 0.37827266875 0.8117146609375 0.39197458749999997 0.8114935187500001 0.4046369921875 0.8054825921875001 0.42323475312500003 0.802179040625 0.44346982031250004 0.7908400109375 0.46050026875 0.7893637906250001 0.467615128125 0.7854446609375 0.47045085468750003 0.788702628125 0.46522111875 0.8018017421874999 0.433750965625 0.8297406515624999 0.4320436609375 0.8439842734375 0.43510828906250004 0.846537753125 0.442645953125 0.8443137234375 0.4744178328125 0.8484061453124999 0.48746804531250004 0.8471943890625001 0.5028072734375 0.838937771875 0.51567966875 0.8143024125 0.5290637765625 0.8030739546874999 0.537622040625 0.7887197640625 0.5382198359375 0.774894503125 0.5245529140625 0.7720115734374999 0.526613028125 0.7656711953124999 0.5400510484375001 0.7692586125 0.5889394546875 0.744642653125 0.6281950875 0.7316951703125001 0.6591913546875 0.72618925 0.6765556968750001 0.7146963265624999 0.7011398921875001 0.6899720578124999 0.759661075 0.65368761875 0.7800011390625 0.6330363734375 0.7955503546875 0.6061553234375 0.8042836078125 0.576280771875 0.8052852953125 0.5462306640625 0.8190193828125001 0.5039614859375 0.8250247328125001 0.5004607156249999 0.834288615625 0.5019130109375001 0.848378340625 0.506491040625 0.8602140500000001 0.5150098609375 0.8768566906249999 0.50873446875 0.9041527078125 0.47866043593749996 0.9297414187499999 0.462830025 0.9496236781249999 0.443587753125 0.969909828125 0.408120634375 1 0.3920382484375 1 0.13672873593749998
1 0.68046875 0.40234375 0.175 0.1484375
1 0.35625 0.60703125 0.146875 0.1234375
1 0.159375 0.6546875 0.1890625 0.21875
1 0.14375 0.45859375 0.084375 0.090625
3 0.47109375 0.4203125 0.2609375 0.1328125
3 0.8317792265625 0.445214390625 0.8980199125 0.42487352187500005 0.9511827265624999 0.3886004796875 0.9615707875 0.3491384140625 0.9168806437500001 0.34435346875 0.8638254328125001 0.3465863078125 0.82983665625 0.372538578125 0.7879675703125 0.4115075984375 0.7703152 0.45834510625 0.8317792265625 0.445214390625
3 0.9210141265624999 0.2717047328125 0.9297528156249999 0.2560461578125 0.9016178187499999 0.252746 0.878855378125 0.2628744046875 0.8402649296875 0.28051646875 0.795598428125 0.2981314546875 0.74767339375 0.310793375 0.6967085671875 0.2991017796875 0.6595487531249999 0.312340803125 0.697876715625 0.3179792796875 0.7773939109375 0.32045015625 0.8765462578125 0.296199290625 0.9210141265624999 0.2717047328125
3 0.653125 0.12734375 0.075 0.1015625
3 0.30078125 0.2734375 0.0640625 0.0828125
3 0.30859375 0.3859375 0.0765625 0.0734375
3 0.23125 0.50703125 0.096875 0.075
3 0.02421875 0.571875 0.0484375 0.10625
3 0.4484375 0.265625 0.1390625 0.1640625
3 0.36484375 0.70234375 0.2078125 0.10625
3 0.15390625 0.55546875 0.1046875 0.1171875
3 0.12578125 0.43203125 0.1015625 0.11875
3 0.23984375 0.36640625 0.0921875 0.0875
3 0.72109375 0.24921875 0.0859375 0.1046875
3 0.85625 0.23125 0.175 0.0953125