4 0.6768518515624999 0 0.5703703703125 0.0303703703125 0.45 0.09851851874999999 0.42592592656250006 0.11777777812500001 0.36851851875 0.17555555625000002 0.322222221875 0.20518518593750001 0.3018518515625 0.2274074078125 0.27870370312500004 0.240740740625 0.26574074062499997 0.26 0.1879629625 0.3296296296875 0.15092592656249998 0.3740740734375 0.13981481406250001 0.40148148125 0.12592592656249998 0.41925925937499997 0.0990740734375 0.4303703703125 0.065740740625 0.47407407343749997 0.05 0.4888888890625 0.021296296875000002 0.5503703703125 0.0083333328125 0.5629629625 0 0.5666666671875 0 0.9059259265625 0.015740740625 0.9274074078125001 0.039814814062499995 0.9466666671875 0.08796296249999999 0.9674074078125001 0.1175925921875 0.9711111109375 0.140740740625 0.9829629625 0.175 0.9866666671875001 0.20370370312500002 0.983703703125 0.2379629625 0.996296296875 0.2601851859375 0.999259259375 0.2675925921875 0.996296296875 0.2731481484375 0.9866666671875001 0.32685185156249996 0.9681481484375001 0.3351851859375 0.9696296296875 0.3416666671875 0.976296296875 0.35555555625 0.977777778125 0.3953703703125 0.9533333328125 0.40833333281249995 0.9370370375 0.41018518593750003 0.9088888890625 0.3981481484375 0.8637037031249999 0.40092592656250003 0.8496296296875 0.40833333281249995 0.8496296296875 0.43055555625 0.8888888890625 0.44166666718750003 0.8925925921875001 0.45555555625000005 0.8888888890625 0.4611111109375 0.8800000000000001 0.45555555625000005 0.8518518515625001 0.4574074078125 0.837777778125 0.46481481406249997 0.8340740734375001 0.48055555625 0.8340740734375001 0.49351851875 0.8296296296874999 0.503703703125 0.82 0.5203703703125 0.8111111109375001 0.5361111109375 0.7940740734375 0.5518518515624999 0.7874074078125 0.5574074078125 0.7814814812499999 0.5611111109375 0.783703703125 0.5601851859375 0.7977777781250001 0.5388888890625 0.8340740734375001 0.5416666671875 0.8481481484375 0.5453703703125 0.8496296296875 0.5518518515624999 0.8451851859374999 0.5833333328125 0.8392592593750001 0.5953703703125 0.8340740734375001 0.6074074078125 0.82148148125 0.6120370375 0.7940740734375 0.621296296875 0.7792592593750001 0.625 0.7629629625 0.621296296875 0.7496296296875 0.6074074078125 0.7511111109375 0.6074074078125 0.74444444375 0.621296296875 0.743703703125 0.6601851859375001 0.7051851859375 0.69351851875 0.680740740625 0.7212962968750001 0.6659259265624999 0.734259259375 0.6496296296875 0.75 0.61851851875 0.79444444375 0.5659259265625 0.8074074078125 0.54 0.8138888890624999 0.5096296296875 0.8129629625 0.47851851874999995 0.8046296296875 0.44962962968750003 0.8046296296875 0.40518518593749997 0.809259259375 0.4 0.81851851875 0.39851851875 0.8333333328125001 0.39851851875 0.847222221875 0.4029629625 0.8611111109375 0.3918518515625 0.877777778125 0.3548148140625 0.897222221875 0.3318518515625 0.9101851859375 0.30740740781250003 0.91851851875 0.2674074078125 0.95555555625 0.2288888890625 0.9740740734375001 0.197777778125 0.9916666671875 0.179259259375 1 0.143703703125 1 0.061481481250000004 0.9518518515625001 0.076296296875 0.9416666671874999 0.0740740734375 0.909259259375 0.0503703703125 0.9055555562500001 0.04148148125 0.9037037031249999 0 0.6768518515624999 0
1 0.64140625 0.3515625 0.14921875 0.10703125
1 0.39609375 0.64609375 0.12578125 0.0890625
1 0.22421875 0.75234375 0.1390625 0.184375
1 0.1484375 0.57109375 0.06484375 0.075
3 0.44765625 0.43359375 0.25546875 0.05703125
3 0.746527778125 0.32685185156249996 0.7442129625 0.3768518515625 0.7986111109375 0.3453703703125 0.8553240734375 0.30555555624999997 0.8946759265625 0.2546296296875 0.8923611109375 0.2138888890625 0.8483796296874999 0.22314814843750003 0.7986111109375 0.2416666671875 0.7743055562500001 0.2768518515625 0.746527778125 0.32685185156249996
3 0.7083333328125 0.24351851875000002 0.7951388890625 0.1898148140625 0.8298611109375 0.15277777812499999 0.8333333328125001 0.1351851859375 0.8055555562500001 0.140740740625 0.7870370375 0.1574074078125 0.7557870375 0.1861111109375 0.71875 0.2166666671875 0.6770833328125 0.24351851875000002 0.625 0.24814814843750002 0.59375 0.272222221875 0.6319444437499999 0.26574074062499997 0.7083333328125 0.24351851875000002
3 0.53046875 0.0984375 0.05 0.08984375
3 0.240625 0.34609375 0.04375 0.0734375
3 0.2828125 0.45078125 0.06171875 0.05703125
3 0.246875 0.58984375 0.084375 0.0515625
3 0.0453125 0.72421875 0.07890625 0.0859375
3 0.378125 0.29296875 0.10078125 0.13984375
3 0.434375 0.734375 0.20390625 0.04609375
3 0.18828125 0.659375 0.07890625 0.096875
3 0.12265625 0.55078125 0.07421875 0.1
3 0.2109375 0.453125 0.07421875 0.06796875
3 0.6328125 0.19296875 0.06171875 0.08984375
3 0.75546875 0.134375 0.1703125 0.04453125