4 1 0.19359960625 0.884571403125 0.1347857984375 0.7759078500000001 0.113504415625 0.6377184515625001 0.11957785624999999 0.607524775 0.12580858125 0.5301438375 0.15122654062500002 0.47544196406249994 0.15660865468750002 0.4472031546875 0.1671608453125 0.420524796875 0.1685318921875 0.40023119218750003 0.17980695625 0.29931949375 0.20653703750000002 0.246141896875 0.22932286406250002 0.2237991203125 0.2486987046875 0.2033530890625 0.2582333984375 0.1743835734375 0.25594298437499996 0.124842290625 0.2797502515625 0.10409140312500001 0.285804203125 0.0506042078125 0.3275533953125 0.0333372046875 0.3328884140625 0.0242307046875 0.3324051859375 0 0.379960621875 0 0.790136634375 0.01640118125 0.7964674515625 0.0412094859375 0.8232409125 0.059664474999999995 0.835969609375 0.06760967968750001 0.8366924828125001 0.0769314765625 0.830634590625 0.13318905781249998 0.838515440625 0.139941534375 0.8436187046875 0.1426899734375 0.8525012796875 0.1543924859375 0.8601267125 0.200965290625 0.8564221 0.21991373906249997 0.84778705625 0.23434274375 0.8235475953125 0.244131309375 0.7778226 0.2529958234375 0.76654359375 0.259595871875 0.7699064843750001 0.2615726859375 0.8149754203124999 0.2697913125 0.8233197828125001 0.28384785 0.8263251828125 0.29283335625 0.82092729375 0.3006623125 0.793324940625 0.3087018203125 0.781625571875 0.3169833140625 0.7816884390625 0.33100841875000003 0.7888345859375 0.3445762375 0.7907596203125 0.3580230640625 0.786803534375 0.37690864375 0.786449984375 0.3986684 0.77841601875 0.4157201046875 0.7796221234375 0.42336045625 0.7768642546875 0.4256516125 0.7805257140624999 0.4184371109375 0.7926454453125 0.3829837984375 0.8153173656250001 0.3790693203125 0.8291185421874999 0.381696765625 0.8321199984375 0.3894895421875 0.8311025000000001 0.42023006250000006 0.8401147546875001 0.43330916718749996 0.8409594203124999 0.44975116249999997 0.835204040625 0.46631889531250004 0.8128856687500001 0.481294740625 0.8038891890625001 0.491993128125 0.791050528125 0.4947463109375 0.7774889953125 0.48169864218749997 0.77250358125 0.4847252453125 0.7665635375 0.4974366265625 0.77220895625 0.5495739203125 0.7555438921875 0.590371684375 0.7488967484375 0.6218476500000001 0.7483075 0.6407960984375001 0.7396724546875 0.66894535 0.7190983984375 0.7324221765625001 0.6924154109375 0.7557423859375 0.675200303125 0.7753052874999999 0.6510826359374999 0.7886044296875 0.6229420718750001 0.7942946578125001 0.5934186296874999 0.8144720124999999 0.553818340625 0.8209510671875 0.5513001140625 0.8298737062500001 0.5541837203125 0.843073803125 0.5609095046875 0.8534311578124999 0.5711749562499999 0.8708505875 0.5675803078125 0.9025151593749999 0.5421465750000001 0.9302652531250001 0.5305140171875 0.952912884375 0.514618921875 0.9784975578124999 0.4827619140625 1 0.47530623125 1 0.19359960625
1 0.69375 0.43203125 0.18125 0.1625
1 0.34140625 0.5828125 0.153125 0.1359375
1 0.13984375 0.6 0.2078125 0.228125
1 0.1546875 0.40390625 0.0921875 0.096875
3 0.48359375 0.4171875 0.253125 0.1671875
3 0.83626483125 0.4977905984375 0.9048719984375 0.48806248593749996 0.9630546421874999 0.46055252031249994 0.9794880359375 0.42320135 0.9360966328125 0.41148423593750005 0.8833453265625 0.405389921875 0.8457151796875 0.42570566093749995 0.7982654734375 0.45764513906250004 0.7735034328125 0.5011445609375 0.83626483125 0.4977905984375
3 0.9515439921875 0.3403765453125 0.9626246343749999 0.32627778749999997 0.935352284375 0.31861697499999997 0.9112856546874999 0.325059853125 0.8704104921875 0.3364478375 0.82353831875 0.3468585734375 0.7742225609375 0.351867478125 0.7257141640625 0.3323471703125 0.686940809375 0.3396101234375 0.7239148390625 0.35117499531249996 0.8020665140625001 0.36605468124999996 0.903791803125 0.357613228125 0.9515439921875 0.3403765453125
3 0.709375 0.15625 0.0859375 0.103125
3 0.3390625 0.2453125 0.071875 0.0859375
3 0.32890625 0.3578125 0.08125 0.078125
3 0.23359375 0.46484375 0.0984375 0.084375
3 0.0234375 0.4921875 0.046875 0.1125
3 0.48515625 0.26015625 0.153125 0.1703125
3 0.33515625 0.67890625 0.203125 0.134375
3 0.15 0.50078125 0.1140625 0.121875
3 0.140625 0.37421875 0.1109375 0.1234375
3 0.2640625 0.32734375 0.096875 0.09375
3 0.7578125 0.28671875 0.0953125 0.1078125
3 0.89375 0.28984375 0.171875 0.1171875