4 0.604792921875 1 0.6268593046875 0.9895739046875001 0.681234615625 0.9752494125 0.83327461875 0.88133610625 0.8603679140624999 0.8338350437500001 0.8639059625 0.783583625 0.9370340703125001 0.699673996875 0.9674643906249999 0.65227139375 0.977477915625 0.6263612765625 0.9866093921875001 0.5868085078124999 0.9972161484375001 0.5146707609375001 0.9851529859375001 0.41848463437500005 0.9768133062500001 0.38766539375 0.956108515625 0.34055243125 0.9503198062499999 0.3190574859375 0.9306931671875001 0.287648296875 0.8871207140624999 0.2318961671875 0.837560165625 0.1875286359375 0.8041915968750001 0.1690736859375 0.782109984375 0.1512086828125 0.7443246015625 0.1344218328125 0.695841384375 0.11449324375 0.65609169375 0.11203580937499999 0.591903884375 0.101920540625 0.528795046875 0.0987738765625 0.4970929359375 0.1022060765625 0.48462772187500003 0.10671971093749999 0.4684332828125 0.1070126328125 0.43977280781249994 0.12055435781249998 0.421222678125 0.12231927812500001 0.4019849609375 0.1299730109375 0.369792184375 0.1326199796875 0.27880399843750003 0.186200215625 0.25082947187500004 0.2113234609375 0.23973697343749997 0.23026497343750002 0.15728374843749998 0.32546074062499997 0.1325469609375 0.3627546390625 0.104668434375 0.4107463671875 0.07894703125 0.4814104765625 0.06471033125 0.5372553250000001 0.057441417187499996 0.6007563671875 0.0618533078125 0.6514992734375 0.0516428578125 0.684083434375 0.080787434375 0.7412082796874999 0.1098319046875 0.8191404828125 0.15526774062499998 0.8901057203124999 0.21474006874999998 0.946840825 0.2401586984375 0.9648042890624999 0.27019106875 0.9744256109375 0.32680589531250004 1 0.604792921875 1
1 0.7703125 0.6921875 0.159375 0.1609375
1 0.7421875 0.2375 0.153125 0.1390625
1 0.55546875 0.28203125 0.103125 0.109375
1 0.32421875 0.5109375 0.1171875 0.11875
1 0.35546875 0.428125 0.0921875 0.0890625
1 0.771875 0.59140625 0.0984375 0.1
1 0.603125 0.8359375 0.1015625 0.11875
1 0.57578125 0.190625 0.09375 0.0984375
1 0.765625 0.3453125 0.11875 0.1296875
1 0.18046875 0.56875 0.0796875 0.084375
1 0.58515625 0.45078125 0.078125 0.0734375