4 0.5153605203125 1 0.6238268890625001 0.9910764703125 0.669532225 0.9610528109375001 0.695498315625 0.9178847093750001 0.7987501109374999 0.87632015 0.8473840546875 0.8478991984375 0.86806911875 0.8293591593749999 0.8941619046874999 0.7982629890624999 0.9363624453125 0.7388031515625 0.969281678125 0.6476241234375 0.9758426109375 0.61637784375 0.9787833453125 0.5650001078125 0.9833840671875 0.543219953125 0.9801560765625 0.506323853125 0.966643675 0.4368668609375 0.9426273406250001 0.374835084375 0.9212741 0.343242590625 0.9097097812499999 0.3172999140625 0.883663828125 0.28518851562499997 0.84951235625 0.24542109218750002 0.815210775 0.225185521875 0.7626112546875 0.1870320953125 0.7078094234375001 0.155577584375 0.6780044484375 0.1442432390625 0.664848715625 0.142605828125 0.6502863796875 0.135514703125 0.6186018953125 0.134568884375 0.6012723515625 0.1277198578125 0.5806566984375 0.1258056421875 0.550771025 0.11354889374999999 0.445375040625 0.11998146093749999 0.409043840625 0.12966626875 0.390561084375 0.141507390625 0.27387675 0.188894459375 0.2349050359375 0.2108933 0.188277296875 0.24099765624999997 0.13327852499999998 0.292282565625 0.0952405015625 0.3355773640625 0.0599349828125 0.3888571875 0.040829207812500004 0.4360724046875 0.01693873125 0.4604696578125 0.016972601562500002 0.524599628125 0.007470934375 0.60722364375 0.015737015625 0.6910815718750001 0.042970049999999996 0.7686327921875 0.057462975000000006 0.7961781718750001 0.0798540234375 0.8183852421875001 0.1403742484375 0.8939536734375 0.23955467656249999 0.9652103125 0.265589340625 0.975945053125 0.296835621875 0.9825059859374999 0.3590860828125 0.9928606437499999 0.39077056718750003 0.9938064625 0.41931679375 1 0.5153605203125 1
1 0.65390625 0.79375 0.121875 0.128125
1 0.83515625 0.37578125 0.1359375 0.09375
1 0.6484375 0.33125 0.0734375 0.09375
1 0.33828125 0.43046875 0.0921875 0.09375
1 0.40390625 0.3703125 0.075 0.0671875
1 0.70078125 0.70546875 0.075 0.08125
1 0.4390625 0.8453125 0.0625 0.1109375
1 0.7078125 0.259375 0.06875 0.0828125
1 0.80703125 0.4828125 0.08125 0.1125
1 0.18359375 0.41640625 0.0578125 0.071875
1 0.5984375 0.49453125 0.0671875 0.053125