4 0.3018518515625 0.1703703703125 0.2611111109375 0.1888888890625 0.21203703749999997 0.2148148140625 0.15277777812499999 0.2611111109375 0.1111111109375 0.3009259265625 0.071296296875 0.3509259265625 0.048148148437499996 0.396296296875 0.022222221875 0.41851851875 0.0166666671875 0.4824074078125 0 0.5638888890625 0.0009259265625 0.6481481484375 0.021296296875000002 0.727777778125 0.0333333328125 0.75648148125 0.053703703125 0.7805555562500001 0.1074074078125 0.8611111109375 0.2 0.940740740625 0.225 0.953703703125 0.25555555625 0.9629629625 0.3166666671875 0.978703703125 0.3481481484375 0.9824074078124999 0.4018518515625 0.9990740734375001 0.58055555625 1 0.628703703125 0.9740740734375001 0.6583333328125 0.9333333328125001 0.7648148140625 0.9009259265624999 0.815740740625 0.8768518515625001 0.8379629625 0.8601851859374999 0.8666666671875 0.83148148125 0.9138888890624999 0.7759259265625 0.9546296296874999 0.6879629625 0.9638888890624999 0.6574074078125001 0.9712962968750001 0.60648148125 0.977777778125 0.5851851859375 0.977777778125 0.5481481484375 0.9703703703125001 0.477777778125 0.9518518515625001 0.4138888890625 0.9333333328125001 0.38055555625 0.9240740734375 0.353703703125 0.9009259265624999 0.31944444375000003 0.8703703703125001 0.2768518515625 0.8379629625 0.253703703125 0.7888888890625 0.21111111093749999 0.7370370375 0.175 0.7083333328125 0.1611111109375 0.6953703703125 0.1583333328125 0.68148148125 0.15 0.65 0.146296296875 0.6333333328124999 0.1379629625 0.6129629624999999 0.134259259375 0.584259259375 0.11944444375 0.478703703125 0.1166666671875 0.44166666718750003 0.1231481484375 0.42222222187499997 0.13333333281249998 0.3018518515625 0.1703703703125
1 0.62734375 0.80625 0.1125 0.11953125
1 0.84453125 0.40546875 0.1296875 0.08203125
1 0.6625 0.34453125 0.065625 0.08828125
1 0.3453125 0.41640625 0.084375 0.08671875
1 0.415625 0.3625 0.0703125 0.0609375
1 0.68203125 0.721875 0.06796875 0.07578125
1 0.409375 0.8390625 0.053125 0.10625
1 0.728125 0.278125 0.06171875 0.07734375
1 0.80703125 0.509375 0.07265625 0.10703125
1 0.1921875 0.3890625 0.0515625 0.0671875
1 0.5984375 0.503125 0.0625 0.04765625