4 0.48182515156249994 0.055664839062500006 0.43564191250000006 0.065688609375 0.4167065109375 0.0756089 0.3762102890625 0.0752278 0.3462775 0.0974295328125 0.2705381203125 0.1211267390625 0.189913425 0.17577206875 0.1256471109375 0.237875284375 0.09394123125 0.2820144890625 0.072801009375 0.3327525734375 0.047209425 0.3795745015625 0.038352873437500004 0.4253260140625 0.0323971375 0.4395391078125 0.0294963234375 0.471077521875 0.030399278125 0.5348525765625001 0.0398327609375 0.58302031875 0.052700040625 0.624001121875 0.0678205421875 0.66176399375 0.090826203125 0.6962560765625 0.13313501249999998 0.77623540625 0.1760385609375 0.8222623125 0.2536433796875 0.8837952765624999 0.3156981953125 0.9104617312500001 0.397439484375 0.92613525 0.41653344531250003 0.9331107781249999 0.4789671359375 0.9352649718749999 0.5102919140625 0.9316219875 0.569401965625 0.92025908125 0.6538304328125 0.8978503859375 0.715356715625 0.8681974453124999 0.8225883375 0.7938172375 0.8495719093749999 0.765554059375 0.87902456875 0.7246327890625001 0.9100873078125 0.676846146875 0.9202279156250001 0.65437346875 0.9529074124999999 0.5517695796875 0.9633784953125 0.46718477968750005 0.9615614546875 0.41955447343749996 0.9648895468750001 0.401103653125 0.9578700703124999 0.3506298359375 0.9504188656249999 0.31903634062499997 0.9246269984375 0.2634107125 0.9025331968750001 0.22875784375000002 0.8478856390624999 0.16411710625 0.787711846875 0.1107931015625 0.7595543765625 0.0950734078125 0.7507067281250001 0.0768890796875 0.7384781375 0.07152363125 0.709245796875 0.0710368234375 0.66091949375 0.0635744875 0.6213373578125 0.047048640625 0.589316584375 0.0414122484375 0.48182515156249994 0.055664839062500006
0 0.28046875 0.23359375 0.06875 0.065625
0 0.45390625 0.1734375 0.0875 0.0765625
0 0.790625 0.1921875 0.0640625 0.0609375
0 0.771875 0.2671875 0.0671875 0.075
0 0.7453125 0.44765625 0.0609375 0.0703125
0 0.8453125 0.5078125 0.0921875 0.0921875
0 0.65859375 0.58515625 0.071875 0.071875
0 0.696875 0.72421875 0.078125 0.0734375
0 0.40859375 0.81015625 0.0640625 0.0671875
0 0.19609375 0.6375 0.1015625 0.09375
0 0.20390625 0.45234375 0.0734375 0.08125
0 0.13125 0.434375 0.0828125 0.0953125
0 0.25859375 0.38359375 0.0640625 0.0796875
0 0.35 0.37421875 0.06875 0.075
0 0.46484375 0.5125 0.078125 0.078125
0 0.5359375 0.48359375 0.084375 0.0890625
0 0.33125 0.58828125 0.0796875 0.084375
0 0.42890625 0.66875 0.078125 0.0671875
0 0.56015625 0.60234375 0.0828125 0.0765625
0 0.63359375 0.6453125 0.0796875 0.0703125
0 0.6953125 0.51015625 0.078125 0.075
0 0.51640625 0.35390625 0.0609375 0.059375
0 0.4484375 0.41328125 0.05 0.0515625
0 0.57578125 0.09140625 0.0640625 0.0625
0 0.4453125 0.1046875 0.065625 0.059375
2 0.275 0.7375 0.1828125 0.175
2 0.13984375 0.534375 0.1515625 0.140625
2 0.2109375 0.33515625 0.1671875 0.15625
2 0.3453125 0.171875 0.1484375 0.1390625
2 0.59765625 0.19140625 0.1875 0.1671875
2 0.821875 0.36328125 0.19375 0.1765625
2 0.74453125 0.6078125 0.1890625 0.1875
2 0.5578125 0.74609375 0.190625 0.1953125