4 0.049797978124999996 0 0 0.47379610781250003 0 0.9502020218749999 0.473796109375 1 0.9502020218749999 1 1 0.526203884375 1 0.1379214609375 0.965428909375 0.1199016828125 0.9403418640625001 0.11056154062500001 0.922010509375 0.098952165625 0.8712252812499999 0.07722836093749999 0.8477559453125 0.0613548578125 0.8304145843749999 0.058042565625 0.7345932453125 0.021902603125 0.5262038921875 0 0.049797978124999996 0
2 0.37890625 0.5765625 0.271875 0.2015625
2 0.12890625 0.675 0.2578125 0.215625
2 0.29609375 0.83359375 0.2578125 0.2234375
2 0.7234375 0.86015625 0.315625 0.2609375
2 0.90625 0.6734375 0.1875 0.359375
2 0.89140625 0.30390625 0.1953125 0.1265625
2 0.54375 0.35625 0.228125 0.159375
2 0.365625 0.334375 0.128125 0.11875
2 0.28359375 0.2984375 0.20625 0.140625
2 0.08125 0.3625 0.1546875 0.165625
2 0.07578125 0.20390625 0.1046875 0.1125
2 0.16171875 0.08671875 0.1609375 0.075
2 0.33984375 0.07421875 0.1609375 0.096875
2 0.55390625 0.08359375 0.146875 0.0671875
2 0.57421875 0.17421875 0.1828125 0.11875
2 0.753125 0.16875 0.1421875 0.084375
2 0.915625 0.18125 0.16875 0.096875
0 0.40546875 0.23203125 0.09375 0.1046875
0 0.4671875 0.0859375 0.0890625 0.0796875
0 0.58671875 0.95390625 0.1953125 0.0921875