4 0.26574074062499997 0.0981481484375 0.21944444375 0.11388888906250001 0.190740740625 0.11944444375 0.17962962968750001 0.1268518515625 0.1740740734375 0.146296296875 0.1490740734375 0.1666666671875 0.0990740734375 0.2296296296875 0.05648148125 0.302777778125 0.040740740625 0.340740740625 0.025 0.4 0.0231481484375 0.43240740781250003 0.025 0.48333333281249996 0.03148148125 0.5009259265625 0.0379629625 0.5481481484375 0.0629629625 0.6296296296875 0.1129629625 0.725 0.1268518515625 0.7453703703125 0.165740740625 0.7870370375 0.2018518515625 0.8222222218749999 0.23333333281250002 0.8453703703125001 0.3518518515625 0.9 0.4175925921875 0.91851851875 0.5046296296875 0.9259259265625 0.5648148140625 0.9268518515625 0.5962962968750001 0.925 0.6574074078125001 0.9120370375 0.675 0.9018518515625 0.752777778125 0.872222221875 0.809259259375 0.8351851859374999 0.875 0.7611111109375 0.909259259375 0.7083333328125 0.9370370375 0.622222221875 0.953703703125 0.584259259375 0.9620370375 0.54444444375 0.9675925921875 0.5018518515625 0.9685185187500001 0.45277777812500003 0.9583333328125001 0.3898148140625 0.95 0.35925925937500003 0.9416666671874999 0.34629629687499996 0.925 0.302777778125 0.8916666671875 0.2611111109375 0.8620370375 0.2148148140625 0.8231481484375 0.1768518515625 0.7490740734375 0.1268518515625 0.6601851859375001 0.0870370375 0.58148148125 0.07685185156249999 0.5481481484375 0.060185185937499996 0.5083333328124999 0.0675925921875 0.4879629625 0.061111110937500004 0.440740740625 0.059259259375 0.3324074078125 0.0638888890625 0.3018518515625 0.075 0.26574074062499997 0.0981481484375
0 0.66953125 0.19921875 0.059375 0.05625
0 0.4890625 0.1703125 0.07734375 0.06484375
0 0.16015625 0.24765625 0.05625 0.05234375
0 0.1921875 0.31796875 0.05625 0.065625
0 0.24921875 0.49140625 0.0515625 0.06171875
0 0.16171875 0.56796875 0.07890625 0.08046875
0 0.35859375 0.61171875 0.0625 0.0625
0 0.3453125 0.7546875 0.06796875 0.0625
0 0.64375 0.78984375 0.0546875 0.05859375
0 0.8234375 0.5828125 0.08984375 0.07890625
0 0.78359375 0.4015625 0.06171875 0.071875
0 0.8515625 0.37109375 0.06875 0.084375
0 0.71796875 0.34375 0.05234375 0.07109375
0 0.62578125 0.35 0.0578125 0.065625
0 0.53671875 0.50625 0.06796875 0.06796875
0 0.46171875 0.48984375 0.07265625 0.07734375
0 0.68125 0.5578125 0.06796875 0.07421875
0 0.59921875 0.65390625 0.06875 0.05625
0 0.45859375 0.6109375 0.07265625 0.06484375
0 0.39375 0.66640625 0.0703125 0.059375
0 0.309375 0.54375 0.0671875 0.06484375
0 0.45859375 0.35859375 0.05234375 0.05078125
0 0.5359375 0.40546875 0.04296875 0.0453125
0 0.3546875 0.1109375 0.05625 0.053125
0 0.48515625 0.1015625 0.05859375 0.04921875
2 0.7625 0.69453125 0.15859375 0.15
2 0.8609375 0.47109375 0.13359375 0.11953125
2 0.75625 0.2875 0.14609375 0.1328125
2 0.5953125 0.15 0.13046875 0.11796875
2 0.35 0.21328125 0.165625 0.13984375
2 0.159375 0.42109375 0.17109375 0.1484375
2 0.278125 0.6484375 0.16328125 0.16171875
2 0.4859375 0.75234375 0.16328125 0.16875