4 0.08827883125 0.233636525 0.080000553125 0.24411491093749998 0.08072556875 0.2643244390625 0.063243946875 0.2914232375 0.0351477453125 0.366755421875 0.0172438046875 0.44948527968749996 0.0140046703125 0.490454359375 0.0173464546875 0.5516774203125 0.025599679687499998 0.58307095 0.043097871875 0.6309321296875 0.0546985375 0.6456607921875 0.0754552609375 0.68856890625 0.12441083593749999 0.758336975 0.2014347265625 0.8335887375000001 0.2209386359375 0.848670209375 0.27079987656250004 0.8762802359374999 0.316016403125 0.8985843890625 0.3531102421875 0.9108712734375001 0.4827095359375 0.9262029015625 0.5509552328125 0.9235000546875 0.6360213890625 0.9036489937500001 0.693547028125 0.8859313562500001 0.72291544375 0.8744418265625 0.7770297875 0.8432289453124999 0.7906139421875 0.8281058484375 0.8554289453124999 0.775891740625 0.897700953125 0.7232136890625 0.9373339640625 0.63245005 0.9536072265625 0.5716687078125 0.9534156656249999 0.48118836875 0.9575354062500001 0.43993316250000003 0.9531574234375 0.39949188125 0.9452792359375 0.3572671578125 0.9309951218749999 0.3103088140625 0.9018518078125 0.253574871875 0.8844841515624999 0.22708995468749998 0.8725529062499999 0.2173365859375 0.8432540015625 0.1810982984375 0.798676409375 0.151771509375 0.7561906140625 0.11689717343749999 0.7074738828125 0.092809578125 0.6215744015625 0.0681469 0.5247325921875 0.057748939062500004 0.44673352499999996 0.072383034375 0.4098813578125 0.066832659375 0.3743042328125 0.086180975 0.35292797187499997 0.0863115109375 0.30744471562500003 0.09914276562499999 0.205844228125 0.1370226453125 0.1802176890625 0.1570321265625 0.15302715312499998 0.19020627031249998 0.113860915625 0.219482946875 0.08827883125 0.233636525
0 0.56796875 0.16171875 0.0734375 0.071875
0 0.3875 0.18984375 0.09375 0.0859375
0 0.0984375 0.36484375 0.0703125 0.0671875
0 0.15078125 0.421875 0.0734375 0.0796875
0 0.25859375 0.56953125 0.06875 0.075
0 0.19921875 0.66953125 0.1 0.1015625
0 0.4 0.65 0.078125 0.078125
0 0.43125 0.78984375 0.084375 0.0796875
0 0.7265625 0.73125 0.0703125 0.071875
0 0.8328125 0.47890625 0.109375 0.103125
0 0.7390625 0.31875 0.08125 0.0875
0 0.79453125 0.26875 0.0921875 0.1015625
0 0.659375 0.284375 0.071875 0.084375
0 0.5734375 0.31875 0.075 0.0796875
0 0.53671875 0.49453125 0.0859375 0.0859375
0 0.46015625 0.50234375 0.09375 0.0953125
0 0.690625 0.49921875 0.0875 0.0921875
0 0.6421875 0.615625 0.0828125 0.075
0 0.49453125 0.61796875 0.0890625 0.084375
0 0.45 0.69140625 0.0859375 0.078125
0 0.33203125 0.60078125 0.084375 0.0828125
0 0.4171875 0.378125 0.065625 0.0640625
0 0.5046875 0.39921875 0.0546875 0.05625
0 0.24140625 0.175 0.0703125 0.0671875
0 0.3625 0.12578125 0.0703125 0.065625
2 0.81015625 0.60390625 0.196875 0.1921875
2 0.834375 0.3609375 0.1640625 0.1546875
2 0.678125 0.21875 0.1796875 0.171875
2 0.4828125 0.1375 0.1609375 0.153125
2 0.26875 0.2734375 0.2 0.184375
2 0.1515625 0.53046875 0.2078125 0.19375
2 0.33515625 0.709375 0.2046875 0.2046875
2 0.56484375 0.74453125 0.2078125 0.2109375