4 0.3166666671875 0 0.2175925921875 0.0259259265625 0.2 0.0274074078125 0.175 0.040740740625 0.12222222187500001 0.0570370375 0.102777778125 0.0666666671875 0.07685185156249999 0.0733333328125 0.009259259374999999 0.1 0 0.1051851859375 0 1 1 1 1 0.045925926562500004 0.8879629625 0.0229629625 0.834259259375 0.016296296874999998 0.7296296296875 0.0096296296875 0.7203703703125 0.0074074078125 0.7120370375 0 0.3166666671875 0
2 0.6125 0.5890625 0.25546875 0.17578125
2 0.85859375 0.7140625 0.25703125 0.18984375
2 0.66796875 0.853125 0.23828125 0.2
2 0.23984375 0.83515625 0.29375 0.23125
2 0.07734375 0.63046875 0.1515625 0.34609375
2 0.13125 0.2640625 0.184375 0.10859375
2 0.471875 0.35234375 0.2140625 0.13828125
2 0.65078125 0.34921875 0.11796875 0.10625
2 0.7359375 0.321875 0.19453125 0.12109375
2 0.93046875 0.40703125 0.1390625 0.1515625
2 0.953125 0.25 0.09375 0.103125
2 0.8796875 0.12421875 0.15546875 0.059375
2 0.70390625 0.09296875 0.153125 0.08203125
2 0.48984375 0.08046875 0.1421875 0.053125
2 0.46015625 0.16796875 0.17265625 0.1015625
2 0.2828125 0.14375 0.13515625 0.07109375
2 0.11484375 0.1390625 0.17109375 0.07890625
0 0.621875 0.24375 0.08359375 0.09609375
0 0.57578125 0.09140625 0.08203125 0.07109375
0 0.36484375 0.9515625 0.1875 0.090625