4 0.4252745 0 0.178491609375 0.0754491015625 0.0913266078125 0.12920864375000002 0.074935871875 0.1357689671875 0.0549265421875 0.155828990625 0.009219478125 0.18684394531249998 0 0.1955460390625 0 0.5747254984375 0.13001946250000002 1 0.5747254984375 1 1 0.8699805375 1 0.4252745 0.8699805375 0 0.4252745 0
2 0.63359375 0.55234375 0.2953125 0.2421875
2 0.87734375 0.6 0.2453125 0.25625
2 0.7640625 0.78828125 0.2859375 0.2609375
2 0.34921875 0.871875 0.3484375 0.25625
2 0.13359375 0.7484375 0.246875 0.375
2 0.090625 0.38203125 0.18125 0.1578125
2 0.4296875 0.3671875 0.2453125 0.1953125
2 0.6 0.31171875 0.14375 0.1359375
2 0.6734375 0.2609375 0.221875 0.1734375
2 0.884375 0.28515625 0.1765625 0.1859375
2 0.86015625 0.128125 0.1203125 0.1265625
2 0.753125 0.03984375 0.165625 0.0796875
2 0.57578125 0.05625 0.1703125 0.1125
2 0.36796875 0.1015625 0.1515625 0.0921875
2 0.36484375 0.19375 0.1953125 0.146875
2 0.18828125 0.22265625 0.15 0.1078125
2 0.059375 0.2671875 0.11875 0.125
0 0.54140625 0.21953125 0.1078125 0.115625
0 0.453125 0.08671875 0.1 0.0921875
0 0.503125 0.95 0.20625 0.1