4 0.175734584375 0.32155722343750004 0.1640698390625 0.32948415937500003 0.1576563609375 0.340163375 0.148918471875 0.3777055828125 0.100439559375 0.4437243015625 0.0653921421875 0.5109052265625 0.0593064765625 0.528123515625 0.0596321875 0.56862021875 0.0407961859375 0.593033203125 0.035972784375 0.611892646875 0.0391784734375 0.623531853125 0.057052384375 0.6426956671874999 0.0719697015625 0.7048807109374999 0.07025193125 0.7203067109375 0.0752754484375 0.7315925703125 0.08557577499999999 0.7409094640625 0.0780511703125 0.7555776843750001 0.0788834671875 0.7695647453125 0.09191053593750001 0.7783516140625 0.12798616875 0.8232183125000001 0.1565392953125 0.8487956015625 0.20321962343750002 0.88028188125 0.2571968046875 0.905633515625 0.3297311546875 0.9245482328125 0.345838315625 0.9346229046874999 0.3616432046875 0.9334372578125001 0.38666283125 0.940836265625 0.3996643609375 0.9543443796875 0.4149136859375 0.9551532375 0.42902634375000004 0.96467234375 0.44409899375000006 0.9645722859375001 0.47038088437500003 0.973612446875 0.49709274218750005 0.9703067000000001 0.538928328125 0.9574584046875 0.5984887875 0.9241861328125 0.719527590625 0.8723608875 0.76906445625 0.8457532828125001 0.8542022046875 0.7839278843749999 0.9185094484375 0.74595990625 0.9238373359375001 0.73454845 0.9214405031249999 0.70765991875 0.9789106000000001 0.59084416875 0.9863351453125 0.561103296875 0.9898473046875 0.5160875609375 0.9776567296875 0.45337249062499996 0.9854346265625 0.42544944687499997 0.9804366484375 0.40944234531249996 0.9573370062500001 0.3828050046875 0.9460277078124999 0.35859213749999996 0.8985406203125 0.30839755 0.8573137765625001 0.275851221875 0.81750033125 0.250576203125 0.7541061984375 0.22045224531250002 0.6723315703125 0.19767411875000002 0.613303234375 0.199715503125 0.55667383125 0.1946877890625 0.48433959531250004 0.205918371875 0.3690586453125 0.23398625625 0.32664195625 0.2535502984375 0.2699849140625 0.2872014609375 0.22375589375 0.306563290625 0.175734584375 0.32155722343750004
2 0.64140625 0.67890625 0.1453125 0.134375
2 0.84609375 0.67265625 0.1515625 0.1296875
2 0.35 0.8078125 0.16875 0.13125
2 0.49609375 0.86640625 0.134375 0.159375
2 0.45859375 0.5765625 0.1234375 0.125
2 0.67421875 0.56171875 0.1296875 0.1171875
2 0.815625 0.56484375 0.13125 0.1140625
2 0.890625 0.43671875 0.1171875 0.1125
2 0.61171875 0.225 0.0984375 0.071875
2 0.39453125 0.259375 0.1125 0.0875
2 0.253125 0.5 0.1109375 0.1046875
2 0.2265625 0.62734375 0.109375 0.10625
2 0.12421875 0.70859375 0.1171875 0.128125
2 0.0875 0.60234375 0.1265625 0.0984375
2 0.128125 0.4765625 0.0984375 0.090625
2 0.2078125 0.35078125 0.078125 0.0578125
2 0.37265625 0.52734375 0.0671875 0.06875
2 0.63515625 0.43203125 0.0796875 0.06875
2 0.51328125 0.715625 0.103125 0.078125
2 0.35546875 0.67109375 0.109375 0.1046875
0 0.3703125 0.7265625 0.075 0.0734375
0 0.221875 0.7390625 0.05625 0.053125
0 0.1984375 0.6484375 0.06875 0.065625
0 0.1296875 0.57265625 0.0703125 0.0609375
0 0.171875 0.47578125 0.0625 0.071875
0 0.22578125 0.43359375 0.05 0.046875
0 0.21796875 0.40078125 0.0453125 0.0421875
0 0.246875 0.3984375 0.0390625 0.0359375
0 0.3703125 0.4796875 0.0453125 0.0421875
0 0.39375 0.5625 0.0640625 0.065625
0 0.3640625 0.61953125 0.0578125 0.053125
0 0.51953125 0.665625 0.065625 0.0609375
0 0.65703125 0.69609375 0.0640625 0.0578125
0 0.85625 0.64453125 0.0515625 0.0546875
0 0.9078125 0.50859375 0.0640625 0.0609375
0 0.7203125 0.51640625 0.053125 0.0484375
0 0.66171875 0.4765625 0.05625 0.059375
0 0.64375 0.5265625 0.040625 0.034375
0 0.52734375 0.50859375 0.0484375 0.0421875
0 0.590625 0.3859375 0.05625 0.05
0 0.6125 0.30234375 0.0515625 0.059375
0 0.5953125 0.26328125 0.0484375 0.0421875
0 0.45625 0.33359375 0.0421875 0.0390625
0 0.540625 0.32890625 0.0546875 0.0453125
0 0.5234375 0.415625 0.0484375 0.046875
3 0.32421875 0.43515625 0.1671875 0.0875
3 0.3296875 0.353125 0.0828125 0.128125
3 0.4578125 0.371875 0.1421875 0.128125
3 0.42109375 0.46328125 0.05 0.1171875
3 0.3796875 0.34296875 0.115625 0.0625
3 0.4171875 0.26328125 0.065625 0.0765625
3 0.6421875 0.35234375 0.0796875 0.0671875
3 0.6375 0.2671875 0.0515625 0.0890625