4 0.3529655859375 0.24483312499999998 0.286184378125 0.274810415625 0.24142925312500002 0.3098695953125 0.1908121078125 0.34030668125 0.134635990625 0.40394768125 0.09787588124999999 0.4637386765625 0.078251278125 0.506620046875 0.061401537500000006 0.55636944375 0.0489134484375 0.6243294875000001 0.052615943750000005 0.6507955921875 0.047750689062500004 0.6857165125 0.052277125 0.701863290625 0.07400819843749999 0.72104538125 0.097941396875 0.7802821265625 0.1254042671875 0.8161226421875 0.14782905625 0.8370217375 0.25964995156250004 0.903691209375 0.2722843421875 0.9275472406249999 0.2829678078125 0.9342159156250001 0.35757924375 0.9310343078125 0.46265429375 0.9365161093750001 0.5186909453124999 0.9318514125 0.6484286796875 0.9093932640625001 0.7165016609375 0.9048587875 0.75858561875 0.89284898125 0.78278850625 0.8810730937500001 0.79990673125 0.8591772328125 0.8126022125000001 0.8510519953125 0.81925360625 0.835382296875 0.8316022328124999 0.826398553125 0.8351491859375001 0.80798855625 0.8521026218750001 0.7881565593750001 0.8660034671875 0.7805429671875 0.8740250093749999 0.7633210484374999 0.924555740625 0.7079527921875 0.956017325 0.65729304375 0.9780180843749999 0.6054624984375 0.9880343625 0.56846043125 0.9938537765625 0.5111838546875 0.999993525 0.496719515625 0.9930736484375 0.484535678125 0.9787740984375001 0.476332065625 0.9823383343750001 0.46290830156249996 0.9804046921875 0.45070718125000003 0.970562446875 0.43870541249999995 0.9492047593749999 0.37842809375 0.953757721875 0.3526211375 0.9501070703125001 0.34111373437500003 0.9357902375 0.3279238875 0.9066967734375 0.3177082578125 0.884913853125 0.28356746875 0.87043223125 0.27244148749999997 0.8044496406249999 0.235187015625 0.72783543125 0.20622256718749998 0.7000602687499999 0.1794960171875 0.68886515625 0.1740327046875 0.674764959375 0.17373769375 0.62632461875 0.1873170015625 0.5770084921875 0.196256934375 0.5111641625 0.19889233125 0.46493519218749996 0.20558632812500002 0.3529655859375 0.24483312499999998
2 0.47890625 0.7265625 0.159375 0.1515625
2 0.30390625 0.83359375 0.1625 0.1484375
2 0.79375 0.6765625 0.1796875 0.153125
2 0.70234375 0.8046875 0.1546875 0.171875
2 0.5765625 0.54140625 0.1375 0.1375
2 0.3875 0.646875 0.1421875 0.1328125
2 0.2703125 0.7265625 0.1421875 0.13125
2 0.13828125 0.659375 0.128125 0.125
2 0.25703125 0.33046875 0.1046875 0.0859375
2 0.4578125 0.240625 0.1203125 0.103125
2 0.70703125 0.365625 0.121875 0.1171875
2 0.79921875 0.4578125 0.121875 0.11875
2 0.92890625 0.4703125 0.1328125 0.1390625
2 0.9015625 0.36171875 0.134375 0.115625
2 0.79921875 0.278125 0.1078125 0.1015625
2 0.6640625 0.215625 0.0828125 0.06875
2 0.621875 0.453125 0.075 0.0765625
2 0.35 0.51640625 0.0859375 0.078125
2 0.60625 0.68828125 0.109375 0.0921875
2 0.7140625 0.56484375 0.1203125 0.1171875
0 0.73203125 0.61953125 0.0828125 0.0828125
0 0.86328125 0.5484375 0.0625 0.0609375
0 0.83359375 0.46015625 0.0765625 0.0734375
0 0.85 0.359375 0.0765625 0.06875
0 0.76171875 0.30078125 0.071875 0.0765625
0 0.69375 0.2953125 0.0546875 0.0515625
0 0.68203125 0.26328125 0.05 0.0484375
0 0.65703125 0.27734375 0.0421875 0.040625
0 0.59765625 0.4125 0.05 0.046875
0 0.6234375 0.49453125 0.071875 0.071875
0 0.67890625 0.5265625 0.0640625 0.0609375
0 0.57421875 0.64921875 0.071875 0.06875
0 0.47578125 0.75 0.0703125 0.065625
0 0.28046875 0.815625 0.0578125 0.0609375
0 0.1625 0.72890625 0.0703125 0.0671875
0 0.32421875 0.63359375 0.0578125 0.0546875
0 0.3515625 0.56875 0.0625 0.065625
0 0.39375 0.6 0.04375 0.0390625
0 0.48203125 0.521875 0.0515625 0.0484375
0 0.36171875 0.45390625 0.0609375 0.05625
0 0.29765625 0.3953125 0.059375 0.0640625
0 0.290625 0.35390625 0.0515625 0.0484375
0 0.44609375 0.33671875 0.0453125 0.04375
0 0.37265625 0.37890625 0.059375 0.0515625
0 0.434375 0.4421875 0.053125 0.0515625
3 0.6125 0.35 0.16875 0.1140625
3 0.5625 0.284375 0.1 0.1328125
3 0.465625 0.36953125 0.1546875 0.1453125
3 0.54609375 0.4265625 0.0703125 0.115625
3 0.515625 0.30234375 0.1171875 0.08125
3 0.440625 0.25625 0.075 0.0828125
3 0.3 0.45390625 0.0859375 0.0765625
3 0.2578125 0.3796875 0.065625 0.090625