4 0.3148148140625 0.24722222187499998 0.26574074062499997 0.25740740781250004 0.21574074062499998 0.2629629625 0.20277777812500003 0.26851851875 0.19444444375 0.27777777812500004 0.178703703125 0.3129629625 0.11851851875 0.36851851875 0.071296296875 0.427777778125 0.0620370375 0.44351851875000003 0.0546296296875 0.48333333281249996 0.03148148125 0.503703703125 0.0231481484375 0.521296296875 0.0240740734375 0.5333333328125 0.0379629625 0.5555555562500001 0.040740740625 0.61944444375 0.0361111109375 0.634259259375 0.0388888890625 0.646296296875 0.047222221875 0.6574074078125001 0.037037037499999995 0.6703703703125 0.0351851859375 0.684259259375 0.046296296875 0.6953703703125 0.0731481484375 0.746296296875 0.09629629687499999 0.7768518515625 0.1361111109375 0.8166666671874999 0.184259259375 0.8518518515625001 0.2518518515625 0.884259259375 0.26574074062499997 0.897222221875 0.28148148125 0.8990740734375 0.3046296296875 0.9111111109375001 0.3148148140625 0.9268518515625 0.3296296296875 0.9305555562500001 0.3416666671875 0.9425925921875 0.35648148125 0.9453703703125 0.38055555625 0.959259259375 0.4074074078125 0.9611111109375001 0.4509259265625 0.95648148125 0.515740740625 0.9351851859375 0.64444444375 0.9074074078125 0.6981481484375001 0.890740740625 0.79351851875 0.8462962968750001 0.8638888890624999 0.821296296875 0.871296296875 0.8111111109375001 0.8740740734375001 0.784259259375 0.952777778125 0.6805555562500001 0.965740740625 0.652777778125 0.977777778125 0.609259259375 0.977777778125 0.5453703703125 0.990740740625 0.51944444375 0.9888888890624999 0.502777778125 0.9712962968750001 0.47222222187499996 0.9648148140625 0.44629629687500005 0.9277777781250001 0.3879629625 0.89351851875 0.3481481484375 0.859259259375 0.315740740625 0.8027777781250001 0.2740740734375 0.7268518515625 0.23611111093749998 0.66851851875 0.22685185156249998 0.6138888890625 0.21111111093749999 0.540740740625 0.20833333281250002 0.42222222187499997 0.2138888890625 0.3768518515625 0.225 0.3148148140625 0.24722222187499998
2 0.6046875 0.70234375 0.12578125 0.1125
2 0.80703125 0.7359375 0.1328125 0.10703125
2 0.29375 0.7734375 0.1515625 0.1046875
2 0.4265625 0.85859375 0.11015625 0.140625
2 0.44453125 0.5671875 0.1046875 0.10625
2 0.659375 0.59375 0.11328125 0.09765625
2 0.79765625 0.62421875 0.11484375 0.09453125
2 0.8953125 0.5125 0.10078125 0.09453125
2 0.66171875 0.2515625 0.08984375 0.05625
2 0.4421875 0.24375 0.10078125 0.0703125
2 0.2578125 0.453125 0.0953125 0.0875
2 0.20703125 0.57265625 0.09453125 0.08984375
2 0.09140625 0.6328125 0.0984375 0.1109375
2 0.07578125 0.521875 0.1140625 0.078125
2 0.1390625 0.40625 0.08515625 0.075
2 0.24140625 0.29765625 0.0703125 0.0453125
2 0.36953125 0.50234375 0.0578125 0.05859375
2 0.6453125 0.459375 0.0703125 0.05625
2 0.471875 0.7140625 0.09375 0.06171875
2 0.32578125 0.640625 0.09375 0.08828125
0 0.3296875 0.69765625 0.06484375 0.0625
0 0.18125 0.68125 0.04921875 0.0453125
0 0.17578125 0.58828125 0.059375 0.05546875
0 0.12265625 0.50078125 0.0625 0.04921875
0 0.1828125 0.41328125 0.0515625 0.0625
0 0.24375 0.3828125 0.04296875 0.0390625
0 0.2421875 0.3484375 0.03984375 0.0359375
0 0.27109375 0.35234375 0.03359375 0.0296875
0 0.3765625 0.45546875 0.0390625 0.03515625
0 0.38359375 0.54140625 0.0546875 0.05625
0 0.34375 0.59140625 0.05078125 0.04453125
0 0.4875 0.66640625 0.05625 0.0515625
0 0.61640625 0.72265625 0.05625 0.0484375
0 0.821875 0.71015625 0.04296875 0.04765625
0 0.8984375 0.5859375 0.0546875 0.05078125
0 0.71328125 0.5578125 0.04609375 0.03984375
0 0.66328125 0.5078125 0.04765625 0.05078125
0 0.6359375 0.553125 0.03515625 0.028125
0 0.525 0.51328125 0.0421875 0.03515625
0 0.6109375 0.40546875 0.04921875 0.04140625
0 0.6484375 0.32734375 0.04296875 0.05234375
0 0.6390625 0.2859375 0.0421875 0.03515625
0 0.4890625 0.328125 0.0359375 0.0328125
0 0.57265625 0.33984375 0.0484375 0.03671875
0 0.5390625 0.421875 0.04140625 0.0390625
3 0.33984375 0.403125 0.15859375 0.05859375
3 0.3609375 0.3234375 0.0609375 0.11796875
3 0.4828125 0.36640625 0.12421875 0.10703125
3 0.4296875 0.44921875 0.0296875 0.11328125
3 0.41171875 0.32265625 0.109375 0.04296875
3 0.4640625 0.2515625 0.053125 0.0671875
3 0.66796875 0.38203125 0.0703125 0.0546875
3 0.6796875 0.29765625 0.03671875 0.08359375