4 0.70189398125 0.29108279375 0.6893548265625 0.282978615625 0.676905259375 0.28341058124999996 0.6693312078125 0.27947261874999996 0.6261534703125 0.25170316718749997 0.601694875 0.22755383906249999 0.5721975593749999 0.22093330781249998 0.5191792000000001 0.19336756875 0.5131378765625 0.191924428125 0.49924516875 0.19839771875 0.4722672125 0.1830127875 0.3827395453125 0.18887375625 0.33813463125 0.19737678593750002 0.3068027125 0.20734749843750003 0.2690380078125 0.2264249890625 0.22149773125 0.2614740078125 0.1673860046875 0.311557003125 0.16234728125 0.3290858 0.149595840625 0.34860383281249996 0.1294004390625 0.3957195328125 0.1119440796875 0.4741426125 0.107263703125 0.5258159906250001 0.1150574328125 0.56982573125 0.13706171250000002 0.6185072734375 0.16893114843749998 0.6597534328125 0.25921601562499996 0.7451811140625 0.4622231734375 0.8720107703125001 0.5248538968750001 0.8967638453125 0.552451565625 0.90420780625 0.5976025734375 0.9094588171875 0.6719575984375 0.9029535953125001 0.7181197796875 0.8897137140625 0.7752724234375 0.8518520328125 0.7991689562500001 0.8320161625000001 0.8198859109375001 0.8058861734375 0.8368440734375 0.8044025265625001 0.8494323093749999 0.7980433625 0.8572186468749999 0.774359115625 0.8673366015624999 0.7623010078125 0.8626242906250001 0.7535120703125 0.8721716109375001 0.7349315921875 0.8604558843750001 0.7287270625 0.8654050218749999 0.7026621203125 0.8742184999999999 0.6907181390625 0.8728244390625 0.6822961203125 0.876648275 0.6734175953125 0.87275939375 0.6665283046875 0.874455328125 0.6558642578125 0.86843854375 0.647189446875 0.86965343125 0.6385391734375 0.8617370015624999 0.6306877890625 0.8651534109375 0.6021280250000001 0.8574738078124999 0.5594227593750001 0.8328200750000001 0.48796998125 0.7763374109375001 0.3982705328125 0.779019978125 0.3763472671875 0.773370115625 0.36435420625 0.762135434375 0.35613590156249997 0.7577900468750001 0.3440287125 0.7471505406250001 0.33510110625 0.713307834375 0.3163733890625 0.70587245 0.306508228125 0.70189398125 0.29108279375
0 0.48125 0.778125 0.071875 0.0734375
0 0.61171875 0.66953125 0.0671875 0.06875
0 0.56640625 0.5609375 0.0875 0.0875
0 0.73359375 0.559375 0.0703125 0.0734375
0 0.6734375 0.52109375 0.075 0.075
0 0.79140625 0.50078125 0.06875 0.06875
0 0.840625 0.5921875 0.0578125 0.0578125
0 0.7953125 0.696875 0.0578125 0.059375
0 0.68125 0.653125 0.059375 0.059375
0 0.63515625 0.75 0.0625 0.0640625
0 0.73828125 0.81875 0.05625 0.0578125
0 0.45078125 0.56328125 0.0625 0.0625
0 0.375 0.64765625 0.0578125 0.0609375
0 0.2046875 0.3875 0.0640625 0.0640625
0 0.33203125 0.42578125 0.0734375 0.0734375
0 0.32109375 0.28984375 0.0875 0.0859375
0 0.42421875 0.23671875 0.059375 0.0609375
0 0.56171875 0.3296875 0.0765625 0.078125
0 0.5984375 0.29765625 0.05 0.05
0 0.6703125 0.38203125 0.090625 0.090625
0 0.55 0.45 0.0734375 0.0734375
0 0.75078125 0.39921875 0.059375 0.059375
1 0.2734375 0.51328125 0.11875 0.11875
1 0.3953125 0.5859375 0.109375 0.10625
1 0.41171875 0.4859375 0.0921875 0.090625
1 0.49453125 0.35703125 0.109375 0.109375
1 0.26640625 0.35546875 0.0984375 0.0984375
1 0.75234375 0.4421875 0.0890625 0.0875
1 0.65703125 0.3390625 0.075 0.0765625
1 0.6578125 0.5703125 0.103125 0.103125
1 0.6828125 0.71953125 0.0828125 0.0875
1 0.8296875 0.66171875 0.1203125 0.1171875
3 0.26875 0.29375 0.075 0.0734375
3 0.38203125 0.6796875 0.109375 0.1171875
3 0.30078125 0.64140625 0.128125 0.13125
3 0.28125 0.5859375 0.1078125 0.1109375
3 0.3828125 0.52265625 0.115625 0.1140625
3 0.390625 0.4140625 0.0921875 0.0875
3 0.39375 0.36328125 0.0875 0.084375
3 0.34453125 0.31796875 0.096875 0.096875
3 0.5421875 0.34765625 0.09375 0.0875
3 0.6734375 0.45859375 0.103125 0.103125
3 0.60625 0.44453125 0.1015625 0.1015625
3 0.8296875 0.75234375 0.0953125 0.09375
3 0.68515625 0.82578125 0.1125 0.1046875
3 0.58671875 0.75390625 0.125 0.1203125
3 0.54375 0.23671875 0.0765625 0.075
3 0.4984375 0.2890625 0.06875 0.0671875
3 0.3578125 0.26640625 0.0671875 0.0625