4 0.4166666671875 0.2148148140625 0.40277777812500004 0.2148148140625 0.3916666671875 0.221296296875 0.377777778125 0.2203703703125 0.365740740625 0.2259259265625 0.353703703125 0.24444444375000002 0.252777778125 0.2768518515625 0.1879629625 0.315740740625 0.1546296296875 0.34351851875 0.13888888906250002 0.36759259218749996 0.127777778125 0.36851851875 0.1231481484375 0.3759259265625 0.1129629625 0.378703703125 0.1074074078125 0.3879629625 0.1 0.39074074062499997 0.097222221875 0.4 0.09074074062500001 0.40555555625000006 0.0898148140625 0.4203703703125 0.07685185156249999 0.44351851875000003 0.0638888890625 0.440740740625 0.059259259375 0.4611111109375 0.05 0.46481481406249997 0.05 0.48055555625 0.040740740625 0.503703703125 0.046296296875 0.5166666671875 0.058333332812500006 0.5287037031249999 0.0574074078125 0.5620370375 0.0629629625 0.5925925921874999 0.0824074078125 0.6583333328125 0.109259259375 0.6981481484375001 0.1620370375 0.7509259265625 0.2 0.7759259265625 0.2259259265625 0.7879629625 0.2898148140625 0.809259259375 0.5268518515625 0.8425925921875 0.6509259265625 0.8351851859374999 0.7018518515625 0.8240740734375 0.75 0.8009259265625 0.784259259375 0.772222221875 0.8138888890624999 0.7296296296875 0.8509259265625 0.6583333328125 0.865740740625 0.609259259375 0.86851851875 0.5861111109375 0.8759259265624999 0.5694444437499999 0.8666666671875 0.49629629687500004 0.852777778125 0.4388888890625 0.8361111109375001 0.4 0.81851851875 0.372222221875 0.7898148140625 0.33703703749999997 0.725 0.275 0.6944444437499999 0.26944444375 0.6879629625 0.25555555625 0.6824074078125 0.252777778125 0.6240740734375 0.2398148140625 0.597222221875 0.2259259265625 0.5629629625 0.22870370312500002 0.5120370375000001 0.222222221875 0.503703703125 0.2203703703125 0.49444444374999996 0.21203703749999997 0.4796296296875 0.2101851859375 0.46666666718750005 0.21944444375 0.4546296296875 0.222222221875 0.4166666671875 0.2148148140625
0 0.3359375 0.725 0.04609375 0.0578125
0 0.30546875 0.5578125 0.0453125 0.0515625
0 0.41015625 0.50390625 0.065625 0.05859375
0 0.2828125 0.3953125 0.04296875 0.059375
0 0.353125 0.4046875 0.05078125 0.05546875
0 0.27578125 0.31328125 0.04921875 0.0484375
0 0.1796875 0.3515625 0.03984375 0.04140625
0 0.146875 0.4609375 0.03515625 0.04765625
0 0.2625 0.50078125 0.0453125 0.0390625
0 0.2359375 0.6046875 0.03828125 0.05078125
0 0.1125 0.59140625 0.0359375 0.04453125
0 0.496875 0.58046875 0.04765625 0.04140625
0 0.50078125 0.69375 0.03125 0.053125
0 0.7984375 0.60390625 0.04296875 0.04765625
0 0.6765625 0.55078125 0.05078125 0.053125
0 0.771875 0.45390625 0.06484375 0.0578125
0 0.72734375 0.346875 0.0328125 0.05234375
0 0.5625 0.3296875 0.05078125 0.05859375
0 0.5546875 0.28203125 0.0328125 0.03828125
0 0.4453125 0.3 0.0640625 0.06484375
0 0.49375 0.4296875 0.04765625 0.05625
0 0.37265625 0.26171875 0.0421875 0.0421875
1 0.66484375 0.65546875 0.08359375 0.084375
1 0.525 0.6328125 0.08671875 0.065625
1 0.5765625 0.54609375 0.07265625 0.0578125
1 0.59609375 0.39375 0.07734375 0.078125
1 0.771875 0.53984375 0.06875 0.07109375
1 0.34375 0.29375 0.07265625 0.05234375
1 0.4828125 0.27578125 0.05234375 0.05546875
1 0.33359375 0.45234375 0.07578125 0.07109375
1 0.21875 0.55078125 0.0453125 0.07578125
1 0.14375 0.41171875 0.1015625 0.0671875
3 0.81015625 0.490625 0.05859375 0.04765625
3 0.475 0.71328125 0.05078125 0.11015625
3 0.56171875 0.7359375 0.08046875 0.103125
3 0.6125 0.70625 0.06484375 0.08984375
3 0.575 0.59296875 0.090625 0.07265625
3 0.6390625 0.5046875 0.08203125 0.04609375
3 0.66953125 0.46328125 0.07265625 0.04921875
3 0.7359375 0.46015625 0.0703125 0.0671875
3 0.565625 0.35625 0.09140625 0.03671875
3 0.39375 0.35703125 0.07578125 0.0703125
3 0.45390625 0.3890625 0.07265625 0.07109375
3 0.08515625 0.48125 0.07265625 0.0609375
3 0.14921875 0.63046875 0.10703125 0.04765625
3 0.2703125 0.6390625 0.10625 0.0671875
3 0.6359375 0.2703125 0.05859375 0.0484375
3 0.63671875 0.33984375 0.0515625 0.04453125
3 0.75859375 0.4125 0.0625 0.02890625