4 0.4055113546875 0.22526471875 0.3925978234375 0.23275796718750003 0.387330721875 0.2440467203125 0.3803834234375 0.24900745156249998 0.3360383796875 0.27487203125000004 0.30341720156249996 0.285701234375 0.2841267625 0.30897787656250003 0.235495678125 0.343702996875 0.23146712812499998 0.3484306828125 0.2309277125 0.3637479890625 0.20497190468749998 0.3808009125 0.16954935468750001 0.463231471875 0.1568754015625 0.5068350359375 0.151534978125 0.5392785890625 0.1513883296875 0.5815881843749999 0.16103440156249998 0.6398588046875 0.181092465625 0.710809909375 0.19442320625 0.7232573515625 0.20602486718750002 0.7434799703125 0.23883674375 0.782864284375 0.3007871984375 0.8340213484375001 0.34470366874999997 0.8616508171874999 0.3874549140625 0.8746865578125 0.44082021875 0.8771815593750001 0.49203923749999995 0.8675110484375 0.60914433125 0.8258499984375 0.814313703125 0.7025487546875 0.8648026078125 0.6579820328125 0.8839643046875001 0.636771815625 0.9091411171875 0.5989258828125 0.9371013984375001 0.5297217625 0.9462617703125 0.4825801765625 0.938473521875 0.41446795625000005 0.93164843125 0.38417069062500003 0.917771740625 0.3538489828125 0.9241486468750001 0.3380655875 0.9241975296874999 0.3239623875 0.906629634375 0.3062722875 0.9004792359374999 0.2917828578125 0.890508890625 0.2919914625 0.87828795625 0.27504937812499997 0.8674408515625001 0.28267136875 0.8464636796875 0.26642841875 0.8398227500000001 0.2531530984375 0.8316857875 0.2505716984375 0.8255109484375 0.24313387031249997 0.8176070281250001 0.24347121718750003 0.8088752328125001 0.2371187515625 0.79841435625 0.2385414640625 0.7912584546875 0.23353185 0.780668834375 0.2370209859375 0.756772915625 0.22101108281249998 0.7152357796875 0.2084658734375 0.6403783265625 0.19799362812500002 0.534812940625 0.207597353125 0.516497028125 0.1952542125 0.5032461484375 0.1948435421875 0.49082314687500006 0.20112268281249998 0.47806279687500003 0.199497903125 0.46527800781249995 0.204924725 0.433227221875 0.226576590625 0.42106170625 0.228722878125 0.4055113546875 0.22526471875
0 0.7390625 0.64296875 0.065625 0.071875
0 0.7015625 0.47734375 0.0625 0.065625
0 0.584375 0.46875 0.0828125 0.0796875
0 0.659375 0.31875 0.0625 0.071875
0 0.59765625 0.3546875 0.06875 0.0703125
0 0.63359375 0.240625 0.0640625 0.0640625
0 0.73671875 0.23828125 0.053125 0.053125
0 0.81015625 0.32578125 0.0515625 0.0578125
0 0.71875 0.4078125 0.05625 0.053125
0 0.78359375 0.49296875 0.0546875 0.0609375
0 0.8921875 0.4328125 0.05 0.0546875
0 0.534375 0.57265625 0.059375 0.05625
0 0.575 0.67890625 0.05 0.0609375
0 0.265625 0.7125 0.0578125 0.0609375
0 0.35703125 0.615625 0.0671875 0.06875
0 0.23203125 0.5640625 0.0828125 0.078125
0 0.23125 0.44765625 0.05 0.0609375
0 0.37578125 0.36796875 0.0703125 0.0734375
0 0.36484375 0.32109375 0.0453125 0.0484375
0 0.471875 0.29453125 0.084375 0.084375
0 0.478125 0.4328125 0.065625 0.0703125
0 0.52421875 0.23125 0.0546875 0.0546875
1 0.409375 0.7078125 0.109375 0.1109375
1 0.52890625 0.63203125 0.1046875 0.09375
1 0.44765625 0.57265625 0.0890625 0.08125
1 0.3703125 0.43984375 0.1015625 0.1015625
1 0.265625 0.64296875 0.090625 0.0921875
1 0.56328125 0.24921875 0.0875 0.0765625
1 0.428125 0.28671875 0.0703125 0.071875
1 0.634375 0.39140625 0.096875 0.0953125
1 0.77890625 0.43671875 0.071875 0.0875
1 0.79375 0.2796875 0.1203125 0.1015625
3 0.2109375 0.6125 0.071875 0.0671875
3 0.60625 0.68671875 0.0890625 0.121875
3 0.53515625 0.74140625 0.1140625 0.1265625
3 0.47734375 0.73359375 0.0953125 0.1078125
3 0.4671875 0.61484375 0.1125 0.1015625
3 0.3734375 0.55859375 0.09375 0.075
3 0.3296875 0.5328125 0.0859375 0.0734375
3 0.2671875 0.55546875 0.090625 0.0890625
3 0.38359375 0.39296875 0.0984375 0.06875
3 0.5421875 0.3265625 0.096875 0.09375
3 0.49921875 0.3796875 0.0953125 0.09375
3 0.87421875 0.3203125 0.090625 0.084375
3 0.87421875 0.4828125 0.1171875 0.0859375
3 0.765625 0.53828125 0.1234375 0.103125
3 0.28515625 0.34140625 0.0734375 0.0671875
3 0.31171875 0.40625 0.065625 0.0609375
3 0.228125 0.5203125 0.06875 0.0515625