4 0.28549049531250004 0.1537558359375 0.21821405781249997 0.2082026 0.184943396875 0.2488787796875 0.167555975 0.279593446875 0.16560844531250002 0.3144429171875 0.1565562125 0.34700105468750003 0.14846076875 0.39941663125 0.15195315468749998 0.4817552078125 0.14759668125 0.5042432609375 0.1504534875 0.517835165625 0.17144187187499998 0.5582715968749999 0.1902995296875 0.5813681140625 0.22210215781249998 0.6840594984374999 0.23413332812499998 0.6998861875 0.265913359375 0.7259435671875 0.286449365625 0.7498227125 0.3113463640625 0.7665406046875 0.3317692734375 0.7862804265625 0.3964987578125 0.8205508640625 0.45193626093750006 0.8331203953124999 0.5179437421875 0.8383590328125001 0.6369187140625 0.8264093234375001 0.7021910765625 0.80474236875 0.75448451875 0.7780448890625 0.8232696625000001 0.71817176875 0.8407701781249999 0.6915964234375 0.8688881828125 0.62910624375 0.8746402671875 0.5970525125 0.90710570625 0.4814206796875 0.9001525687499999 0.42403112812500005 0.8661717046874999 0.33258377031249997 0.818825125 0.2522718640625 0.7969455375 0.22470125937500002 0.7671786203125001 0.1965176703125 0.7201803640625 0.1592773296875 0.61645756875 0.1078456578125 0.55889385625 0.09326301249999999 0.4792379234375 0.0888115203125 0.3946645609375 0.10147827031250001 0.34253624375 0.11905793281249999 0.28549049531250004 0.1537558359375
2 0.771875 0.52734375 0.1953125 0.196875
2 0.63125 0.7 0.203125 0.20625
2 0.47890625 0.55859375 0.196875 0.2
2 0.28359375 0.60078125 0.2328125 0.2296875
2 0.30703125 0.28359375 0.2078125 0.1953125
2 0.4671875 0.378125 0.190625 0.190625
2 0.59140625 0.2 0.1796875 0.1828125
2 0.65390625 0.3703125 0.171875 0.171875
1 0.3203125 0.43046875 0.1890625 0.1484375
1 0.5015625 0.19765625 0.1328125 0.1359375
1 0.759375 0.3796875 0.1140625 0.115625
1 0.80078125 0.46171875 0.1828125 0.15625
1 0.68671875 0.58515625 0.15625 0.13125
1 0.646875 0.4796875 0.1328125 0.13125
1 0.53125 0.71953125 0.1640625 0.1546875
1 0.33828125 0.5296875 0.215625 0.1640625
1 0.540625 0.48203125 0.1453125 0.103125
1 0.55625 0.3421875 0.1890625 0.1828125
1 0.425 0.28359375 0.1046875 0.10625