4 0.122940953125 0.345968109375 0.1005161765625 0.429560565625 0.097508503125 0.48202429062499996 0.1014954125 0.5170930484375 0.1204038328125 0.546431590625 0.1322176171875 0.578092446875 0.1564773671875 0.6252559203125 0.2077001671875 0.68981645625 0.217393853125 0.7105703437499999 0.227694178125 0.7198872374999999 0.2684420765625 0.740264334375 0.297274034375 0.7478655562500001 0.38336338125 0.812251515625 0.4023994984375 0.81798383125 0.44342622656249997 0.8203848609375 0.47407601406250005 0.8276327328124999 0.5040446390625 0.8265237031250001 0.5321698953125 0.8304892687500001 0.60468080625 0.8201676000000001 0.656918875 0.7977512171875001 0.7133992421875 0.763191140625 0.8026281531249999 0.6835918890625 0.8426990875 0.6276968218750001 0.8693129859375001 0.57536079375 0.8897687984375 0.4864915296875 0.8883064171875 0.45470507656250003 0.8743235546875001 0.3876221109375 0.8601363796875001 0.35830910781249997 0.8184347828125 0.2456782828125 0.7790768453125 0.2033361140625 0.6978343406249999 0.1493270984375 0.612324 0.1121830203125 0.578417446875 0.10273843125 0.53776960625 0.0974339859375 0.47785789687499997 0.09493079843749999 0.3637136125 0.11428843125000002 0.3085721265625 0.13632592500000001 0.24151260312499997 0.1795451734375 0.18053664375 0.239503765625 0.14869701562499998 0.2843662671875 0.122940953125 0.345968109375
2 0.7359375 0.3625 0.171875 0.1734375
2 0.7234375 0.584375 0.178125 0.1828125
2 0.5171875 0.56015625 0.1734375 0.1765625
2 0.384375 0.70859375 0.20625 0.2015625
2 0.21640625 0.43828125 0.1890625 0.1671875
2 0.4015625 0.4203125 0.16875 0.16875
2 0.39765625 0.203125 0.1578125 0.1625
2 0.54765625 0.3046875 0.1515625 0.1515625
1 0.3140625 0.54921875 0.18125 0.115625
1 0.3234375 0.25390625 0.1171875 0.1203125
1 0.6390625 0.25 0.1 0.103125
1 0.7203125 0.2921875 0.1703125 0.128125
1 0.7015625 0.459375 0.1484375 0.10625
1 0.60625 0.39765625 0.1171875 0.115625
1 0.6546875 0.659375 0.146875 0.1328125
1 0.3859375 0.61953125 0.2109375 0.125
1 0.521875 0.46171875 0.14375 0.0765625
1 0.453125 0.3390625 0.16875 0.1578125
1 0.3125 0.36953125 0.0921875 0.0953125