4 0.23611111093749998 0.1833333328125 0.196296296875 0.221296296875 0.15925925937500002 0.2768518515625 0.12129629687500001 0.3546296296875 0.10833333281249999 0.40555555625000006 0.10555555624999999 0.440740740625 0.11851851875 0.4731481484375 0.12407407343750002 0.50648148125 0.13888888906250002 0.5574074078125 0.1768518515625 0.63055555625 0.1824074078125 0.652777778125 0.190740740625 0.6638888890625 0.22685185156249998 0.6916666671875 0.253703703125 0.7046296296875 0.32592592656249997 0.784259259375 0.34351851875 0.79351851875 0.38333333281250004 0.803703703125 0.41203703750000004 0.8166666671874999 0.44166666718750003 0.821296296875 0.46851851875 0.83055555625 0.5416666671875 0.834259259375 0.597222221875 0.8222222218749999 0.659259259375 0.7990740734374999 0.7620370375000001 0.7379629624999999 0.8120370375 0.690740740625 0.8481481484375 0.64444444375 0.8851851859375 0.5611111109375 0.8898148140625001 0.5296296296875 0.8888888890625 0.4611111109375 0.88055555625 0.4296296296875 0.8611111109375 0.3111111109375 0.83055555625 0.26203703749999996 0.7611111109375 0.19351851874999998 0.684259259375 0.140740740625 0.652777778125 0.125 0.6138888890625 0.1120370375 0.5555555562500001 0.0981481484375 0.43981481406249995 0.0953703703125 0.38148148125 0.10648148125000001 0.30740740781250003 0.1361111109375 0.23611111093749998 0.1833333328125
2 0.7578125 0.41015625 0.146875 0.1484375
2 0.703125 0.62578125 0.1515625 0.15625
2 0.50546875 0.5625 0.146875 0.1515625
2 0.346875 0.6828125 0.17734375 0.17109375
2 0.23359375 0.38515625 0.16484375 0.1390625
2 0.41875 0.403125 0.14375 0.14375
2 0.45625 0.1890625 0.1328125 0.13984375
2 0.584375 0.3171875 0.1296875 0.1296875
1 0.3078125 0.5125 0.16875 0.084375
1 0.3734375 0.225 0.0984375 0.10390625
1 0.684375 0.28125 0.08515625 0.08828125
1 0.75625 0.33828125 0.1546875 0.10078125
1 0.70546875 0.4984375 0.13515625 0.08125
1 0.62421875 0.41953125 0.10078125 0.09765625
1 0.62109375 0.6859375 0.12890625 0.11015625
1 0.365625 0.5953125 0.196875 0.08984375
1 0.52890625 0.46640625 0.1359375 0.05078125
1 0.484375 0.3328125 0.14609375 0.1328125
1 0.340625 0.3359375 0.078125 0.08125