4 1 0.5362526671875 0.9968889609374999 0.5299790734375 0.9649610078125 0.48127632656249997 0.910699859375 0.4193207859375 0.8916531781250001 0.40285136093749996 0.8402465328125001 0.3482546234375 0.76104910625 0.2884963 0.6222403562500001 0.2012076 0.5934061359375 0.1926255 0.55780726875 0.17585831406250002 0.4609056296875 0.1440033875 0.3928980203125 0.128921021875 0.310077290625 0.11924175625 0.26398306250000003 0.118034584375 0.1474697546875 0.1318134078125 0 0.34832990625 0 0.6249163234374999 0.0421125234375 0.673819290625 0.1018434578125 0.717730590625 0.13769374375 0.7573065875 0.1995713609375 0.816249378125 0.2155353359375 0.8406007531249999 0.2816952953125 0.8816039312499999 0.3622485578125 0.9178264125 0.400629928125 0.9437149734375 0.4339259109375 0.9589288453125 0.49628431875 0.9674840671875 0.5827271796875 0.9850399078125 0.60723145 0.993418125 0.66087014375 0.9933751203125001 0.7429476375 0.9826305484375 0.75942781875 0.98469088125 0.769262971875 0.9949470515625001 1 0.652865340625 1 0.5362526671875
3 0.77890625 0.7796875 0.159375 0.1453125
3 0.64765625 0.7421875 0.1296875 0.134375
3 0.4640625 0.76796875 0.1296875 0.140625
3 0.4796875 0.59921875 0.128125 0.1125
3 0.5078125 0.5609375 0.1375 0.13125
3 0.79375 0.69296875 0.1609375 0.14375
3 0.64453125 0.6078125 0.1203125 0.1109375
3 0.6796875 0.6671875 0.0890625 0.0828125
3 0.71796875 0.4734375 0.15 0.121875
3 0.690625 0.53046875 0.14375 0.1296875
3 0.9078125 0.5984375 0.171875 0.1421875
3 0.87578125 0.65859375 0.1921875 0.159375
3 0.89609375 0.46015625 0.0875 0.078125
3 0.56640625 0.2953125 0.0859375 0.0765625
3 0.39375 0.3078125 0.1140625 0.10625
3 0.265625 0.190625 0.15 0.134375
3 0.13046875 0.24765625 0.1125 0.10625
3 0.12109375 0.28515625 0.1171875 0.1015625
3 0.18671875 0.28671875 0.109375 0.0953125
3 0.27578125 0.26796875 0.1375 0.146875
3 0.071875 0.4515625 0.14375 0.178125
3 0.30546875 0.51015625 0.1859375 0.1875
3 0.334375 0.62421875 0.1265625 0.1234375
3 0.51796875 0.44609375 0.1921875 0.16875
3 0.69453125 0.384375 0.146875 0.1265625
3 0.46171875 0.33203125 0.0875 0.09375
3 0.415625 0.2046875 0.1140625 0.1203125
1 0.28359375 0.665625 0.096875 0.09375
1 0.20390625 0.5953125 0.1421875 0.1359375
1 0.05703125 0.38125 0.1140625 0.1125
1 0.16171875 0.446875 0.125 0.109375
1 0.32578125 0.55390625 0.125 0.115625
1 0.2609375 0.55234375 0.15 0.1390625
1 0.4453125 0.48359375 0.0796875 0.075
1 0.21875 0.209375 0.06875 0.0640625