4 0 0.759759759375 0.013888889062500001 0.7567567562499999 0.028703703125 0.7642642640624999 0.09074074062500001 0.81906906875 0.1351851859375 0.8490990984375 0.1601851859375 0.85585585625 0.2416666671875 0.8896396390625 0.29814814843750004 0.9174174171875 0.334259259375 0.9234234234375001 0.38055555625 0.9234234234375001 0.4675925921875 0.9384384390625 0.5453703703125 0.9414414421874999 0.5722222218749999 0.9301801796875001 0.6564814812499999 0.9159159156250001 0.7083333328125 0.903153153125 0.7824074078125001 0.90015015 0.8759259265624999 0.874624625 0.9379629625 0.8490990984375 0.9731481484375 0.8273273265625001 1 0.8018018015624999 0.9981481484374999 0.3918918921875 0.909259259375 0.31531531562500004 0.8703703703125001 0.290540540625 0.796296296875 0.2522522515625 0.73148148125 0.2267267265625 0.6333333328124999 0.1989489484375 0.5944444437499999 0.19294294218750002 0.565740740625 0.183933934375 0.4018518515625 0.178678678125 0.302777778125 0.183933934375 0.2296296296875 0.20045045 0.2046296296875 0.203453453125 0.125 0.224474475 0.071296296875 0.246996996875 0 0.2875375375 0 0.759759759375
3 0.1125 0.57578125 0.134375 0.08515625
3 0.2421875 0.61796875 0.08671875 0.10390625
3 0.3796875 0.7421875 0.0765625 0.11796875
3 0.46171875 0.59375 0.115625 0.0578125
3 0.459375 0.54609375 0.10859375 0.08515625
3 0.1484375 0.4953125 0.13984375 0.0796875
3 0.31953125 0.50859375 0.09921875 0.0671875
3 0.2578125 0.53828125 0.07421875 0.05
3 0.334375 0.35625 0.1484375 0.046875
3 0.325 0.41875 0.125 0.071875
3 0.10703125 0.35390625 0.1703125 0.05625
3 0.1 0.42109375 0.18828125 0.06484375
3 0.19375 0.2453125 0.07734375 0.04140625
3 0.559375 0.29296875 0.0765625 0.04140625
3 0.6953125 0.4 0.09453125 0.0640625
3 0.8671875 0.37421875 0.13046875 0.075
3 0.94765625 0.49765625 0.09140625 0.06640625
3 0.934375 0.53359375 0.1078125 0.05
3 0.87890625 0.4984375 0.10078125 0.04609375
3 0.815625 0.4328125 0.08359375 0.12109375
3 0.89453125 0.7078125 0.11796875 0.1359375
3 0.65546875 0.6171875 0.1328125 0.1359375
3 0.56796875 0.69609375 0.096875 0.08359375
3 0.51484375 0.4453125 0.17265625 0.0875
3 0.403125 0.2953125 0.1375 0.06015625
3 0.62578125 0.38203125 0.05546875 0.075
3 0.73515625 0.30234375 0.075 0.09375
1 0.58671875 0.75859375 0.07421875 0.0625
1 0.6921875 0.74453125 0.11328125 0.08671875
1 0.93671875 0.6515625 0.10078125 0.0671875
1 0.81015625 0.6453125 0.11328125 0.05546875
1 0.6140625 0.6421875 0.103125 0.06953125
1 0.66875 0.67734375 0.12265625 0.08515625
1 0.5546875 0.5171875 0.06484375 0.04765625
1 0.89609375 0.41640625 0.05703125 0.0390625