4 1 0.429729584375 0.92206825625 0.1579492953125 0.8423593703125001 0.1386311484375 0.784528009375 0.1317838578125 0.7021889171875 0.13352605625 0.677329634375 0.1375303171875 0.602462553125 0.1418159859375 0.5057778953125001 0.164072825 0.3496863296875 0.21429840156250002 0.324577778125 0.230870228125 0.28885085781250003 0.247362803125 0.202161396875 0.30111781249999997 0.146893184375 0.34351990625 0.0862422984375 0.4007425546875 0.055688751562500007 0.43527682656250005 0 0.5201983609374999 0 0.5640745265625 0.102557003125 0.9279291890625 0.135404446875 0.945064525 0.17522773281249998 0.95629454375 0.241897346875 0.96373153125 0.33882890625 0.96249104375 0.41086121562500005 0.9449601328125 0.46422230937500003 0.9429361796875 0.549149271875 0.933422871875 0.578064953125 0.93684651875 0.6520020125 0.9125213859375 0.73152868125 0.8740973671875001 0.7760315375 0.861336378125 0.8090882859375 0.8456094640625 0.855725178125 0.8033393437499999 0.92473813125 0.748404946875 0.9469072593750001 0.735019 0.9813526046875 0.693901734375 1 0.6646784296875 1 0.429729584375
3 0.89375 0.46640625 0.153125 0.11875
3 0.78046875 0.5421875 0.1125 0.1234375
3 0.68203125 0.7 0.10625 0.134375
3 0.5625 0.5796875 0.1265625 0.0875
3 0.5515625 0.5328125 0.128125 0.1125
3 0.83671875 0.3984375 0.15625 0.115625
3 0.67578125 0.45859375 0.1140625 0.0921875
3 0.74296875 0.4703125 0.084375 0.06875
3 0.61953125 0.31640625 0.15625 0.0859375
3 0.64609375 0.3734375 0.140625 0.103125
3 0.8375 0.2515625 0.1796875 0.1015625
3 0.8625 0.3140625 0.1984375 0.1140625
3 0.72421875 0.17109375 0.0859375 0.0609375
3 0.3859375 0.3171875 0.084375 0.0609375
3 0.284375 0.4578125 0.1078125 0.0875
3 0.1125 0.48046875 0.1453125 0.1078125
3 0.06875 0.62109375 0.10625 0.0890625
3 0.09140625 0.65234375 0.1171875 0.078125
3 0.13515625 0.603125 0.109375 0.071875
3 0.178125 0.52265625 0.1140625 0.1390625
3 0.178125 0.80859375 0.1515625 0.1625
3 0.3828125 0.65546875 0.165625 0.1671875
3 0.4890625 0.70703125 0.115625 0.1078125
3 0.4703125 0.4515625 0.190625 0.13125
3 0.53671875 0.2765625 0.1484375 0.0953125
3 0.346875 0.42109375 0.0734375 0.0875
3 0.21953125 0.375 0.0984375 0.1109375
1 0.48828125 0.77265625 0.0890625 0.08125
1 0.3828125 0.78828125 0.1328125 0.1140625
1 0.121875 0.76640625 0.115625 0.0921875
1 0.2421875 0.725 0.1234375 0.084375
1 0.4296875 0.66796875 0.11875 0.0953125
1 0.38671875 0.7171875 0.140625 0.115625
1 0.45234375 0.53125 0.075 0.0640625
1 0.09609375 0.52890625 0.065625 0.053125