4 0.7046296296875 1 0.722222221875 0.9916666671875 0.7351851859375 0.9731481484375 0.7129629625 0.95648148125 0.6851851859375 0.9259259265625 0.66944444375 0.922222221875 0.63148148125 0.94351851875 0.6175925921875 0.9425925921875 0.6138888890625 0.9324074078125 0.621296296875 0.9203703703125001 0.678703703125 0.872222221875 0.7259259265625 0.803703703125 0.7638888890625 0.7731481484375 0.7898148140625 0.73148148125 0.809259259375 0.709259259375 0.8231481484375 0.65 0.8222222218749999 0.5851851859375 0.8138888890624999 0.54444444375 0.79444444375 0.497222221875 0.771296296875 0.4675925921875 0.7518518515625 0.45 0.6944444437499999 0.41203703750000004 0.6611111109375 0.397222221875 0.5694444437499999 0.384259259375 0.51851851875 0.3583333328125 0.502777778125 0.35555555625 0.48981481406249994 0.36759259218749996 0.43981481406249995 0.36666666718749996 0.41018518593750003 0.3740740734375 0.3583333328125 0.3703703703125 0.30648148124999997 0.3731481484375 0.259259259375 0.3703703703125 0.21574074062499998 0.375 0.1898148140625 0.38148148125 0.15370370312499998 0.4 0.1074074078125 0.434259259375 0.0888888890625 0.45370370312499997 0.0759259265625 0.47592592656250005 0.0638888890625 0.50555555625 0.0546296296875 0.54351851875 0.058333332812500006 0.615740740625 0.052777778124999994 0.684259259375 0.0620370375 0.70648148125 0.0675925921875 0.74444444375 0.0759259265625 0.75555555625 0.10833333281249999 0.7648148140625 0.13703703750000001 0.8138888890624999 0.1601851859375 0.8453703703125001 0.1898148140625 0.8731481484374999 0.240740740625 0.909259259375 0.28055555625 0.9509259265625 0.29722222187499997 0.9629629625 0.365740740625 0.9851851859374999 0.40648148125 0.9824074078124999 0.415740740625 0.9870370375 0.41944444374999995 1 0.7046296296875 1
4 0.434259259375 0.0925925921875 0.41944444374999995 0.1074074078125 0.40833333281249995 0.1268518515625 0.40277777812500004 0.14351851875 0.4018518515625 0.1620370375 0.4046296296875 0.1824074078125 0.4148148140625 0.20555555625 0.4453703703125 0.25 0.475 0.26944444375 0.4824074078125 0.27777777812500004 0.4861111109375 0.2898148140625 0.4953703703125 0.29814814843750004 0.6138888890625 0.3361111109375 0.6509259265625 0.3361111109375 0.684259259375 0.3416666671875 0.7361111109375 0.3416666671875 0.8203703703125 0.325 0.8824074078124999 0.2925925921875 0.9064814812499999 0.26851851875 0.91851851875 0.240740740625 0.9129629625 0.22777777812500002 0.9166666671874999 0.1898148140625 0.9148148140625001 0.1666666671875 0.897222221875 0.1268518515625 0.8796296296874999 0.109259259375 0.8370370375 0.07962962968750001 0.79444444375 0.058333332812500006 0.772222221875 0.051851851562499995 0.696296296875 0.037037037499999995 0.5935185187500001 0.037037037499999995 0.5296296296875 0.048148148437499996 0.48703703750000005 0.061111110937500004 0.434259259375 0.0925925921875
1 0.60390625 0.84375 0.07421875 0.09765625
1 0.5140625 0.821875 0.08828125 0.09296875
1 0.29453125 0.49609375 0.09140625 0.08515625
1 0.3515625 0.42734375 0.08828125 0.06171875
1 0.525 0.38125 0.06796875 0.06875
1 0.74140625 0.6171875 0.06875 0.071875
1 0.55 0.18515625 0.0625 0.04765625
1 0.61953125 0.12109375 0.0359375 0.04140625
1 0.63046875 0.17578125 0.04921875 0.0328125
1 0.75625 0.20546875 0.06171875 0.04296875
1 0.66015625 0.265625 0.078125 0.05234375
1 0.5328125 0.11640625 0.04296875 0.05078125
0 0.390625 0.534375 0.04609375 0.05234375
0 0.4390625 0.43203125 0.0453125 0.04296875
0 0.50234375 0.55859375 0.0328125 0.04296875
0 0.5796875 0.5640625 0.0421875 0.0328125
0 0.72734375 0.571875 0.053125 0.0640625
0 0.28828125 0.809375 0.04921875 0.06484375
0 0.25 0.74140625 0.04765625 0.0421875
0 0.25703125 0.64609375 0.0515625 0.059375
0 0.471875 0.521875 0.03984375 0.0359375
0 0.51484375 0.446875 0.03359375 0.04296875
0 0.5890625 0.725 0.04453125 0.0421875
0 0.47734375 0.1484375 0.03515625 0.03125
0 0.65625 0.06875 0.02890625 0.028125
0 0.5640625 0.12734375 0.02265625 0.02265625
0 0.53671875 0.15625 0.025 0.02578125
0 0.57890625 0.171875 0.02265625 0.02890625
0 0.6046875 0.22890625 0.0328125 0.03203125
0 0.6734375 0.21015625 0.03203125 0.03515625
0 0.74296875 0.1578125 0.0328125 0.03203125
0 0.784375 0.1296875 0.028125 0.03515625
0 0.8125 0.20234375 0.025 0.02578125
0 0.4015625 0.73359375 0.03125 0.03671875
2 0.33984375 0.62109375 0.11328125 0.09765625
2 0.678125 0.63515625 0.078125 0.05859375
2 0.63046875 0.778125 0.13203125 0.1046875
2 0.21640625 0.60625 0.1 0.09140625
2 0.24921875 0.528125 0.0953125 0.08359375
2 0.4390625 0.42734375 0.084375 0.084375
2 0.67578125 0.53828125 0.08828125 0.07265625