4 0.5130929484375 1 0.7305171703125 0.9886052796874999 0.7476495187500001 0.9793626421875 0.759625534375 0.9601910734375 0.7365614984375 0.94471026875 0.7072226374999999 0.9156503656250001 0.6913096296875 0.9127755437499999 0.65451325625 0.9360294828125 0.6405949421875 0.9358317140624999 0.6363632640625 0.9258543250000001 0.64313055 0.9134461093749999 0.6979394015625 0.8623594750000001 0.7415109265625001 0.7914634390625 0.7778227078125 0.7589629312499999 0.8015324375 0.7159965078125 0.8197872140625 0.6927870984375 0.8305556781250001 0.6328821625 0.8262388749999999 0.568204634375 0.8157847578125 0.527955859375 0.793895540625 0.481815996875 0.7692284218750001 0.4534384546875 0.7488899 0.436887615625 0.6895743390625 0.4019811515625 0.655511340625 0.38893117187500004 0.5632918703125 0.3807834359375 0.5110788796875 0.3575582984375 0.49521433281249994 0.355608134375 0.4828991046875 0.368307103125 0.43291916874999997 0.3699992453125 0.40371782031250003 0.3789471953125 0.3517431921875 0.377962284375 0.300107778125 0.383449971875 0.2528048953125 0.3831474203125 0.20958831406249998 0.3900482890625 0.1840371328125 0.39787774531250003 0.14894469531250001 0.41826079375 0.10450483749999999 0.45489606406250005 0.0870293421875 0.47528304375 0.075247165625 0.49815324062500005 0.0647773203125 0.528372234375 0.057517578125 0.5667677624999999 0.0649960234375 0.63869716875 0.063034065625 0.707412540625 0.07344365625 0.729119715625 0.08097842499999999 0.766739896875 0.08988185 0.7773996484375 0.12272943437499999 0.7849501437499999 0.153962140625 0.8324547296875 0.1787261796875 0.8626815859375 0.20976897656250001 0.8888706000000001 0.262515021875 0.922266965625 0.3044559375 0.9617927828124999 0.32172973125 0.97294105625 0.39131736875 0.9915468437499999 0.4318568984375 0.986640665625 0.44134576406250003 0.9907793593750001 0.44451085937499996 1 0.5130929484375 1
4 0.38892989375 0.13216070156249998 0.38425421875 0.1490952828125 0.3842987453125 0.16763688125 0.38813881875 0.18783395625 0.3995215265625 0.2104173296875 0.43236125000000003 0.2532017109375 0.462967915625 0.2710688109375 0.47080130468750003 0.2790030515625 0.47512990312500003 0.29082975312500003 0.4848126046875 0.298667075 0.6051555265624999 0.33037523125 0.64214180625 0.3284368625 0.6757202125 0.3322402734375 0.727501003125 0.32952655625 0.8107725218749999 0.3084729421875 0.8710284671874999 0.27286317968749996 0.8938096078125 0.247562159375 0.904376371875 0.2191924796875 0.8981500015625 0.20653803750000002 0.8998618015625001 0.1684332640625 0.8968010062499999 0.145413759375 0.877148778125 0.1065742328125 0.8586595703125001 0.0899264765625 0.8145746546874999 0.0625665765625 0.7709258703125 0.043528590625 0.7483948890625001 0.038219012499999996 0.6717976703125 0.0273981578125 0.5691607453125 0.03277713125 0.505940925 0.0472167 0.46408513281249997 0.062391021874999994 0.41302729843749997 0.096591534375 0.399008134375 0.11216139375 0.38892989375 0.13216070156249998
1 0.621875 0.8375 0.0796875 0.1015625
1 0.53125 0.8203125 0.09375 0.096875
1 0.29453125 0.50703125 0.0953125 0.0890625
1 0.34765625 0.43515625 0.090625 0.065625
1 0.51875 0.38046875 0.071875 0.071875
1 0.746875 0.6046875 0.071875 0.075
1 0.53359375 0.1828125 0.065625 0.0515625
1 0.59921875 0.115625 0.0375 0.04375
1 0.61328125 0.16953125 0.0515625 0.0359375
1 0.740625 0.1921875 0.0640625 0.046875
1 0.64765625 0.2578125 0.08125 0.05625
1 0.5125 0.11484375 0.0453125 0.053125
0 0.3921875 0.53984375 0.0484375 0.0546875
0 0.4359375 0.43515625 0.046875 0.0453125
0 0.50546875 0.55859375 0.034375 0.0453125
0 0.5828125 0.56015625 0.04375 0.034375
0 0.73046875 0.56015625 0.05625 0.0671875
0 0.3046875 0.8203125 0.053125 0.0671875
0 0.26328125 0.75390625 0.05 0.0453125
0 0.26484375 0.65859375 0.0546875 0.0625
0 0.4734375 0.5234375 0.0421875 0.0375
0 0.51171875 0.44609375 0.0359375 0.0453125
0 0.60078125 0.7203125 0.046875 0.04375
0 0.45859375 0.15 0.0375 0.0328125
0 0.63359375 0.0609375 0.0296875 0.0296875
0 0.54453125 0.12421875 0.0234375 0.0234375
0 0.51875 0.1546875 0.0265625 0.0265625
0 0.56171875 0.16796875 0.0234375 0.0296875
0 0.590625 0.2234375 0.034375 0.034375
0 0.6578125 0.2015625 0.034375 0.0375
0 0.725 0.1453125 0.034375 0.034375
0 0.76484375 0.115625 0.0296875 0.0359375
0 0.796875 0.18671875 0.0265625 0.0265625
0 0.4140625 0.73828125 0.0328125 0.0390625
2 0.34609375 0.6296875 0.11875 0.103125
2 0.68515625 0.62578125 0.08125 0.0625
2 0.64453125 0.77109375 0.1375 0.1109375
2 0.22265625 0.62109375 0.1046875 0.096875
2 0.25078125 0.54140625 0.1 0.0890625
2 0.43515625 0.43046875 0.0890625 0.0890625
2 0.67734375 0.52890625 0.0921875 0.0765625