4 0.3810560796875 1 0.3782302015625 0.9887746749999999 0.3758720484375 0.9475474265624999 0.36597001093750003 0.9347631375000001 0.3230650546875 0.927422603125 0.312854065625 0.9179624609375001 0.316385490625 0.9077162703124999 0.32971728125 0.9030233687500001 0.40463182656249996 0.9017328812500001 0.4844504875 0.8782018984375 0.5331824843749999 0.8783466390625 0.5795523953124999 0.8622812703125 0.608648465625 0.8572481468750001 0.6567352203125 0.8199356140624999 0.6968049234375 0.7689823375 0.7159676875 0.7320764984375 0.7305744234375 0.683141153125 0.7312314640625 0.6455470062499999 0.72719166875 0.6196382078125 0.7064686 0.5540077921875 0.6898869999999999 0.521517171875 0.6268064765625 0.45375535468750006 0.6035453140625 0.401558403125 0.5930605734375 0.389493696875 0.57541130625 0.390690371875 0.5371367109375 0.3585047734375 0.5094485328125 0.34561488125 0.47148289062500004 0.310105134375 0.42943832187500003 0.2796324453125 0.394487875 0.24775580000000003 0.3577541140625 0.22396660625 0.33352695625 0.21268795 0.29380927031250004 0.20435408281249998 0.236270240625 0.20184332500000002 0.20964186406250002 0.20530041406250002 0.1855828515625 0.21441246875000003 0.1575817859375 0.22986386250000002 0.1264951234375 0.2535395859375 0.083922525 0.311997609375 0.036484946875 0.361750275 0.029695845312500004 0.3848472265625 0.01012245625 0.4178462140625 0.0096062234375 0.43172550625 0.02896446875 0.45931594374999996 0.020388121875 0.5155174890625001 0.0185656734375 0.554550796875 0.024111096874999998 0.5947847140625 0.040962517187500005 0.6548970421875 0.04568275625 0.7123344 0.051060035937500005 0.73217760625 0.090324028125 0.7925676187499999 0.1237336421875 0.8160478578125 0.1280159171875 0.825472796875 0.1227363796875 0.8378777265625 0.32294071406249997 1 0.3810560796875 1
4 1 0.3322889296875 0.9935851687499999 0.323038471875 0.94390290625 0.263743465625 0.864029571875 0.1990633140625 0.80738613125 0.1674916890625 0.7661276140625 0.150761415625 0.7052996375 0.14201298906249998 0.6844630984375 0.1442029984375 0.6635913578125 0.1523217203125 0.6487852078125 0.1617779296875 0.636411546875 0.1755868171875 0.625750796875 0.19316568125 0.6190985687499999 0.217564915625 0.6148749015625 0.2713339703125 0.6256646640625 0.3050916703125 0.6261769640625 0.31622952031249996 0.6214801296875 0.3279148703125 0.6234315875 0.34021812812499996 0.691646909375 0.44430701250000004 0.72043009375 0.467615175 0.742838734375 0.4929099984375 0.783135190625 0.5255414265625 0.8591056078125 0.5656150640625001 0.927712084375 0.5794709499999999 0.9615714578125001 0.5759121859375 0.988407115625 0.5618999515625 0.9922474937500001 0.5483296125 1 0.5404604640625 1 0.3322889296875
1 0.3640625 0.8328125 0.11875 0.121875
1 0.30859375 0.759375 0.1265625 0.128125
1 0.34296875 0.36796875 0.125 0.1234375
1 0.43046875 0.35 0.1078125 0.103125
1 0.59453125 0.4234375 0.0953125 0.096875
1 0.6140625 0.74296875 0.0984375 0.0984375
1 0.73671875 0.28671875 0.078125 0.0765625
1 0.83125 0.28046875 0.0546875 0.0546875
1 0.80546875 0.33046875 0.059375 0.05625
1 0.884375 0.43203125 0.075 0.071875
1 0.771875 0.41875 0.09375 0.090625
1 0.7671875 0.22265625 0.065625 0.0671875
0 0.39375 0.4578125 0.06875 0.0703125
0 0.4953125 0.40859375 0.0625 0.0625
0 0.46484375 0.546875 0.053125 0.0546875
0 0.521875 0.6 0.053125 0.0515625
0 0.63125 0.69921875 0.08125 0.0828125
0 0.140625 0.60703125 0.0796875 0.08125
0 0.15390625 0.53046875 0.0640625 0.0625
0 0.21953125 0.4609375 0.078125 0.078125
0 0.4640625 0.49921875 0.053125 0.053125
0 0.5453125 0.46796875 0.053125 0.0546875
0 0.42734375 0.73125 0.0609375 0.0609375
0 0.70390625 0.2125 0.046875 0.046875
0 0.89296875 0.26328125 0.040625 0.040625
0 0.784375 0.25078125 0.03125 0.03125
0 0.74453125 0.25625 0.0359375 0.0359375
0 0.76796875 0.29453125 0.0359375 0.0375
0 0.75234375 0.35546875 0.0453125 0.0453125
0 0.8171875 0.38359375 0.046875 0.046875
0 0.90390625 0.38671875 0.0453125 0.0453125
0 0.95390625 0.39140625 0.04375 0.0453125
0 0.93046875 0.465625 0.0359375 0.0359375
0 0.2765625 0.61953125 0.046875 0.0484375
2 0.29921875 0.49296875 0.15 0.146875
2 0.553125 0.7171875 0.096875 0.0953125
2 0.4265625 0.7984375 0.16875 0.1640625
2 0.2125 0.40390625 0.1359375 0.134375
2 0.2875 0.3640625 0.1265625 0.125
2 0.4984375 0.40546875 0.11875 0.11875
2 0.6125 0.640625 0.1140625 0.1125