4 1 0.379945159375 0.9974995 0.3728321046875 0.98496868125 0.31489243437500003 0.9673682093749999 0.287471040625 0.95037523125 0.271985984375 0.823905528125 0.18197895625 0.7610882906249999 0.15071835625000002 0.7323804921875 0.1403949 0.69560343125 0.1182641109375 0.653813803125 0.10839223437500001 0.6053219234375 0.09142304531249999 0.59493625625 0.083938590625 0.5886137625 0.0732281203125 0.533780159375 0.0811638984375 0.4226795484375 0.0840990453125 0.320379171875 0.10074488906250001 0.26478605312500003 0.115906984375 0.2416697734375 0.11439063281249999 0.2252272015625 0.129101278125 0.15741602187499998 0.1630711046875 0.045830796875 0.2326238921875 0.0228187703125 0.25669000937500003 0 0.4737961125 0 0.5921056953125 0.037568648437500005 0.665557896875 0.0483055296875 0.6785588765624999 0.0705388125 0.6973345156249999 0.12158414531249999 0.752016078125 0.15236138593749998 0.7780826015625 0.2401459234375 0.8375388796875001 0.33030395156250003 0.874412915625 0.40016534375 0.89180159375 0.5284488140625 0.9025449249999999 0.5646183812500001 0.9127393765624999 0.6034841125 0.9149977921874999 0.665589603125 0.9087395890625001 0.6944494265625 0.8999003921875 0.8234644734375 0.8239601359375 0.8891112703124999 0.7751505328125 0.9261166671875 0.724243865625 0.964365590625 0.688080190625 0.9873397625000001 0.6466579984374999 1 0.5262038890625 1 0.379945159375
0 0.43359375 0.71015625 0.0859375 0.078125
0 0.6828125 0.74375 0.1015625 0.0765625
0 0.71640625 0.6390625 0.0921875 0.0828125
0 0.4390625 0.6265625 0.1 0.0796875
0 0.29765625 0.6484375 0.0921875 0.075
0 0.22734375 0.5 0.084375 0.071875
0 0.15078125 0.4625 0.0921875 0.08125
0 0.134375 0.3984375 0.09375 0.078125
0 0.25625 0.32109375 0.0921875 0.0734375
0 0.63203125 0.45 0.06875 0.059375
0 0.77734375 0.35390625 0.0859375 0.0765625
0 0.675 0.24296875 0.0703125 0.0671875
0 0.6203125 0.20078125 0.05625 0.0578125
0 0.5375 0.196875 0.05625 0.053125
0 0.54296875 0.3015625 0.0703125 0.0546875
0 0.46875 0.53203125 0.0734375 0.06875
1 0.40625 0.3359375 0.0890625 0.075
1 0.53046875 0.43828125 0.0796875 0.0796875