4 1 0.39303589375 0.94385411875 0.315939184375 0.893706009375 0.2590403953125 0.8839714265625 0.23924142656249997 0.86197035 0.231987853125 0.8161051296874999 0.197104253125 0.7274895140625001 0.1433481015625 0.625578346875 0.099007659375 0.577710309375 0.07110870312499999 0.5678359828125 0.07867083124999999 0.5554028343749999 0.0817197578125 0.5040851749999999 0.0792879375 0.4616404375 0.0727863109375 0.41925100156250006 0.0795286921875 0.38876635937500004 0.0783463046875 0.31881280312500004 0.083798875 0.1678349109375 0.1198755546875 0.146278490625 0.1278673671875 0.11968738281249999 0.1466987890625 0.086364428125 0.1957253875 0.057798156249999996 0.22816345624999998 0 0.429729584375 0 0.5026324234375 0.020908275 0.548289178125 0.0361491078125 0.6093514843750001 0.078731359375 0.679198684375 0.16990430781250002 0.79793915 0.19335144843750002 0.8169457906250001 0.2485902921875 0.846013421875 0.28547198749999997 0.858478815625 0.3228267359375 0.8625760421875001 0.44579362031249997 0.9006708328125 0.517081890625 0.9107188687500001 0.6144882140625 0.91030365 0.718153334375 0.888061415625 0.7564541859375 0.8754223140624999 0.82426666875 0.8438443687499999 0.8519144875 0.834764634375 0.866739803125 0.8267324421875 0.946207471875 0.7578672546874999 1 0.570270415625 1 0.39303589375
0 0.4828125 0.71953125 0.0953125 0.0890625
0 0.2390625 0.6578125 0.109375 0.090625
0 0.24765625 0.54765625 0.103125 0.0953125
0 0.509375 0.63984375 0.109375 0.09375
0 0.63203125 0.71328125 0.1 0.0875
0 0.753125 0.6015625 0.0921875 0.084375
0 0.83828125 0.59609375 0.1015625 0.09375
0 0.8765625 0.54296875 0.103125 0.090625
0 0.79296875 0.42578125 0.1 0.0859375
0 0.396875 0.4046875 0.0765625 0.06875
0 0.296875 0.2609375 0.0953125 0.0875
0 0.434375 0.19609375 0.078125 0.0765625
0 0.50078125 0.17734375 0.0625 0.0640625
0 0.57890625 0.2046875 0.0625 0.059375
0 0.534375 0.3 0.0765625 0.0640625
0 0.51640625 0.54140625 0.08125 0.078125
1 0.6484375 0.3828125 0.096875 0.0859375
1 0.4953125 0.43125 0.0890625 0.0890625