4 1 0.3079019078125 0.9796296296874999 0.281562215625 0.8759259265624999 0.2007266125 0.8120370375 0.159854678125 0.797222221875 0.143505903125 0.7740740734375 0.1425976390625 0.7203703703125 0.12170753906250001 0.6203703703125 0.0944595828125 0.5101851859375001 0.0799273390625 0.45648148125 0.0663033609375 0.44907407343749994 0.076294278125 0.4379629625 0.08265213437499999 0.3879629625 0.0944595828125 0.3453703703125 0.0999091734375 0.30648148124999997 0.11807447812500001 0.2768518515625 0.1253406 0.21111111093749999 0.1498637609375 0.0759259265625 0.2261580375 0.0574074078125 0.23978201562499998 0.037037037499999995 0.2652134421875 0.018518518749999997 0.3215258859375 0 0.36058128906250003 0 0.5949137140625 0.018518518749999997 0.6385104453125 0.052777778124999994 0.6784741140625 0.08425925937499999 0.7329700265625 0.14444444375 0.7883742046875 0.2648148140625 0.877384196875 0.2925925921875 0.88919164375 0.353703703125 0.90190735625 0.3925925921875 0.9037238875 0.4296296296875 0.89736603125 0.5583333328125 0.9000908265625001 0.6296296296875 0.890099909375 0.7231481484375 0.862851953125 0.8166666671874999 0.812897365625 0.85 0.7901907359375 0.9064814812499999 0.7411444140625 0.9305555562500001 0.724795640625 0.9425925921875 0.7129881921875 1 0.6248864671875001 1 0.3079019078125
0 0.54375 0.715625 0.07890625 0.06953125
0 0.29296875 0.7234375 0.0953125 0.06640625
0 0.2703125 0.615625 0.08515625 0.075
0 0.54765625 0.63203125 0.09375 0.0703125
0 0.6859375 0.66875 0.08515625 0.06640625
0 0.77109375 0.528125 0.07734375 0.06484375
0 0.8515625 0.49921875 0.084375 0.07265625
0 0.87421875 0.4375 0.08671875 0.06953125
0 0.7609375 0.34765625 0.08515625 0.065625
0 0.37421875 0.43671875 0.0640625 0.053125
0 0.2390625 0.32578125 0.07890625 0.06796875
0 0.353125 0.22578125 0.0640625 0.0609375
0 0.41171875 0.18984375 0.05078125 0.05234375
0 0.49453125 0.19453125 0.0515625 0.04765625
0 0.478125 0.2984375 0.065625 0.04765625
0 0.52734375 0.53515625 0.0671875 0.0625
1 0.61015625 0.346875 0.08203125 0.06640625
1 0.4765625 0.43515625 0.071875 0.071875