4 0.6987822609375 0 0.46246664531250004 0.018880271875 0.44143358125 0.013642728125 0.4031946546875 0.0130066703125 0.351820425 0.0202683703125 0.2698616734375 0.046572079687500004 0.1877065703125 0.088723871875 0.151740715625 0.11857276875 0.1355497125 0.14168811406249998 0.032353203125 0.2316717296875 0.0050621734374999994 0.2643329703125 0 0.2750816734375 0 0.52081794375 0.033807234375 0.8478582390625 0.0947660203125 0.9140712546875 0.13857429062499999 0.9411217109375001 0.23070109374999997 0.97612805 0.25226786875 0.9775853953125001 0.30218475312500004 0.9918904703125 0.334074490625 0.9941248796875 0.3405161359375 1 0.5262038921875 1 0.729068125 0.9786781093749999 0.7469044828125 0.9712172750000001 0.7960498640625 0.96046573125 0.8361332765625 0.943218428125 0.8670081546875 0.9269389796875 0.8888210640624999 0.904163775 0.9450456984375 0.8721855953125001 0.9742254390625 0.8486361062500001 1 0.8385236624999999 1 0.47379610781250003 0.9572884890625 0.067423228125 0.8927375124999999 0.0378977890625 0.8333217328125 0.0217980109375 0.7937748109375 0.017575323437500002 0.7276559578125 0 0.6987822609375 0
3 0.19453125 0.7234375 0.1421875 0.078125
3 0.27421875 0.86484375 0.1109375 0.1625
3 0.36171875 0.846875 0.115625 0.18125
3 0.56875 0.82734375 0.0640625 0.0765625
3 0.67265625 0.80546875 0.171875 0.0984375
3 0.57578125 0.7265625 0.084375 0.0890625
3 0.471875 0.6265625 0.175 0.075
3 0.3890625 0.6953125 0.14375 0.115625
3 0.60703125 0.6296875 0.2109375 0.0921875
3 0.83671875 0.6375 0.125 0.11875
3 0.9421875 0.71796875 0.115625 0.0640625
3 0.8828125 0.571875 0.1296875 0.103125
3 0.68515625 0.4890625 0.16875 0.0828125
3 0.64453125 0.43828125 0.11875 0.0703125
3 0.49921875 0.53203125 0.1796875 0.15
3 0.546875 0.4296875 0.1140625 0.1203125
3 0.46484375 0.3875 0.128125 0.1171875
3 0.36953125 0.3578125 0.0953125 0.125
3 0.225 0.51953125 0.1453125 0.0671875
3 0.1609375 0.59296875 0.121875 0.10625
3 0.103125 0.52109375 0.1109375 0.08125
3 0.10703125 0.4171875 0.065625 0.128125
3 0.14921875 0.32578125 0.084375 0.1234375
3 0.23984375 0.321875 0.0703125 0.084375
3 0.29609375 0.27890625 0.1 0.0984375
3 0.40625 0.265625 0.1265625 0.1328125
3 0.57265625 0.265625 0.1171875 0.0921875
3 0.6359375 0.296875 0.0828125 0.0640625
3 0.66953125 0.36328125 0.1390625 0.0796875
3 0.7984375 0.3328125 0.046875 0.0375
3 0.85703125 0.38828125 0.1234375 0.0703125
3 0.81953125 0.4703125 0.09375 0.1390625
3 0.70546875 0.41484375 0.1515625 0.0828125
3 0.9265625 0.50078125 0.146875 0.0953125
3 0.946875 0.39453125 0.0921875 0.14375
3 0.93671875 0.3109375 0.096875 0.0875
3 0.875 0.2328125 0.19375 0.1703125
3 0.84765625 0.19921875 0.1296875 0.1109375
3 0.8578125 0.12265625 0.11875 0.1046875
3 0.728125 0.13203125 0.121875 0.0765625
3 0.70078125 0.06328125 0.0859375 0.0625
3 0.62890625 0.0890625 0.084375 0.1640625
3 0.56875 0.1296875 0.09375 0.096875
3 0.509375 0.08515625 0.090625 0.0984375
3 0.38046875 0.19375 0.125 0.0859375
3 0.2859375 0.1640625 0.1609375 0.1578125
3 0.11875 0.2203125 0.078125 0.071875
3 0.02890625 0.39765625 0.0578125 0.1203125
3 0.3 0.39453125 0.0828125 0.1234375
3 0.81953125 0.28828125 0.1171875 0.0765625
3 0.69140625 0.25390625 0.146875 0.096875
3 0.67734375 0.20625 0.165625 0.090625
3 0.5140625 0.22265625 0.1 0.096875
3 0.49921875 0.1421875 0.0875 0.075
3 0.77578125 0.55546875 0.14375 0.0953125