4 0.6840292421874999 0.2865560625 0.641437509375 0.2599951921875 0.5537484734375 0.2271225703125 0.461558896875 0.21714648125 0.4256332734375 0.223280390625 0.3289485640625 0.25004065781249996 0.3180107875 0.25840135625 0.30263614687499996 0.2634186375 0.2684928375 0.2902656703125 0.24691523750000002 0.31274589062499997 0.159503728125 0.42259065781249994 0.14525181874999998 0.463043359375 0.133298234375 0.5204473046875 0.132138859375 0.580450965625 0.140896046875 0.6672973484375 0.1493390625 0.7068654249999999 0.1772373625 0.7790805875 0.20660380156249997 0.8247305671875 0.248828496875 0.8579327328125 0.2998470265625 0.8825421999999999 0.343614353125 0.890618890625 0.3767310421875 0.8851354499999999 0.40800174375 0.88517883125 0.47253270625 0.868778359375 0.5657380875 0.829711203125 0.61318658125 0.79905459375 0.6563417828125 0.7540941531249999 0.69912454375 0.7019351796875 0.7227661921874999 0.664407428125 0.7391620453125001 0.624186728125 0.7670699578125 0.5317636734375 0.763329321875 0.4182588765625 0.7540723390624999 0.37669385625 0.729658775 0.33062541093750003 0.6840292421874999 0.2865560625
1 0.26796875 0.61328125 0.1234375 0.134375
1 0.315625 0.69921875 0.1203125 0.128125
1 0.38828125 0.76796875 0.0984375 0.10625
1 0.49609375 0.728125 0.096875 0.10625
1 0.4421875 0.64453125 0.128125 0.1421875
1 0.38671875 0.54765625 0.121875 0.1328125
1 0.290625 0.478125 0.1109375 0.1078125
1 0.22734375 0.453125 0.05625 0.0578125
1 0.375 0.38984375 0.1 0.0953125
1 0.47890625 0.44609375 0.0890625 0.0875
1 0.53125 0.34375 0.1140625 0.1203125
1 0.63828125 0.43046875 0.0984375 0.10625
1 0.64609375 0.55546875 0.115625 0.121875
1 0.6125 0.6625 0.0796875 0.0859375
1 0.52890625 0.56640625 0.0609375 0.0609375
1 0.475 0.540625 0.0453125 0.04375