4 0.6379629625 1 0.678703703125 0.996296296875 0.6944444437499999 0.9861111109375 0.709259259375 0.9824074078124999 0.7166666671875 0.9740740734375001 0.7481481484375 0.9685185187500001 0.796296296875 0.9490740734375 0.8175925921875 0.9453703703125 0.9055555562500001 0.9009259265624999 0.946296296875 0.86944444375 1 0.797222221875 0.9990740734375001 0.25648148125 0.9861111109375 0.24444444375000002 0.9675925921875 0.2138888890625 0.9370370375 0.184259259375 0.825 0.10555555624999999 0.80648148125 0.08425925937499999 0.7675925921875 0.058333332812500006 0.68148148125 0.025 0.597222221875 0.0074074078125 0.5453703703125 0.00555555625 0.5074074078125 0.0101851859375 0.48703703750000005 0.0175925921875 0.22777777812500002 0.0240740734375 0.1574074078125 0.0509259265625 0.11851851875 0.059259259375 0.061111110937500004 0.08148148125 0 0.1175925921875 0 0.8388888890624999 0.0083333328125 0.847222221875 0.0166666671875 0.8648148140625 0.0379629625 0.8888888890625 0.0648148140625 0.896296296875 0.09629629687499999 0.9166666671874999 0.15555555625 0.9425925921875 0.17962962968750001 0.9629629625 0.21203703749999997 0.9759259265625 0.253703703125 0.9888888890624999 0.303703703125 0.99444444375 0.322222221875 1 0.6379629625 1
3 0.82734375 0.690625 0.13671875 0.0640625
3 0.7625 0.8390625 0.0953125 0.153125
3 0.6734375 0.83046875 0.09765625 0.171875
3 0.465625 0.8328125 0.05625 0.07109375
3 0.36015625 0.821875 0.16484375 0.08125
3 0.4484375 0.73359375 0.07578125 0.08203125
3 0.54140625 0.62265625 0.16953125 0.0578125
3 0.63046875 0.6828125 0.13359375 0.1015625
3 0.40703125 0.63984375 0.20390625 0.071875
3 0.1796875 0.671875 0.11484375 0.10703125
3 0.07578125 0.7640625 0.12265625 0.0515625
3 0.1265625 0.61171875 0.12109375 0.09140625
3 0.31484375 0.50859375 0.1625 0.065625
3 0.35 0.45390625 0.1125 0.05859375
3 0.50390625 0.53203125 0.16640625 0.1328125
3 0.44609375 0.43515625 0.10390625 0.109375
3 0.5234375 0.384375 0.1171875 0.10625
3 0.61484375 0.3453125 0.08359375 0.11640625
3 0.77578125 0.490625 0.13984375 0.053125
3 0.846875 0.55703125 0.11328125 0.0953125
3 0.896875 0.4796875 0.10390625 0.07109375
3 0.88203125 0.3765625 0.053125 0.1234375
3 0.83046875 0.28984375 0.07265625 0.11640625
3 0.73984375 0.2953125 0.06171875 0.078125
3 0.6796875 0.25859375 0.090625 0.08984375
3 0.56875 0.25703125 0.1140625 0.12109375
3 0.403125 0.27421875 0.109375 0.08125
3 0.34375 0.3125 0.07734375 0.05625
3 0.3171875 0.38203125 0.13359375 0.065625
3 0.1859375 0.36484375 0.04296875 0.0328125
3 0.13359375 0.4265625 0.11796875 0.05859375
3 0.17890625 0.50390625 0.08046875 0.13203125
3 0.28671875 0.43671875 0.14609375 0.0671875
3 0.07421875 0.54609375 0.1421875 0.08125
3 0.04453125 0.4421875 0.078125 0.13671875
3 0.04609375 0.3578125 0.08984375 0.078125
3 0.09921875 0.2734375 0.178125 0.15234375
3 0.12265625 0.2375 0.1203125 0.0984375
3 0.1046875 0.1625 0.109375 0.09453125
3 0.234375 0.1578125 0.11640625 0.06484375
3 0.2546875 0.08671875 0.08125 0.0546875
3 0.32890625 0.1046875 0.06875 0.15703125
3 0.39296875 0.1390625 0.084375 0.08828125
3 0.44765625 0.08828125 0.08203125 0.090625
3 0.58671875 0.1828125 0.1171875 0.07421875
3 0.678125 0.14375 0.146875 0.14375
3 0.85 0.18203125 0.071875 0.0640625
3 0.9671875 0.34765625 0.065625 0.1140625
3 0.6875 0.37421875 0.07109375 0.11640625
3 0.16015625 0.32265625 0.1109375 0.06484375
3 0.28359375 0.275 0.13984375 0.08203125
3 0.29296875 0.2265625 0.159375 0.07421875
3 0.45703125 0.22578125 0.090625 0.0875
3 0.46328125 0.14375 0.08046875 0.0671875
3 0.23125 0.584375 0.13515625 0.08203125