4 0.33888888906250003 0.27624309375 0.2675925921875 0.36464088437500003 0.234259259375 0.45524861874999994 0.22314814843750003 0.49723756874999997 0.21944444375 0.5414364640625 0.222222221875 0.6088397796875 0.2296296296875 0.6707182328125 0.24907407343750002 0.72375690625 0.3 0.8110497234375 0.3416666671875 0.862983425 0.36666666718749996 0.88176795625 0.3898148140625 0.9060773484375 0.4296296296875 0.9259668515625 0.48518518593750004 0.937016575 0.5388888890625 0.9359116015625 0.5898148140624999 0.917127071875 0.6555555562500001 0.87624309375 0.6861111109375 0.8497237562500001 0.7453703703125 0.785635359375 0.7805555562500001 0.737016575 0.8055555562500001 0.6839779 0.81851851875 0.643093921875 0.8148148140625 0.5027624312500001 0.8111111109375001 0.47182320468750005 0.8 0.42983425468750003 0.790740740625 0.41657458593749996 0.7870370375 0.4033149171875 0.7259259265625 0.32375690625 0.7009259265625001 0.29723756875 0.621296296875 0.24972375625 0.5314814812499999 0.2232044203125 0.48148148125 0.2187845296875 0.41851851875 0.2265193375 0.371296296875 0.24861878437499998 0.33888888906250003 0.27624309375
1 0.6171875 0.7296875 0.0671875 0.1171875
1 0.52734375 0.7703125 0.06796875 0.109375
1 0.428125 0.78125 0.053125 0.0921875
1 0.365625 0.684375 0.0484375 0.09609375
1 0.459375 0.65 0.05859375 0.134375
1 0.56171875 0.60625 0.0625 0.11953125
1 0.68046875 0.60859375 0.08671875 0.06953125
1 0.74609375 0.6265625 0.0390625 0.0421875
1 0.66640625 0.4875 0.08359375 0.05546875
1 0.54921875 0.46953125 0.06484375 0.0609375
1 0.56875 0.35625 0.06953125 0.09765625
1 0.43125 0.3609375 0.05 0.09609375
1 0.35 0.45625 0.06796875 0.1015625
1 0.3125 0.56171875 0.04140625 0.07734375
1 0.43671875 0.5359375 0.04375 0.04296875
1 0.4953125 0.54765625 0.03671875 0.02734375