4 0.371920084375 0 0.3628630453125 0.0020394421874999997 0.33794260781249996 0.0152848046875 0.2051421375 0.048610557812499997 0.16599776093750002 0.06532206874999999 0.137759103125 0.0872116921875 0.1213434453125 0.093803725 0 0.4083035171875 0 0.7535544484375001 0.04389530625 0.8019740546874999 0.062449821875 0.8130636687499999 0.100431725 0.8484713749999999 0.1278312875 0.8649398859374999 0.13176029843749998 0.8753743015625 0.14426383125 0.8841411609375 0.15530903437500002 0.8992908281249999 0.19201650312500002 0.9173487093749999 0.4073304796875 1 0.835379896875 1 0.8453432968750001 0.9955640078125001 1 0.592669521875 1 0.21605983750000002 0.9807714937500001 0.2035274390625 0.9246979359375 0.153240590625 0.6849813218749999 0.054279396875 0.6686185203125 0.0400639 0.6348361515625001 0.022137059375 0.585764634375 0.00528386875 0.553164728125 0 0.371920084375 0
3 0.12578125 0.5609375 0.15 0.109375
3 0.13359375 0.72265625 0.14375 0.1765625
3 0.21953125 0.74609375 0.153125 0.1953125
3 0.4125 0.82265625 0.078125 0.0859375
3 0.51484375 0.85078125 0.1828125 0.134375
3 0.4640625 0.73671875 0.1 0.103125
3 0.4171875 0.6 0.1796875 0.1140625
3 0.3125 0.62421875 0.1609375 0.1421875
3 0.53671875 0.6640625 0.215625 0.140625
3 0.7375 0.775 0.1453125 0.140625
3 0.8015625 0.8984375 0.1328125 0.0921875
3 0.80859375 0.73828125 0.1453125 0.128125
3 0.66953125 0.57421875 0.175 0.11875
3 0.65625 0.5109375 0.1265625 0.0953125
3 0.48515625 0.528125 0.203125 0.184375
3 0.5734375 0.45859375 0.1359375 0.1390625
3 0.51953125 0.38359375 0.146875 0.140625
3 0.4484375 0.3140625 0.1203125 0.1390625
3 0.24609375 0.3921875 0.15 0.1
3 0.15546875 0.42890625 0.140625 0.1296875
3 0.13671875 0.3390625 0.121875 0.103125
3 0.1875 0.24765625 0.09375 0.134375
3 0.26640625 0.18515625 0.109375 0.134375
3 0.34921875 0.22265625 0.0859375 0.0953125
3 0.41875 0.21015625 0.1171875 0.115625
3 0.52265625 0.2484375 0.15 0.1546875
3 0.67109375 0.32421875 0.13125 0.115625
3 0.71328125 0.38125 0.0921875 0.0796875
3 0.71328125 0.45546875 0.1484375 0.109375
3 0.84140625 0.48671875 0.0515625 0.0453125
3 0.86875 0.5625 0.13125 0.096875
3 0.7984375 0.61875 0.121875 0.1515625
3 0.721875 0.5171875 0.1609375 0.115625
3 0.88125 0.6953125 0.1625 0.1265625
3 0.9421875 0.609375 0.115625 0.15625
3 0.959375 0.52890625 0.08125 0.1046875
3 0.92265625 0.43125 0.1546875 0.20625
3 0.9359375 0.3890625 0.128125 0.134375
3 0.9609375 0.3265625 0.078125 0.128125
3 0.8703125 0.27578125 0.13125 0.1015625
3 0.87734375 0.20234375 0.0953125 0.0796875
3 0.8015625 0.1921875 0.1203125 0.171875
3 0.72890625 0.2015625 0.1109375 0.1125
3 0.69609375 0.134375 0.109375 0.1140625
3 0.5328125 0.17265625 0.1359375 0.1109375
3 0.46171875 0.10390625 0.1890625 0.1875
3 0.2875 0.07734375 0.090625 0.0859375
3 0.11875 0.190625 0.1015625 0.1296875
3 0.3703125 0.315625 0.1078125 0.134375
3 0.88046875 0.45625 0.1265625 0.1
3 0.7828125 0.3671875 0.159375 0.1265625
3 0.79140625 0.31875 0.175 0.1265625
3 0.63828125 0.259375 0.115625 0.1140625
3 0.66171875 0.18046875 0.0984375 0.0921875
3 0.7203125 0.675 0.15625 0.125