4 0.23137014374999998 0.47857974218750005 0.22396089218749998 0.521377309375 0.22412346875 0.5657308140625 0.2327652625 0.632635540625 0.2455375453125 0.693632928125 0.269530621875 0.7447750796875 0.32787082968750003 0.827297234375 0.3739052640625 0.8754018234375 0.40044731093749997 0.8919359796874999 0.425626075 0.9141353734375001 0.46702286718749997 0.9304791015625 0.523330065625 0.9366447906250001 0.5767331046875 0.9308634359375001 0.6258280609375 0.9077119 0.6877553671875 0.861253815625 0.7158833359375001 0.8321723000000001 0.7693314234375 0.76316299375 0.8001453140624999 0.711662628125 0.82042755625 0.6566468875 0.8297779171874999 0.6147886875 0.8138576109375 0.475314 0.8074714703125 0.44481530625000004 0.7927430625 0.40395453437500006 0.7823633796875 0.3915523203125 0.7775181140625 0.37866590625 0.7097056125 0.304736821875 0.6824894328125 0.2804972921875 0.599021715625 0.2401044640625 0.5072373609375 0.22151391875 0.45704240625 0.221468634375 0.3949931703125 0.23466159375 0.3498767375 0.2607926328125 0.320000265625 0.29113631562500003 0.2566796484375 0.38541160625000004 0.23137014374999998 0.47857974218750005
1 0.63671875 0.71875 0.0765625 0.121875
1 0.55078125 0.7671875 0.0765625 0.115625
1 0.453125 0.78671875 0.0609375 0.096875
1 0.38203125 0.6953125 0.05625 0.1
1 0.47265625 0.653125 0.0703125 0.1390625
1 0.57109375 0.60078125 0.0734375 0.125
1 0.6890625 0.5921875 0.0921875 0.0765625
1 0.75625 0.6046875 0.0421875 0.0453125
1 0.66484375 0.47265625 0.0875 0.0625
1 0.54609375 0.465625 0.0703125 0.065625
1 0.55625 0.35078125 0.078125 0.103125
1 0.41953125 0.3671875 0.0578125 0.1
1 0.346875 0.46953125 0.0765625 0.1078125
1 0.31875 0.578125 0.0484375 0.08125
1 0.43984375 0.54140625 0.046875 0.046875
1 0.49921875 0.54765625 0.0390625 0.0296875