4 0.700891703125 1 0.7167771187499999 0.99072774375 0.7423412171875 0.9904641546875 0.7554619828125 0.9770602359374999 0.8134118499999999 0.9354273015624999 0.8519294625 0.8761153796875 0.8795320578125001 0.7979095859374999 0.90344395 0.7695888640625 0.9049412921875 0.75538265 0.9365381234375001 0.7101279421875 0.939594753125 0.698620853125 0.9302576078125 0.6874977078125 0.9131859656250001 0.6797842765625 0.910061196875 0.6726954921875 0.912291725 0.6471598375000001 0.8873802796874999 0.614117046875 0.8864984249999999 0.5848736765625 0.87554004375 0.5541460671875 0.8722975765625 0.5149371406250001 0.8202627453125 0.479458815625 0.811664978125 0.45869676249999997 0.7898659171875 0.42936168593749996 0.757996525 0.40023290468750006 0.726046603125 0.349127184375 0.68026750625 0.329516959375 0.6778201687500001 0.295883928125 0.673136109375 0.286096021875 0.637439734375 0.2696605671875 0.5933066515625 0.276416940625 0.5622138062500001 0.24779245468750002 0.5141422390625 0.23681254687500003 0.458995025 0.19762650625 0.44193577343749996 0.19329414218750002 0.41639645312500007 0.2003198671875 0.401666840625 0.197500390625 0.318644471875 0.1621366546875 0.1978810375 0.186589134375 0.168434203125 0.18433124843749998 0.15451211250000002 0.190468734375 0.11897679375 0.2179871609375 0.094226409375 0.22889825 0.0795091875 0.229459840625 0 0.35189325312499997 0 0.6760524015625 0.0714335109375 0.774018028125 0.22612738906250002 0.9183266937499999 0.34101915156249996 0.9828192109374999 0.391140778125 1 0.700891703125 1
2 0.23359375 0.47109375 0.153125 0.1546875
2 0.13125 0.30234375 0.1578125 0.16875
2 0.3484375 0.26640625 0.1359375 0.1390625
2 0.44453125 0.35 0.1484375 0.15
2 0.5796875 0.33203125 0.15 0.1546875
2 0.7015625 0.4671875 0.1421875 0.1421875
2 0.8453125 0.65546875 0.159375 0.1625
2 0.75390625 0.79765625 0.128125 0.13125
2 0.565625 0.89375 0.1921875 0.184375
2 0.31640625 0.89453125 0.1640625 0.1484375
2 0.26015625 0.67109375 0.171875 0.1640625
2 0.071875 0.57890625 0.14375 0.1609375
2 0.421875 0.5328125 0.1390625 0.146875
2 0.60078125 0.51953125 0.125 0.11875
2 0.51640625 0.6875 0.1515625 0.15625
0 0.21796875 0.58671875 0.0859375 0.0859375
0 0.48828125 0.79921875 0.0734375 0.071875
0 0.39765625 0.6734375 0.090625 0.090625
0 0.47734375 0.6125 0.09375 0.0953125
0 0.7046875 0.765625 0.0765625 0.0765625
0 0.72265625 0.715625 0.08125 0.0828125
0 0.6671875 0.6359375 0.1078125 0.1125
0 0.75546875 0.5453125 0.065625 0.0703125
0 0.6859375 0.36875 0.0765625 0.08125
0 0.5765625 0.43359375 0.075 0.075
0 0.4328125 0.290625 0.071875 0.0765625
0 0.3234375 0.490625 0.1109375 0.13125
0 0.234375 0.33671875 0.0609375 0.059375
0 0.10703125 0.6796875 0.1 0.103125
0 0.2109375 0.80625 0.0796875 0.075
0 0.45546875 0.91328125 0.09375 0.0875
3 0.39921875 0.79296875 0.0984375 0.1
3 0.7390625 0.52109375 0.140625 0.15
3 0.56953125 0.590625 0.0859375 0.0875
3 0.5953125 0.678125 0.0765625 0.078125
3 0.6390625 0.78125 0.090625 0.0953125
3 0.43984375 0.71796875 0.121875 0.125
3 0.29140625 0.81015625 0.0875 0.09375
3 0.34375 0.57578125 0.090625 0.096875
3 0.50625 0.5453125 0.0953125 0.1078125
3 0.04375 0.4265625 0.0875 0.103125
3 0.13984375 0.5125 0.0703125 0.0703125
3 0.08984375 0.378125 0.0796875 0.075
3 0.18828125 0.384375 0.09375 0.1015625
3 0.346875 0.390625 0.0609375 0.0625
3 0.18125 0.734375 0.1 0.103125
3 0.67265625 0.88046875 0.103125 0.1078125
3 0.59140625 0.84921875 0.0796875 0.08125