4 1 0.502121640625 0.9879629624999999 0.49363507812499996 0.9731481484375 0.47100424375000005 0.9583333328125001 0.428571428125 0.95 0.415841584375 0.9240740734375 0.40169731249999996 0.8361111109375001 0.31541725625 0.747222221875 0.29985855781250004 0.7333333328125 0.2942008484375 0.715740740625 0.27439886874999997 0.6990740734374999 0.268741159375 0.63148148125 0.27157001406250003 0.5851851859375 0.2545968875 0.54351851875 0.2616690234375 0.5101851859375001 0.231966053125 0.471296296875 0.22630834531250002 0.4620370375 0.231966053125 0.44166666718750003 0.2588401703125 0.3925925921875 0.25035360624999997 0.3379629625 0.2758132953125 0.2953703703125 0.28288543125 0.2611111109375 0.29561527656250003 0.24259259218749998 0.3083451203125 0.17962962968750001 0.30975954687499996 0.15555555625 0.3408769453125 0.1296296296875 0.360678925 0.1129629625 0.3847241859375 0.0740740734375 0.3988684578125 0.0620370375 0.4214992921875 0.055555556250000006 0.425742575 0.037037037499999995 0.4229137203125 0.0231481484375 0.42715700156249997 0.019444443750000002 0.43847241875 0.021296296875000002 0.49363507812499996 0.0148148140625 0.506364921875 0.019444443750000002 0.5431400281250001 0 0.6237623765625 0 0.694483734375 0.0259259265625 0.7609618109375 0.0296296296875 0.7793493640625 0.0509259265625 0.793493634375 0.06944444375 0.830268740625 0.1416666671875 0.8797736921875 0.18148148125000002 0.9264497875 0.25 0.977369165625 0.3083333328125 0.9759547390625001 0.3703703703125 0.9915134374999999 0.5018518515625 1 0.7101851859375 0.96322489375 0.8398148140625 0.91371994375 0.89444444375 0.8769448375 0.952777778125 0.8246110328125 0.9916666671875 0.7680339468749999 1 0.74964639375 1 0.502121640625
2 0.7390625 0.62109375 0.1078125 0.11484375
2 0.91640625 0.53515625 0.1015625 0.134375
2 0.75390625 0.38671875 0.09453125 0.1046875
2 0.628125 0.40390625 0.10546875 0.11015625
2 0.525 0.315625 0.10390625 0.11640625
2 0.34921875 0.3625 0.10234375 0.10234375
2 0.12578125 0.4421875 0.11171875 0.121875
2 0.125 0.6109375 0.0875 0.1
2 0.23046875 0.79453125 0.1484375 0.12421875
2 0.4390625 0.93125 0.1390625 0.08671875
2 0.6078125 0.77421875 0.1328125 0.11015625
2 0.82734375 0.80703125 0.13828125 0.10234375
2 0.54765625 0.5703125 0.08828125 0.11796875
2 0.4046875 0.46171875 0.096875 0.07890625
2 0.38359375 0.6484375 0.1015625 0.12109375
0 0.6890625 0.7265625 0.0625 0.06171875
0 0.346875 0.75703125 0.05390625 0.0515625
0 0.49140625 0.70078125 0.0640625 0.06640625
0 0.4578125 0.60703125 0.06484375 0.071875
0 0.18359375 0.6109375 0.05390625 0.05625
0 0.19609375 0.559375 0.05625 0.0625
0 0.2859375 0.52265625 0.07265625 0.08671875
0 0.2609375 0.3984375 0.03984375 0.05859375
0 0.415625 0.2890625 0.04921875 0.06484375
0 0.471875 0.40234375 0.053125 0.05546875
0 0.6703125 0.3609375 0.0453125 0.06171875
0 0.653125 0.58828125 0.053125 0.12109375
0 0.81171875 0.5078125 0.04609375 0.04140625
0 0.73203125 0.86484375 0.0671875 0.07890625
0 0.57578125 0.9140625 0.06328125 0.0484375
0 0.3125 0.87109375 0.0765625 0.05546875
3 0.425 0.80078125 0.06796875 0.07578125
3 0.28828125 0.3875 0.0890625 0.121875
3 0.3921875 0.53828125 0.06015625 0.06484375
3 0.32265625 0.59765625 0.05390625 0.0578125
3 0.23046875 0.66015625 0.059375 0.07578125
3 0.43125 0.715625 0.084375 0.09375
3 0.50625 0.8734375 0.053125 0.078125
3 0.58984375 0.6484375 0.05625 0.07890625
3 0.4703125 0.534375 0.05234375 0.0953125
3 0.92578125 0.68984375 0.0625 0.0828125
3 0.7953125 0.70625 0.04921875 0.05234375
3 0.91015625 0.62109375 0.0625 0.04921875
3 0.82421875 0.57265625 0.05859375 0.0828125
3 0.68828125 0.49140625 0.04140625 0.04765625
3 0.63984375 0.8703125 0.0671875 0.0796875
3 0.14765625 0.725 0.0703125 0.08203125
3 0.23359375 0.74296875 0.053125 0.06328125