4 0.6850849718750001 1 0.7144245796875001 0.9871709843750001 0.7637187796875 0.950647578125 0.84522614375 0.9186579 0.87154263125 0.8869910984375 0.8954748734375 0.87799996875 0.9032199515625001 0.8609168390624999 0.9434357109375 0.80197465625 0.9593445546874999 0.7330658828125001 0.958534553125 0.65013583125 0.971318125 0.6153447078125 0.9678663546875 0.6014831140625 0.9820796421875 0.5481508453124999 0.981016278125 0.5362922890624999 0.9684378921875 0.52903344375 0.949757646875 0.5276240343749999 0.9443968171874999 0.522031490625 0.9377591203125 0.49727293906250003 0.90304871875 0.4747430875 0.892218225 0.4475649203125 0.871411253125 0.4224384 0.8549540890625 0.38670305 0.793923040625 0.37116129062500003 0.778742740625 0.3545919515625 0.7482251359375 0.3344817140625 0.708315075 0.3180095890625 0.6608127828125 0.28091343750000003 0.6110874109375 0.2781432265625 0.5972844937499999 0.2473755546875 0.5895352546875 0.2397799734375 0.550370378125 0.23654457812500002 0.5112096625 0.25798789375000003 0.47220179375000004 0.24172405624999999 0.42327394687500003 0.2478477625 0.3580501015625 0.2298863859375 0.3405378921875 0.23164990468750002 0.31894172187500003 0.2469868875 0.30413609531249997 0.2493752703125 0.214025478125 0.2445395515625 0.1089082109375 0.30882089375 0.0804649953125 0.316770584375 0.069481653125 0.327299571875 0.045501234375 0.36531222812499997 0.0259752921875 0.384030428125 0.012337701562500001 0.38959173593749996 0 0.44303219374999997 0 0.734633134375 0.030871003125 0.778553071875 0.0758278796875 0.826674628125 0.19099891875 0.904071090625 0.385720084375 0.9867684562499999 0.46645909375 1 0.6850849718750001 1
2 0.23984375 0.5640625 0.13125 0.1359375
2 0.08671875 0.440625 0.1296875 0.153125
2 0.278125 0.3328125 0.115625 0.1234375
2 0.396875 0.37734375 0.128125 0.13125
2 0.5171875 0.31484375 0.128125 0.1375
2 0.678125 0.4 0.1234375 0.1234375
2 0.87734375 0.528125 0.1359375 0.14375
2 0.840625 0.6921875 0.1078125 0.1171875
2 0.69609375 0.84765625 0.171875 0.1546875
2 0.4625 0.93359375 0.1546875 0.115625
2 0.33359375 0.74296875 0.1546875 0.1375
2 0.11171875 0.72578125 0.1578125 0.13125
2 0.4375 0.5578125 0.1125 0.134375
2 0.6015625 0.484375 0.1125 0.0984375
2 0.5796875 0.67109375 0.1265625 0.140625
0 0.26484375 0.678125 0.075 0.0734375
0 0.59140625 0.78515625 0.0640625 0.0625
0 0.46328125 0.69765625 0.078125 0.0796875
0 0.5171875 0.6140625 0.0796875 0.084375
0 0.78359375 0.67890625 0.065625 0.0671875
0 0.7828125 0.6265625 0.06875 0.0734375
0 0.703125 0.5703125 0.090625 0.1015625
0 0.75546875 0.4546875 0.0515625 0.065625
0 0.6296875 0.31328125 0.0625 0.075
0 0.54921875 0.4109375 0.0640625 0.065625
0 0.365625 0.3265625 0.0578125 0.0703125
0 0.33125 0.5515625 0.0796875 0.1296875
0 0.19453125 0.4375 0.0546875 0.05
0 0.1921875 0.803125 0.0828125 0.0921875
0 0.3328125 0.88671875 0.071875 0.0609375
0 0.59921875 0.90390625 0.0875 0.071875
3 0.50546875 0.81015625 0.0828125 0.0890625
3 0.73125 0.43828125 0.1140625 0.1390625
3 0.59609375 0.56171875 0.0734375 0.0765625
3 0.65078125 0.63515625 0.065625 0.06875
3 0.7265625 0.71640625 0.075 0.0875
3 0.51875 0.72578125 0.103125 0.1109375
3 0.41015625 0.8625 0.06875 0.0875
3 0.37890625 0.62421875 0.071875 0.0890625
3 0.52109375 0.53984375 0.071875 0.1046875
3 0.0421875 0.5890625 0.0796875 0.0953125
3 0.165625 0.634375 0.059375 0.0625
3 0.0734375 0.52578125 0.071875 0.0625
3 0.16796875 0.49765625 0.075 0.09375
3 0.31875 0.44921875 0.0515625 0.05625
3 0.28046875 0.8296875 0.0828125 0.0921875
3 0.79296875 0.7984375 0.0875 0.0953125
3 0.7046875 0.796875 0.065625 0.0734375