4 0.12322297499999998 0 0 0.429729584375 0 0.7246137359375 0.019893031250000002 0.7466643890625 0.07707336249999999 0.8025534343749999 0.17976457968749998 0.88112491875 0.2742093359375 0.9380669625 0.41558475 0.995944034375 0.42972958281249996 1 0.876777025 1 1 0.5702704187500001 1 0.12322297499999998 0.570270415625 0 0.12322297499999998 0
2 0.58203125 0.79453125 0.36875 0.3703125
2 0.21484375 0.61328125 0.31875 0.2953125
2 0.12734375 0.4515625 0.2546875 0.309375
2 0.49296875 0.50390625 0.2828125 0.246875
2 0.86796875 0.6515625 0.225 0.215625
2 0.6109375 0.3671875 0.1984375 0.175
2 0.35859375 0.31484375 0.24375 0.184375
2 0.265625 0.209375 0.2125 0.1640625
2 0.46953125 0.23828125 0.2421875 0.178125
2 0.44921875 0.14296875 0.196875 0.15
2 0.66640625 0.25859375 0.2046875 0.165625
2 0.81875 0.17890625 0.1546875 0.121875
2 0.75859375 0.08203125 0.1203125 0.0796875
2 0.53046875 0.0296875 0.1515625 0.059375
2 0.3890625 0.021875 0.171875 0.04375
2 0.2765625 0.0390625 0.153125 0.078125
2 0.19140625 0.06640625 0.1796875 0.1328125
2 0.13203125 0.16015625 0.128125 0.1375
2 0.090625 0.28125 0.1265625 0.159375
2 0.84921875 0.3296875 0.1875 0.153125
2 0.81484375 0.4421875 0.19375 0.15625
2 0.59296875 0.1453125 0.1609375 0.1484375
2 0.86484375 0.121875 0.0984375 0.0921875