4 0.17962962968750001 0 0.165740740625 0.0120370375 0.1074074078125 0.040740740625 0.002777778125 0.10185185156250001 0 0.10370370312499999 0 0.796296296875 0.00648148125 0.8027777781250001 0.027777778125000003 0.8203703703125 0.10648148125000001 0.86944444375 0.1768518515625 0.9074074078125 0.29722222187499997 0.9546296296874999 0.403703703125 0.9833333328125 0.5555555562500001 1 1 1 1 0 0.17962962968750001 0
2 0.66015625 0.76015625 0.29765625 0.29921875
2 0.25703125 0.6875 0.265625 0.23125
2 0.1140625 0.5609375 0.22421875 0.25703125
2 0.49453125 0.50546875 0.23984375 0.1875
2 0.8953125 0.54453125 0.18515625 0.171875
2 0.5703125 0.34140625 0.16875 0.13359375
2 0.31328125 0.3609375 0.2171875 0.12890625
2 0.19453125 0.28515625 0.1875 0.11640625
2 0.3984375 0.25703125 0.21640625 0.12265625
2 0.353125 0.17109375 0.175 0.10625
2 0.59296875 0.221875 0.17890625 0.12109375
2 0.71796875 0.103125 0.13515625 0.08828125
2 0.63359375 0.0265625 0.11015625 0.0515625
2 0.3953125 0.02578125 0.14296875 0.0515625
2 0.253125 0.0390625 0.15859375 0.0703125
2 0.15 0.09140625 0.1296875 0.1046875
2 0.08203125 0.16015625 0.1546875 0.11328125
2 0.05234375 0.275 0.1015625 0.11328125
2 0.04609375 0.40234375 0.0921875 0.1390625
2 0.7890625 0.23984375 0.1625 0.1125
2 0.78671875 0.3578125 0.16875 0.11484375
2 0.49140625 0.13359375 0.13359375 0.11640625
2 0.74609375 0.0359375 0.08203125 0.071875