4 0.0418344125 0 0 0.4781695265625 0 0.9581655874999999 0.401077978125 0.9932553625 0.553804584375 0.989886878125 0.6623825640625001 0.970572875 0.7864105765625 0.9340213171875 0.8598218578125 0.9023359953125001 0.9425031562499999 0.8603081421875001 0.9652517093749999 0.844638590625 0.972273425 0.838746671875 1 0.5218304687499999 1 0.1254490140625 0.931125740625 0.076705059375 0.8755160765625 0.0430264984375 0.8627291359375 0.02982476875 0.5218304687499999 0 0.0418344125 0
2 0.31796875 0.7453125 0.321875 0.3234375
2 0.72578125 0.7078125 0.284375 0.253125
2 0.878125 0.59375 0.24375 0.275
2 0.5046875 0.50625 0.2546875 0.2078125
2 0.10234375 0.51015625 0.2 0.1875
2 0.44375 0.3359375 0.1796875 0.1484375
2 0.6984375 0.378125 0.228125 0.146875
2 0.82265625 0.3125 0.196875 0.1328125
2 0.62265625 0.2671875 0.2265625 0.140625
2 0.675 0.18515625 0.184375 0.121875
2 0.43125 0.21484375 0.1890625 0.1359375
2 0.3171875 0.0859375 0.1421875 0.1
2 0.40703125 0.0234375 0.1140625 0.046875
2 0.6453125 0.03671875 0.146875 0.0640625
2 0.7859375 0.0625 0.1640625 0.084375
2 0.884375 0.1234375 0.1390625 0.115625
2 0.93203125 0.19765625 0.1359375 0.1265625
2 0.9546875 0.3140625 0.090625 0.121875
2 0.95390625 0.4421875 0.0921875 0.146875
2 0.234375 0.215625 0.171875 0.1265625
2 0.2265625 0.33359375 0.178125 0.1296875
2 0.540625 0.1359375 0.14375 0.128125
2 0.2953125 0.02734375 0.0875 0.0546875