4 1 0.4073304765625 0.927635196875 0.21881371875000002 0.8712804765625 0.190856221875 0.8296823046874999 0.165168628125 0.814401596875 0.1511983234375 0.7773791921875 0.14259847187500002 0.75378604375 0.132810815625 0.728394303125 0.1286725796875 0.6914416390625 0.1150869515625 0.6402565906250001 0.11093182812499999 0.62417275625 0.1052042234375 0.6090230890624999 0.0941590203125 0.5933239312499999 0.11010337031249999 0.5794931109375 0.11541252500000002 0.458830578125 0.12404209687500001 0.35889739062500003 0.1505012421875 0.24478467343750002 0.2071984234375 0.1676330609375 0.26458457812499997 0.09338966562499999 0.3476329984375 0.042948640625 0.425511746875 0.021644475 0.4733616859375 0 0.5441067421875 0 0.5926695203125 0.1563595203125 1 0.5926695234375 1 1 0.8436404796874999 1 0.4073304765625
2 0.14921875 0.66796875 0.2125 0.2140625
2 0.575 0.9140625 0.215625 0.171875
2 0.37578125 0.86953125 0.2734375 0.2609375
2 0.81015625 0.70859375 0.2234375 0.2453125
2 0.62265625 0.7546875 0.2171875 0.2609375
2 0.43203125 0.19921875 0.1375 0.1328125
2 0.5546875 0.2 0.1484375 0.125
2 0.6046875 0.3078125 0.140625 0.140625
2 0.4078125 0.3140625 0.1265625 0.115625
2 0.3140625 0.4578125 0.1671875 0.1609375
2 0.1625 0.46953125 0.115625 0.1125
2 0.2328125 0.31015625 0.128125 0.11875
2 0.70390625 0.521875 0.1453125 0.1171875
2 0.4046875 0.66953125 0.175 0.190625
3 0.31328125 0.546875 0.246875 0.178125
3 0.890625 0.4765625 0.21875 0.146875
3 0.85 0.6875 0.3 0.25625
3 0.58984375 0.68203125 0.39375 0.321875