4 1 0.384259259375 0.9370370375 0.303703703125 0.9 0.2666666671875 0.825 0.21203703749999997 0.7259259265625 0.1611111109375 0.6333333328124999 0.1351851859375 0.50648148125 0.1231481484375 0.403703703125 0.134259259375 0.28796296250000003 0.16944444375 0.2731481484375 0.16944444375 0.252777778125 0.1601851859375 0.24259259218749998 0.1759259265625 0.2296296296875 0.1870370375 0.1833333328125 0.209259259375 0.15370370312499998 0.23518518593749999 0.13148148125 0.24814814843750002 0.1129629625 0.26574074062499997 0.08148148125 0.2870370375 0.072222221875 0.30555555624999997 0.0425925921875 0.34444444375 0 0.39074074062499997 0 0.8666666671875 0.0333333328125 0.922222221875 0.06851851875000001 0.9638888890624999 0.0981481484375 0.9898148140625 0.1129629625 1 0.890740740625 1 0.9277777781250001 0.9685185187500001 0.952777778125 0.9416666671874999 0.9898148140625 0.8796296296874999 1 0.86944444375 1 0.384259259375
2 0.8875 0.53125 0.16484375 0.165625
2 0.5828125 0.9265625 0.175 0.146875
2 0.75 0.80546875 0.21171875 0.21015625
2 0.28515625 0.80625 0.16171875 0.20078125
2 0.4765625 0.78203125 0.14609375 0.2234375
2 0.45546875 0.1953125 0.1078125 0.10078125
2 0.34140625 0.23984375 0.12578125 0.08515625
2 0.33359375 0.3578125 0.109375 0.109375
2 0.51953125 0.29375 0.103125 0.08359375
2 0.65859375 0.39375 0.1328125 0.12109375
2 0.80390625 0.35078125 0.08984375 0.08671875
2 0.68125 0.22734375 0.1046875 0.08671875
2 0.3171875 0.59375 0.1265625 0.07734375
2 0.65 0.62421875 0.12734375 0.15546875
3 0.69140625 0.4765625 0.22421875 0.10390625
3 0.11953125 0.62109375 0.22421875 0.071875
3 0.21015625 0.81328125 0.33359375 0.146875
3 0.48125 0.70234375 0.33984375 0.21484375