4 1 0.375336 0.8871368093750001 0.16307121093750002 0.7937252703125 0.121504196875 0.7436356734375 0.10619027031249999 0.6517675453125 0.09316553749999999 0.54038205625 0.09471307343749999 0.4464561640625 0.11529142968749999 0.32880158125 0.16421669375 0.24327053906249999 0.2222784671875 0.157595975 0.3076821265625 0.1445152703125 0.3146372609375 0.12218234218749999 0.31602513125 0.1205791875 0.334705034375 0.114349921875 0.35060130625 0.08390541875 0.39195715781249996 0.06991549375 0.42875866093750004 0.056380178125 0.45063697812500003 0.048288518749999995 0.474864234375 0.0304900265625 0.5084474078125 0.031008503124999996 0.5291452484375 0.023104320312500003 0.5773923671875 0.0072320890625 0.63826558125 0.19956969062500002 1 0.6246640015625 1 1 0.800430309375 1 0.375336
2 0.85703125 0.3453125 0.2234375 0.2234375
2 0.7734375 0.8375 0.2234375 0.2125
2 0.86015625 0.6515625 0.2796875 0.284375
2 0.45390625 0.87109375 0.2375 0.253125
2 0.61171875 0.76015625 0.234375 0.265625
2 0.31796875 0.2515625 0.1421875 0.1390625
2 0.2375 0.34453125 0.1515625 0.134375
2 0.2859375 0.45234375 0.1484375 0.1484375
2 0.4203125 0.30859375 0.1296875 0.121875
2 0.58984375 0.33203125 0.1734375 0.16875
2 0.6984375 0.22578125 0.1203125 0.11875
2 0.53203125 0.17421875 0.1328125 0.125
2 0.3828125 0.66875 0.1484375 0.128125
2 0.690625 0.5390625 0.1859375 0.196875
3 0.6578125 0.3890625 0.246875 0.196875
3 0.22109375 0.78515625 0.23125 0.16875
3 0.39140625 0.884375 0.3640625 0.23125
3 0.578125 0.6875 0.4015625 0.35