4 1 0.3423506046875 0.8615655500000001 0.144645721875 0.8019104562500001 0.12402152343749999 0.7249300515625 0.1028687515625 0.6763216140625 0.09802081406249999 0.620462040625 0.0973459015625 0.5449419343749999 0.10410749687500001 0.46441778906250003 0.12793712031249999 0.3770988484375 0.164663009375 0.3554052296875 0.1708102703125 0.30285650625 0.19584967656250002 0.1967897234375 0.257458553125 0.14239044843749998 0.2846980046875 0.0486134640625 0.3557870203125 0.0171540984375 0.39318782343750003 0 0.420523784375 0 0.6576493937500001 0.23971647499999998 1 0.5802750796875 1 0.6064476203125 0.99425510625 0.640792965625 0.9819618421874999 0.7501076546875 0.9298343656249999 0.8095424421875 0.89364334375 0.8906991718749999 0.8368167890624999 0.9949122562499999 0.7548032265625 1 0.748595146875 1 0.3423506046875
4 0.3423506046875 0 0.327741371875 0.0102294953125 0.32947233125 0.020773071875 0.3327202375 0.030254470312499997 0.34146 0.0395075390625 0.357601965625 0.0399604203125 0.3856088609375 0.0492866625 0.5079183234375 0.057689509375 0.562412015625 0.0547994390625 0.614932415625 0.044248304687500004 0.639600134375 0.0423485 0.7638451203125001 0.0050864859375 0.760283525 0 0.3423506046875 0
1 0.77421875 0.26640625 0.14375 0.146875
1 0.1375 0.58828125 0.2265625 0.20625
1 0.24375 0.475 0.171875 0.1734375
1 0.1828125 0.71328125 0.2 0.190625
1 0.55546875 0.7109375 0.1890625 0.1796875
1 0.30859375 0.7734375 0.16875 0.1484375
1 0.3671875 0.62265625 0.2359375 0.2421875
1 0.5015625 0.2796875 0.16875 0.15
1 0.415625 0.2609375 0.1390625 0.121875
1 0.82734375 0.45859375 0.184375 0.1625
1 0.85625 0.3296875 0.1125 0.1078125
1 0.846875 0.57734375 0.1046875 0.103125
1 0.67578125 0.37578125 0.128125 0.115625
1 0.5859375 0.8015625 0.14375 0.1296875
1 0.4625 0.8140625 0.090625 0.08125