4 1 0.41629629687499997 0.9629629625 0.3651851859375 0.9120370375 0.303703703125 0.875 0.2718518515625 0.8296296296874999 0.23925925937499998 0.7638888890625 0.20148148125 0.684259259375 0.1748148140625 0.5916666671875 0.1548148140625 0.5703703703125 0.1474074078125 0.5129629625 0.137777778125 0.39074074062499997 0.12740740781249998 0.33055555625 0.11851851875 0.21296296250000002 0.12296296250000001 0.165740740625 0.13555555625 0.1324074078125 0.1496296296875 0.12129629687500001 0.15851851875 0.0759259265625 0.18 0.0111111109375 0.223703703125 0 0.23407407343750003 0 0.8111111109375001 0.0240740734375 0.8281481484375 0.0740740734375 0.862222221875 0.12592592656249998 0.8918518515624999 0.303703703125 0.9659259265625 0.33888888906250003 0.97555555625 0.4583333328125 0.99555555625 0.527777778125 1 0.6268518515625 1 0.759259259375 0.9925925921875001 0.9388888890624999 0.942222221875 1 0.9125925921875 1 0.41629629687499997
4 0.6398148140625 0 0.6351851859375001 0.0096296296875 0.6324074078125 0.019259259375 0.634259259375 0.0318518515625 0.647222221875 0.04148148125 0.6648148140625 0.0651851859375 0.7601851859375001 0.142222221875 0.80648148125 0.1711111109375 0.85555555625 0.1925925921875 0.8768518515625001 0.20518518593750001 1 0.2459259265625 1 0 0.6398148140625 0
1 0.85859375 0.465625 0.096875 0.1109375
1 0.15234375 0.3640625 0.1953125 0.11484375
1 0.3046875 0.3328125 0.12265625 0.125
1 0.11796875 0.49296875 0.159375 0.121875
1 0.42421875 0.7046875 0.15390625 0.1109375
1 0.18671875 0.6140625 0.15546875 0.071875
1 0.32109375 0.52421875 0.15859375 0.18515625
1 0.62734375 0.3203125 0.153125 0.07578125
1 0.56796875 0.25546875 0.12734375 0.059375
1 0.7921875 0.65390625 0.16796875 0.08125
1 0.88984375 0.56484375 0.0890625 0.06875
1 0.73984375 0.7625 0.07734375 0.07109375
1 0.71484375 0.49921875 0.1125 0.06328125
1 0.39765625 0.79609375 0.128125 0.06875
1 0.2890625 0.7359375 0.07890625 0.04453125