4 1 0.4737961109375 0.988511528125 0.36449060312500003 0.9463348171874999 0.31753090781250004 0.8892613046875001 0.26170943593749996 0.8490977359375 0.233903496875 0.8005690546875 0.20623194531250003 0.731239596875 0.175532896875 0.649258759375 0.157335875 0.55508283125 0.1471239984375 0.5331289124999999 0.141983240625 0.47502941718749997 0.1384070703125 0.35239274374999996 0.1408692109375 0.2916081171875 0.13832008125 0.1751242796875 0.1550319515625 0.1294770296875 0.17249162812500002 0.0977974421875 0.18997288437499998 0.087676340625 0.19997450625 0.044799940625 0.22608080468749997 0 0.26366072812499997 0 0.5262038921875 0.035259018749999996 0.86167104375 0.0609820671875 0.8760983250000001 0.114269871875 0.9047593125000001 0.16893481562499998 0.928806634375 0.35348155625 0.9838920859375 0.3894805640625 0.989791109375 0.5103612484375 0.9971962031249999 0.579889840625 0.9943573796875 0.678421175 0.9840013187500001 0.8093289562500001 0.9627941468750001 0.9827094187500001 0.8939233015625 1 0.8831749437499999 1 0.4737961109375
4 0.58286400625 0 0.581430975 0.0080524640625 0.5845889671875 0.0203825015625 0.5984874875 0.028604381249999998 0.6184614171875 0.0503393078125 0.721361903125 0.1169854078125 0.77042429375 0.14087676093749998 0.8214749625 0.1571109265625 0.8439708781249999 0.1674084671875 0.970702975 0.1950535390625 0.9502020218749999 0 0.58286400625 0
1 0.853125 0.428125 0.1078125 0.1203125
1 0.13984375 0.40078125 0.20625 0.134375
1 0.28828125 0.35390625 0.134375 0.1375
1 0.11953125 0.5328125 0.171875 0.1375
1 0.44609375 0.71171875 0.1640625 0.1265625
1 0.2 0.64609375 0.1625 0.0875
1 0.32421875 0.54296875 0.1765625 0.2
1 0.6078125 0.3078125 0.1609375 0.090625
1 0.5421875 0.25 0.1328125 0.071875
1 0.80703125 0.62265625 0.175 0.0984375
1 0.89453125 0.5234375 0.0953125 0.078125
1 0.765625 0.7359375 0.084375 0.078125
1 0.71328125 0.4765625 0.11875 0.075
1 0.42890625 0.80546875 0.134375 0.08125
1 0.31484375 0.75703125 0.0828125 0.053125