4 0 0.6770592859375 0.22890015937500002 0.9597274421875 0.29466198125 0.9879693406250001 0.3202008234375 0.9930235859375 0.335053878125 0.9738471531249999 0.344754103125 0.941686609375 0.361385771875 0.9224996171875001 0.383367384375 0.9275749843750001 0.3988727796875 0.9378946890625001 0.40814597656249996 0.9361043328124999 0.46449849531250004 0.9505197421875 0.532738178125 0.979614575 0.58939571875 0.9723369906249999 0.615314684375 0.975653684375 0.664979775 0.9597411453125 0.6773690703125 0.9640058203124999 0.686323146875 0.9596144171875001 0.691475978125 0.9725985328125001 0.7032880359375 0.9673225140625 0.77922401875 0.9044010359374999 0.8081839796875 0.8938173171875 0.8524381234374999 0.8579810171875 0.8531842734374999 0.8302118734375 0.8654984656250001 0.8145211046874999 0.854887784375 0.8102458703125001 0.849734953125 0.79726175625 0.895298384375 0.7189029640625 0.8958005171875 0.708488215625 0.9137555734375 0.671072771875 0.91805895 0.64328250625 0.9318936421874999 0.620641534375 0.9539408625 0.5198635390625 0.960252771875 0.45041427812499996 0.9578077171875 0.3966346640625 0.9659264406249999 0.3757629234375 0.9873167171875 0.34700355625 0.994478078125 0.31832867343750004 0.8158515124999999 0.0955362703125 0.770095575 0.06110205625 0.707768971875 0.041516234375 0.688523334375 0.0442334484375 0.6637447437499999 0.0357041 0.6171816531250001 0.033377628124999996 0.5619226015625001 0.042382203125000004 0.5196769875 0.03655950625 0.4858833171875 0.0367601578125 0.45056914687500005 0.043911015625 0.42427005937500006 0.0423318734375 0.35497920625 0.062699178125 0.29331904375 0.09690353125 0.2743925265625 0.10222179218750001 0.17425518906249998 0.166154615625 0.098075190625 0.24643048906249998 0.0344816 0.34224927968749996 0 0.440561846875 0 0.6770592859375
2 0.79765625 0.6390625 0.1578125 0.15625
2 0.93046875 0.33125 0.1140625 0.115625
2 0.87890625 0.50859375 0.11875 0.11875
2 0.4953125 0.84375 0.1546875 0.153125
2 0.2703125 0.8375 0.175 0.1703125
2 0.11328125 0.69453125 0.1890625 0.1890625
2 0.09609375 0.5203125 0.1875 0.1859375
2 0.17890625 0.32265625 0.1734375 0.1671875
2 0.34140625 0.11875 0.1421875 0.134375
2 0.56171875 0.08671875 0.1328125 0.13125
2 0.734375 0.1234375 0.1359375 0.1375
2 0.86953125 0.22265625 0.1140625 0.1203125
2 0.44375 0.4359375 0.1234375 0.1203125
2 0.5125 0.209375 0.128125 0.1296875
2 0.790625 0.34609375 0.1 0.1
2 0.540625 0.5640625 0.1015625 0.1015625
2 0.6875 0.85 0.14375 0.1390625
2 0.3859375 0.58125 0.0890625 0.090625
2 0.1875 0.4453125 0.0875 0.08125
3 0.73359375 0.77734375 0.1421875 0.1328125
3 0.33359375 0.4578125 0.140625 0.14375
3 0.30703125 0.5578125 0.1125 0.103125
3 0.30546875 0.76875 0.1140625 0.1046875
3 0.06015625 0.57265625 0.06875 0.06875
3 0.80390625 0.49609375 0.1046875 0.11875
3 0.63359375 0.37890625 0.1203125 0.1203125
3 0.50390625 0.25625 0.1703125 0.1671875
3 0.3359375 0.33203125 0.103125 0.103125
3 0.378125 0.44140625 0.1359375 0.15