4 1 0.4649617828125 0.9909243249999999 0.4524867890625 0.9868224484375 0.4266043046875 0.9670165546874999 0.3843993234375 0.9331234328125 0.3398358703125 0.9184314546874999 0.29980161562499996 0.9023891234375 0.27005777656249996 0.8794962921874999 0.2422343390625 0.8685439171875 0.218272259375 0.8180305703125 0.16665393906249998 0.758882225 0.1282692171875 0.7453010171875001 0.11405486718749999 0.6418400531249999 0.05565348906249999 0.535196321875 0.0260777828125 0.42073796718749995 0.014912171875 0.23037019062500003 0.0439489515625 0.1845634703125 0.0558888953125 0.1356937734375 0.0785993546875 0 0.39827385 0 0.5760999671875 0.0041802828125 0.5768189828125 0.0371303375 0.5702853125 0.061879542187500004 0.57596245625 0.06771800156249999 0.597753809375 0.065885584375 0.61628906875 0.0718198765625 0.62363629375 0.08554773125000001 0.680160240625 0.09189510937499999 0.7540715 0.12491993906250001 0.8006805187499999 0.1341596890625 0.8251227015625 0.171525975 0.8615038890625 0.1735769125 0.8744451312500001 0.181657975 0.8802894718750001 0.1726127890625 0.8909348250000001 0.1828166625 0.8988873125 0.274022815625 0.9363949609375 0.2969635625 0.9569963343750001 0.3493812 0.9792463015624999 0.37425019531250003 0.9668682890625 0.3938854828125 0.9703747046875 0.392678878125 0.958998928125 0.40172406250000003 0.9483535765625 0.4923015046875 0.9517964734375 0.5017329203124999 0.947350403125 0.5431981828125 0.9456382890624999 0.56975584375 0.93639120625 0.5962416312500001 0.9379772203125001 0.6955738625000001 0.910131359375 0.7598571828125 0.883099990625 0.8061938796874999 0.8556931359375 0.8284340421874999 0.8530628546875001 0.8638691828124999 0.8584476421874999 0.8925496562499999 0.8513087078125 1 0.6015559515625 1 0.4649617828125
2 0.5171875 0.828125 0.15 0.1421875
2 0.85078125 0.80078125 0.1046875 0.109375
2 0.6703125 0.8390625 0.1125 0.1078125
2 0.19375 0.65703125 0.146875 0.140625
2 0.09453125 0.45625 0.16875 0.153125
2 0.14609375 0.25 0.175 0.178125
2 0.2921875 0.153125 0.1765625 0.1703125
2 0.50625 0.13359375 0.16875 0.146875
2 0.76171875 0.18125 0.1421875 0.115625
2 0.89375 0.3609375 0.125 0.1203125
2 0.940625 0.53046875 0.11875 0.1296875
2 0.91796875 0.69609375 0.096875 0.121875
2 0.5296875 0.4203125 0.1203125 0.1078125
2 0.7625 0.375 0.11875 0.121875
2 0.77265625 0.684375 0.0953125 0.0921875
2 0.4625 0.565625 0.09375 0.0953125
2 0.2796875 0.8296875 0.140625 0.1234375
2 0.375 0.4375 0.0796875 0.0859375
2 0.4015625 0.1984375 0.0890625 0.06875
3 0.36484375 0.83671875 0.14375 0.1125
3 0.45859375 0.3328125 0.125 0.140625
3 0.35859375 0.35703125 0.1171875 0.0859375
3 0.171875 0.45390625 0.11875 0.0859375
3 0.2296875 0.14609375 0.065625 0.0625
3 0.646875 0.76640625 0.0796875 0.128125
3 0.6703125 0.5609375 0.1125 0.1125
3 0.71640625 0.3890625 0.1640625 0.1515625
3 0.57109375 0.2765625 0.096875 0.0953125
3 0.49453125 0.36484375 0.109375 0.15625