4 0.5486111109375 1 0.5666666671875 0.9788888890624999 0.5861111109375 0.9744444437500001 0.58055555625 0.96444444375 0.584722221875 0.9511111109374999 0.66944444375 0.9188888890625 0.6763888890625 0.9111111109375001 0.7138888890625 0.8933333328125 0.734722221875 0.8744444437500001 0.7597222218749999 0.86555555625 0.840277778125 0.8011111109375 0.8888888890625 0.7511111109375 0.9208333328125 0.707777778125 0.940277778125 0.6966666671875 0.975 0.687777778125 0.9986111109375001 0.67 1 0.38444444375 0.9861111109375 0.3288888890625 0.95 0.27444444375 0.9333333328125001 0.26444444375 0.91944444375 0.242222221875 0.8847222218749999 0.21111111093749999 0.8361111109375001 0.1833333328125 0.80694444375 0.152222221875 0.7805555562500001 0.1311111109375 0.7486111109375 0.11444444375 0.7291666671875 0.0966666671875 0.6625 0.0688888890625 0.5930555562500001 0.0566666671875 0.575 0.0488888890625 0.45694444375 0.035555556249999995 0.34722222187499996 0.05 0.2375 0.08444444375 0.0736111109375 0.18555555625 0.0361111109375 0.21444444375 0 0.25444444375 0 0.6866666671874999 0.0333333328125 0.75 0.05 0.77 0.0736111109375 0.76444444375 0.10138888906250001 0.74555555625 0.1263888890625 0.7411111109374999 0.140277778125 0.7588888890625001 0.1458333328125 0.7766666671875 0.1541666671875 0.7811111109375 0.1888888890625 0.827777778125 0.2236111109375 0.8933333328125 0.272222221875 0.9233333328125 0.290277778125 0.942222221875 0.33888888906250003 0.9611111109375001 0.3458333328125 0.972222221875 0.35555555625 0.9744444437500001 0.3513888890625 0.987777778125 0.3638888890625 0.9911111109374999 0.4625 0.99 0.4916666671875 1 0.5486111109375 1
2 0.64375 0.7953125 0.11875 0.1046875
2 0.940625 0.63984375 0.07578125 0.0875
2 0.7890625 0.7453125 0.08828125 0.08046875
2 0.2796875 0.7640625 0.11484375 0.10390625
2 0.109375 0.61796875 0.1375 0.1078125
2 0.0765625 0.4078125 0.1328125 0.13671875
2 0.1734375 0.26171875 0.1375 0.12734375
2 0.3625 0.16015625 0.14140625 0.1
2 0.61640625 0.10390625 0.1234375 0.07265625
2 0.8078125 0.21796875 0.0984375 0.0890625
2 0.91953125 0.3546875 0.090625 0.103125
2 0.96171875 0.5171875 0.059375 0.10703125
2 0.49609375 0.41484375 0.0984375 0.07578125
2 0.69296875 0.28203125 0.08828125 0.0953125
2 0.82265625 0.56328125 0.07421875 0.06796875
2 0.49140625 0.575 0.07109375 0.0734375
2 0.42578125 0.88984375 0.11640625 0.08515625
2 0.36015625 0.49140625 0.0578125 0.06953125
2 0.29140625 0.2609375 0.078125 0.0421875
3 0.50703125 0.8625 0.12734375 0.06796875
3 0.396875 0.3625 0.0875 0.11484375
3 0.3140625 0.4234375 0.10625 0.04765625
3 0.1796875 0.5859375 0.11015625 0.04609375
3 0.1125 0.2796875 0.053125 0.04453125
3 0.7390625 0.68828125 0.034375 0.12421875
3 0.68046875 0.48984375 0.0859375 0.08515625
3 0.65625 0.31328125 0.13125 0.109375
3 0.478125 0.26640625 0.07421875 0.07265625
3 0.4421875 0.378125 0.05703125 0.14609375