4 0.641635328125 0.0876745125 0.6207101828125 0.07969444375 0.614448984375 0.08160868437499999 0.6063453046875 0.09093267031249999 0.597631471875 0.091542821875 0.5446147171875 0.0748887484375 0.4877574625 0.07926351875 0.46187520312499997 0.0707450578125 0.43279453281249997 0.0741587578125 0.383574325 0.0878375953125 0.34367810468750004 0.1096201125 0.2963721390625 0.129560153125 0.2231200484375 0.1766027546875 0.165887840625 0.22901725156250002 0.1349526703125 0.2733919375 0.1337921046875 0.30318645625 0.12047207499999998 0.3223209703125 0.0999376734375 0.36488510937499996 0.0826415140625 0.42699854375 0.086314453125 0.445730296875 0.083570646875 0.472585640625 0.090852659375 0.54567016875 0.0895884 0.57960425625 0.0964995796875 0.6178853046875 0.1276459125 0.6973666609375 0.1536198453125 0.73529679375 0.1781341484375 0.7818889109375 0.2284270125 0.84113905625 0.2843190765625 0.8918309125 0.2977826296875 0.9000382874999999 0.39247421718750003 0.923121121875 0.417343559375 0.9059327828124999 0.46703828906249995 0.92291785625 0.511704146875 0.9256935953125 0.582563346875 0.9245690874999999 0.6343398828125 0.9080547687499999 0.704269946875 0.8613431671875 0.7750494921875 0.7972557484375 0.7917952406250001 0.773650665625 0.8187463859375 0.722962934375 0.83943633125 0.6741894421875 0.8881222703124999 0.5826245078125 0.90060484375 0.54731456875 0.8978531421874999 0.5248779453125 0.9016218828125 0.4901781609375 0.897370725 0.44492206406249996 0.871317134375 0.34402901875 0.8566851218749999 0.316324196875 0.8424160453124999 0.2741308859375 0.8100573015625001 0.226513834375 0.7500576031249999 0.157907771875 0.641635328125 0.0876745125
3 0.40546875 0.65 0.1421875 0.2140625
3 0.63359375 0.603125 0.2453125 0.1703125
3 0.47890625 0.403125 0.065625 0.059375
3 0.45859375 0.365625 0.05625 0.0515625
3 0.52421875 0.71484375 0.0765625 0.08125
3 0.49375 0.66953125 0.071875 0.0578125
1 0.225 0.3296875 0.11875 0.121875
1 0.296875 0.18203125 0.0828125 0.096875
1 0.384375 0.1578125 0.0703125 0.0734375
1 0.78984375 0.5953125 0.1515625 0.1390625
1 0.646875 0.57109375 0.1171875 0.1203125
1 0.85 0.55859375 0.1 0.084375
1 0.7421875 0.26484375 0.103125 0.0921875