4 0.45639717500000004 0.099622484375 0.3555230984375 0.1257494203125 0.313880221875 0.143971865625 0.285358228125 0.16409086875 0.26440066406249996 0.1725616671875 0.2395695671875 0.20059776875000002 0.1830884828125 0.2875710125 0.150460909375 0.3293127046875 0.11919459531250001 0.3774586078125 0.106667625 0.40354874062499996 0.08493010937499999 0.496524121875 0.0779779890625 0.58033256875 0.088636003125 0.6336236484375 0.122005709375 0.696143671875 0.1460878625 0.7338636078125 0.1850358265625 0.7690930703125 0.1820594625 0.799177359375 0.24815555625000002 0.8708057078125 0.2618611484375 0.8786021828124999 0.33329425625 0.9029105828124999 0.4094980640625 0.9181726734375 0.46213321875 0.917025059375 0.5079000734375 0.9213534796875 0.592516075 0.9100613484375 0.6293480406249999 0.8975469828125 0.6584145375 0.879989665625 0.7258660953125 0.8509265734374999 0.748024084375 0.8355070578125 0.7661879203125 0.8296381484375001 0.8121282109375001 0.784397396875 0.83940036875 0.7458020999999999 0.8496781140625 0.7248755421874999 0.8751743359375 0.7094158203125 0.8989876421874999 0.6608460359375 0.9170836687499999 0.585378565625 0.9227147359375 0.4985041375 0.9172203015625 0.4474622859375 0.9169296484375 0.40200789062500003 0.9050309999999999 0.3523272953125 0.8939180999999999 0.325237771875 0.8739197187500001 0.3067304703125 0.8501810328125 0.2548810640625 0.8099120203125001 0.21658562187500002 0.8062211218750001 0.2086685234375 0.810447321875 0.197060528125 0.8090860640624999 0.1906563171875 0.791961828125 0.1762235875 0.6779702734375 0.11544508906249999 0.588877628125 0.09622905000000001 0.5315429859374999 0.091012659375 0.4877220984375 0.09898836718750001 0.45639717500000004 0.099622484375
3 0.41484375 0.65546875 0.1578125 0.2078125
3 0.3453125 0.4328125 0.2390625 0.1859375
3 0.5953125 0.47109375 0.0671875 0.0625
3 0.63828125 0.47109375 0.05625 0.053125
3 0.30078125 0.5828125 0.0796875 0.0828125
3 0.3546875 0.5875 0.0703125 0.0609375
1 0.78203125 0.6578125 0.121875 0.125
1 0.8765625 0.52421875 0.0875 0.096875
1 0.8546875 0.43515625 0.0734375 0.075
1 0.2765625 0.2921875 0.153125 0.14375
1 0.36640625 0.40546875 0.1203125 0.121875
1 0.27890625 0.221875 0.1 0.0890625
1 0.58828125 0.17421875 0.103125 0.0953125