4 0.303703703125 0.13981481406250001 0.271296296875 0.1703703703125 0.2453703703125 0.1879629625 0.175 0.2648148140625 0.15 0.302777778125 0.13703703750000001 0.3351851859375 0.12407407343750002 0.353703703125 0.11851851875 0.39074074062499997 0.11851851875 0.49444444374999996 0.11388888906250001 0.547222221875 0.11388888906250001 0.6046296296875 0.1175925921875 0.6333333328124999 0.15 0.7231481484375 0.1898148140625 0.797222221875 0.22777777812500002 0.8361111109375001 0.2898148140625 0.8703703703125001 0.33055555625 0.8888888890625 0.38240740781250004 0.897222221875 0.396296296875 0.9240740734375 0.490740740625 0.9481481484375 0.50648148125 0.9472222218749999 0.5796296296875 0.928703703125 0.6518518515625 0.9 0.6953703703125 0.8703703703125001 0.7361111109375 0.8490740734375001 0.8009259265625 0.79351851875 0.825 0.7629629625 0.8398148140625 0.7324074078125 0.88055555625 0.671296296875 0.890740740625 0.646296296875 0.902777778125 0.63148148125 0.9166666671874999 0.56851851875 0.91851851875 0.521296296875 0.915740740625 0.4981481484375 0.928703703125 0.471296296875 0.922222221875 0.4175925921875 0.896296296875 0.34444444375 0.853703703125 0.26851851875 0.821296296875 0.22870370312500002 0.796296296875 0.190740740625 0.759259259375 0.15555555625 0.7351851859375 0.13888888906250002 0.7083333328125 0.134259259375 0.6601851859375001 0.10370370312499999 0.60555555625 0.09351851875 0.5981481484375 0.0888888890625 0.5953703703125 0.07685185156249999 0.590740740625 0.072222221875 0.56851851875 0.06944444375 0.43981481406249995 0.08055555625000001 0.3546296296875 0.1129629625 0.303703703125 0.13981481406250001
3 0.51328125 0.6765625 0.0453125 0.21875
3 0.33359375 0.528125 0.24375 0.0625
3 0.5640625 0.42421875 0.0546875 0.03828125
3 0.6 0.40078125 0.04609375 0.03359375
3 0.378125 0.678125 0.05234375 0.06484375
3 0.42578125 0.65234375 0.0640625 0.03125
1 0.82265625 0.47890625 0.084375 0.09375
1 0.82890625 0.31484375 0.05078125 0.08203125
1 0.7625 0.25234375 0.04921875 0.0578125
1 0.19921875 0.44765625 0.12421875 0.090625
1 0.33671875 0.49375 0.08515625 0.090625
1 0.16328125 0.3875 0.08828125 0.0484375
1 0.396875 0.17890625 0.084375 0.059375