4 0.7226143421875 1 0.7588115140625 0.95979896875 0.7722446984375 0.90336666875 0.7751452703124999 0.8586320187500001 0.7701313375 0.813000896875 0.757200115625 0.7789303624999999 0.748537321875 0.738735484375 0.750747015625 0.705838328125 0.7402884984375 0.693929521875 0.7290131578125 0.64141465 0.7111281953125 0.60039183125 0.599533309375 0.43512162343750005 0.528730625 0.36015699218749997 0.48778745937499995 0.32952138125 0.4392724453125 0.3045276109375 0.38690575781250003 0.2685900375 0.3436899265625 0.244629803125 0.3050823984375 0.2335405984375 0.22897219062500002 0.194913609375 0.16214712343749998 0.1833363421875 0.11293845312499999 0.1826371234375 0 0.30806798281250003 0 0.498849609375 0.0032281187500000003 0.51620030625 0.022595756249999998 0.698105228125 0.0300222 0.727219240625 0.038484959375 0.7385770125 0.055070600000000004 0.742297184375 0.07007167187499999 0.7533122984375 0.1194062859375 0.8064550765625 0.186077609375 0.890159375 0.21195117031250002 0.9084722093750001 0.2142895875 0.9155615546875 0.30806798281250003 1 0.7226143421875 1
3 0.33359375 0.67421875 0.19375 0.1890625
3 0.5375 0.8109375 0.1875 0.1828125
3 0.65703125 0.76875 0.1421875 0.140625
3 0.2734375 0.43515625 0.15625 0.15625
3 0.30625 0.3203125 0.153125 0.1453125
3 0.5109375 0.43046875 0.0875 0.0859375
3 0.61015625 0.55390625 0.096875 0.0953125
3 0.63515625 0.63671875 0.0703125 0.0703125
3 0.42265625 0.440625 0.1109375 0.1078125
3 0.16875 0.32578125 0.1078125 0.1078125
0 0.08515625 0.38046875 0.075 0.075
0 0.1046875 0.578125 0.0703125 0.071875
0 0.146875 0.2453125 0.046875 0.046875
0 0.2015625 0.38515625 0.0890625 0.090625
0 0.384375 0.41796875 0.096875 0.0953125
0 0.6046875 0.70703125 0.046875 0.046875
0 0.58125 0.76640625 0.0421875 0.0421875
0 0.653125 0.925 0.071875 0.071875
0 0.73671875 0.70625 0.0390625 0.0390625
0 0.64921875 0.55390625 0.0453125 0.04375
0 0.26484375 0.59921875 0.04375 0.04375
0 0.4984375 0.36875 0.0421875 0.040625
0 0.4140625 0.378125 0.046875 0.046875
0 0.4546875 0.72421875 0.0671875 0.0671875