4 0.6839077828125 1 0.7721110671875 0.935980925 0.8322090203125001 0.9068291265624999 0.8800895984375 0.8883113046875 0.9008491515625 0.8843471562499999 0.9234531718750001 0.8147791328125 0.9127719125 0.7577618921875 0.8972264953125 0.7157149890625 0.874086190625 0.676068234375 0.848415196875 0.6502028531249999 0.8241526109375 0.61700648125 0.8127907890625 0.5860546703125 0.7983927093750001 0.579429296875 0.76673245 0.5360406671875 0.7337082406250001 0.505838928125 0.5645397890625 0.400246809375 0.46936745625 0.36056125625 0.4195033875 0.3492273203125 0.365016834375 0.3461272078125 0.3025603578125 0.33459605312499996 0.253335225 0.3302847515625 0.21355510781249998 0.3358573546875 0.1283139609375 0.33152665468750003 0.0625573265625 0.3481304984375 0.0173185703125 0.36750669999999996 0 0.4208077796875 0 0.6393307921875 0.0018402390625 0.6428674109375 0.052765562499999995 0.7168550437500001 0.1444461765625 0.8751559312499999 0.16307230625 0.898732296875 0.1754230453125 0.905666025 0.1920879109375 0.9023185828125 0.2102723234375 0.9062799046875 0.27695685000000003 0.9347620531249999 0.3719097390625 0.9841120640625001 0.4029949140625 0.9903179453125001 0.4080146625 0.9958432640625 0.4208077796875 1 0.6839077828125 1
3 0.41875 0.7265625 0.190625 0.1515625
3 0.6609375 0.76796875 0.1828125 0.146875
3 0.75234375 0.68125 0.13125 0.121875
3 0.26640625 0.5328125 0.1375 0.1421875
3 0.25 0.41484375 0.1671875 0.0984375
3 0.48203125 0.43203125 0.0828125 0.0734375
3 0.62265625 0.5046875 0.0875 0.084375
3 0.6796875 0.56953125 0.0609375 0.0640625
3 0.40546875 0.47734375 0.1078125 0.0875
3 0.1265625 0.47578125 0.0953125 0.0984375
0 0.07265625 0.559375 0.0703125 0.0640625
0 0.1703125 0.73203125 0.0578125 0.06875
0 0.07421875 0.4109375 0.0390625 0.0453125
0 0.18125 0.51640625 0.0734375 0.0875
0 0.3609375 0.471875 0.0921875 0.0796875
0 0.6796875 0.64609375 0.040625 0.040625
0 0.6828125 0.7109375 0.0390625 0.0375
0 0.81328125 0.82578125 0.0640625 0.0640625
0 0.8 0.5921875 0.0359375 0.034375
0 0.6578125 0.4890625 0.04375 0.0359375
0 0.325 0.68671875 0.0375 0.0390625
0 0.4453125 0.38046875 0.0390625 0.0359375
0 0.371875 0.42421875 0.040625 0.04375
0 0.55 0.7234375 0.0609375 0.0578125