4 1 0.66851851875 0.972222221875 0.6175925921875 0.9444444437499999 0.5824074078125 0.9101851859375 0.5518518515624999 0.877777778125 0.5351851859375001 0.8444444437499999 0.5111111109375 0.8240740734375 0.48518518593750004 0.8083333328125001 0.48333333281249996 0.7648148140625 0.45185185156249996 0.7240740734375 0.43333333281249997 0.5305555562500001 0.3851851859375 0.427777778125 0.3768518515625 0.3768518515625 0.38148148125 0.3240740734375 0.3953703703125 0.2611111109375 0.403703703125 0.21296296250000002 0.4148148140625 0.1768518515625 0.43240740781250003 0.09444444375 0.4546296296875 0.037037037499999995 0.490740740625 0 0.5231481484375 0 0.725 0.015740740625 0.7361111109375 0.0703703703125 0.7898148140625 0.1416666671875 0.8444444437499999 0.27777777812500004 0.9666666671874999 0.302777778125 0.9833333328125 0.3166666671875 0.9861111109375 0.33148148125 0.977777778125 0.35 0.9759259265625 0.42222222187499997 0.9824074078124999 0.527777778125 1 0.559259259375 0.996296296875 0.565740740625 1 0.727777778125 1 0.8120370375 0.9425925921875 0.89351851875 0.83055555625 0.9416666671874999 0.784259259375 0.98148148125 0.7518518515625 1 0.7416666671875001 1 0.66851851875
3 0.49296875 0.740625 0.16640625 0.1046875
3 0.7359375 0.70546875 0.15859375 0.103125
3 0.79609375 0.59453125 0.10703125 0.09296875
3 0.28828125 0.603125 0.1078125 0.1140625
3 0.2359375 0.49609375 0.159375 0.0515625
3 0.46171875 0.440625 0.06875 0.0546875
3 0.61796875 0.46640625 0.07109375 0.06484375
3 0.6921875 0.5109375 0.04765625 0.05234375
3 0.403125 0.5078125 0.09375 0.0609375
3 0.1375 0.5921875 0.07421875 0.07890625
0 0.11171875 0.68828125 0.05859375 0.04765625
0 0.25859375 0.82265625 0.04140625 0.05859375
0 0.0671875 0.546875 0.028125 0.03828125
0 0.2015625 0.6140625 0.053125 0.07421875
0 0.359375 0.51640625 0.07890625 0.0578125
0 0.71640625 0.58359375 0.0328125 0.0328125
0 0.7390625 0.64375 0.03125 0.02890625
0 0.8984375 0.71328125 0.05078125 0.0515625
0 0.8140625 0.49453125 0.0296875 0.02578125
0 0.646875 0.440625 0.03671875 0.0265625
0 0.39140625 0.73125 0.0296875 0.03125
0 0.4109375 0.403125 0.03203125 0.0265625
0 0.3546875 0.4671875 0.03125 0.03515625
0 0.61640625 0.696875 0.04921875 0.0453125