4 0.273678209375 0.162215178125 0.218464790625 0.18346728437499998 0.207676359375 0.1965498359375 0.16243567812499998 0.2289619703125 0.1396005125 0.251020634375 0.10718512656250001 0.2694089921875 0.094228990625 0.28093619375 0.061695725 0.33688219375 0.0351987890625 0.42839435000000003 0.0334365640625 0.47438293593749997 0.052143175 0.552677875 0.0903526484375 0.62494385 0.13327709062499998 0.6677560312499999 0.18530200624999998 0.7050844140625 0.24768569999999998 0.7410354406249999 0.33698476875 0.7730724609374999 0.4033920984375 0.7862817390625 0.4652895640625 0.793051553125 0.49654034999999996 0.7922482468750001 0.523026075 0.8000394343749999 0.5344687046875001 0.7994397515625 0.5477301328124999 0.7937378875000001 0.6015172718749999 0.7850776859375 0.6601130875 0.7686551781250001 0.6712068125 0.7613979640624999 0.7611777734375 0.726641615625 0.81959265625 0.686863234375 0.9100610578125 0.581984753125 0.9298562531250001 0.5417269140625 0.9376483265625 0.511277378125 0.9511714359375001 0.5105686625 0.9540676078124999 0.4862170484375 0.9633360515625 0.464034909375 0.9631050265625 0.41981973906250003 0.945532359375 0.3631617734375 0.9011686781250001 0.2928872796875 0.8601502609375 0.2466373 0.7828478343749999 0.18476486875 0.7174306515625 0.150641775 0.65466091875 0.127228134375 0.5504124625 0.108491734375 0.502299784375 0.1060063515625 0.4565292625 0.10840508281250001 0.4412745828125 0.11588036093750001 0.42168449375000006 0.1202449421875 0.3489113703125 0.12489329687499999 0.310036484375 0.1394477984375 0.273678209375 0.162215178125
3 0.33359375 0.31171875 0.0703125 0.0765625
3 0.48203125 0.66640625 0.0734375 0.06875
3 0.7765625 0.6015625 0.0890625 0.0734375
3 0.8640625 0.45703125 0.0546875 0.0859375
3 0.76875 0.31953125 0.0734375 0.04375
3 0.54765625 0.1765625 0.0484375 0.0796875
3 0.3078125 0.328125 0.096875 0.0765625
3 0.46796875 0.46484375 0.0703125 0.0578125
3 0.38125 0.55234375 0.1703125 0.059375
3 0.55078125 0.5953125 0.0921875 0.078125
3 0.6828125 0.46484375 0.0421875 0.0796875
3 0.5390625 0.3796875 0.040625 0.0359375
3 0.67734375 0.3765625 0.0609375 0.0484375
3 0.23359375 0.4359375 0.0859375 0.0828125