4 0.1521287640625 0.2895107078125 0.111069940625 0.33210585625 0.1068212265625 0.3485220625 0.07951720625 0.3970169703125 0.0681439109375 0.4266594671875 0.046536851562499995 0.45702431250000003 0.0396662109375 0.47294700624999997 0.033824859375 0.5374004515624999 0.0484851875 0.631536721875 0.0663236859375 0.673961284375 0.11636650468750001 0.7370148421875 0.1815369671875 0.7863620359375 0.238532934375 0.8070223953125 0.3014591765625 0.8188667203125 0.3731915640625 0.825084928125 0.4676634359375 0.8163809125 0.533431396875 0.8002876328124999 0.5923906 0.78026416875 0.6203739390624999 0.7663289734375 0.6476708546875 0.7621968359375 0.6577879624999999 0.756817475 0.6673971875 0.746045309375 0.7124849296875 0.7154650734375 0.7586503234374999 0.675817565625 0.7656376203125 0.6645518859374999 0.8324903359375 0.5950285640625 0.8686211296874999 0.5342899125 0.9062897828124999 0.401004128125 0.9072166265625 0.356152325 0.9014101125 0.32526260156250003 0.9133666953124999 0.3189051734375 0.90570008125 0.295611140625 0.9047255671875 0.27159028125 0.8858300484375 0.2316153640625 0.8459591140624999 0.1876923375 0.7760526796875 0.1427509203125 0.7193312828125 0.11816933437499999 0.623123071875 0.0947632859375 0.5494139265625 0.09148375625 0.48263019687500003 0.096791428125 0.3802306640625 0.1238677828125 0.3355754015625 0.1419485578125 0.29510696875 0.1634660046875 0.28444072343750004 0.1766878140625 0.268530625 0.188922596875 0.20454025625 0.2238906890625 0.1754586421875 0.2535107828125 0.1521287640625 0.2895107078125
3 0.26953125 0.39921875 0.09375 0.096875
3 0.5546875 0.65859375 0.0921875 0.090625
3 0.79375 0.475 0.1078125 0.1015625
3 0.81171875 0.30703125 0.084375 0.096875
3 0.6671875 0.22265625 0.0828125 0.06875
3 0.40703125 0.18671875 0.075 0.0890625
3 0.253125 0.425 0.115625 0.1078125
3 0.45546875 0.48203125 0.084375 0.0796875
3 0.41484375 0.59765625 0.171875 0.1234375
3 0.58671875 0.56484375 0.1125 0.10625
3 0.65078125 0.390625 0.0703125 0.0875
3 0.484375 0.37421875 0.05 0.0484375
3 0.60859375 0.31328125 0.0734375 0.06875
3 0.23125 0.55390625 0.109375 0.1078125