4 0.36875 0.11750000000000001 0.3291666671875 0.13 0.2916666671875 0.1508333328125 0.23541666718749998 0.1691666671875 0.22395833281250002 0.1816666671875 0.1770833328125 0.2116666671875 0.153125 0.2325 0.1197916671875 0.2491666671875 0.10625 0.26 0.07083333281250001 0.31416666718749997 0.0395833328125 0.40416666718750005 0.0354166671875 0.45 0.05 0.5291666671875 0.084375 0.6033333328125 0.125 0.6483333328125 0.175 0.6883333328125001 0.23541666718749998 0.7275 0.3229166671875 0.7641666671875 0.3885416671875 0.7808333328125 0.45 0.7908333328125 0.48125 0.7916666671875 0.5072916671875001 0.8008333328124999 0.51875 0.8008333328124999 0.5322916671875 0.7958333328125 0.5864583328124999 0.79 0.6458333328125 0.7766666671875 0.6572916671875 0.77 0.7489583328125 0.74 0.809375 0.7033333328125 0.9052083328125 0.6033333328125 0.9270833328125001 0.5641666671875 0.9364583328125 0.5341666671875 0.95 0.5341666671875 0.9541666671875 0.51 0.9645833328125001 0.4883333328125 0.9666666671874999 0.4441666671875 0.9520833328125 0.3866666671875 0.9114583328125001 0.31416666718749997 0.8729166671874999 0.2658333328125 0.7989583328125 0.2 0.7354166671875 0.1625 0.6739583328125 0.1358333328125 0.5708333328124999 0.1116666671875 0.5229166671875001 0.1066666671875 0.4770833328125 0.1066666671875 0.4614583328125 0.11333333281249999 0.44166666718750003 0.1166666671875 0.36875 0.11750000000000001
3 0.34375 0.303125 0.0671875 0.0734375
3 0.4734375 0.665625 0.06953125 0.06484375
3 0.77109375 0.615625 0.0859375 0.06875
3 0.865625 0.47578125 0.05078125 0.08359375
3 0.778125 0.33359375 0.071875 0.03984375
3 0.56484375 0.1796875 0.04375 0.078125
3 0.3171875 0.31796875 0.09296875 0.071875
3 0.46953125 0.46328125 0.0671875 0.0546875
3 0.37890625 0.54609375 0.16796875 0.05
3 0.54609375 0.59765625 0.08828125 0.0734375
3 0.684375 0.47421875 0.03828125 0.078125
3 0.5453125 0.38203125 0.0390625 0.03359375
3 0.68359375 0.3859375 0.059375 0.04609375
3 0.2375 0.421875 0.08125 0.07890625