4 0.23333333281250002 0 0.20740740781250003 0.0059259265625 0.1675925921875 0.0259259265625 0.15925925937500002 0.039259259375 0.15648148125 0.077777778125 0.165740740625 0.102222221875 0.20370370312500002 0.139259259375 0.23611111093749998 0.1459259265625 0.2518518515625 0.1533333328125 0.2953703703125 0.1570370375 0.3861111109375 0.15851851875 0.447222221875 0.1533333328125 0.50648148125 0.140740740625 0.5333333328125 0.1296296296875 0.5629629625 0.1074074078125 0.5759259265625001 0.0888888890625 0.5796296296875 0.0718518515625 0.5722222218749999 0.0488888890625 0.5574074078125 0.0251851859375 0.5361111109375 0 0.23333333281250002 0
4 1 0.5666666671875 0.9611111109375001 0.5096296296875 0.88055555625 0.4325925921875 0.8601851859374999 0.41555555625 0.8416666671874999 0.40518518593749997 0.8240740734375 0.3888888890625 0.8018518515625 0.3851851859375 0.7703703703125 0.3718518515625 0.6768518515624999 0.3459259265625 0.640740740625 0.3333333328125 0.621296296875 0.3229629625 0.6074074078125 0.3229629625 0.5879629625 0.3148148140625 0.5583333328125 0.3088888890625 0.5416666671875 0.3088888890625 0.415740740625 0.3118518515625 0.3925925921875 0.32 0.352777778125 0.3281481484375 0.340740740625 0.3348148140625 0.3148148140625 0.340740740625 0.29351851875 0.3518518515625 0.2379629625 0.3651851859375 0.20370370312500002 0.382222221875 0.18148148125000002 0.38962962968750003 0.11944444375 0.4281481484375 0.061111110937500004 0.4770370375 0.0333333328125 0.51555555625 0.0268518515625 0.5370370375 0 0.58148148125 0 0.7666666671875 0.0148148140625 0.7866666671875 0.0351851859375 0.8044444437499999 0.06851851875000001 0.8644444437500001 0.08796296249999999 0.8748148140625001 0.1046296296875 0.8918518515624999 0.13333333281249998 0.9370370375 0.1379629625 0.9496296296875 0.1453703703125 0.9525925921875 0.178703703125 0.9525925921875 0.284259259375 1 0.747222221875 1 0.7675925921875 0.9851851859374999 0.815740740625 0.9659259265625 0.8601851859374999 0.9392592593750001 0.871296296875 0.9348148140625 0.9009259265624999 0.9340740734375 0.925 0.9229629625 0.9388888890624999 0.9207407406250001 0.95 0.9133333328125 0.975 0.8851851859375 1 0.8459259265625001 1 0.5666666671875
0 0.60555555625 0.48444444375 0.6101851859375 0.49481481406250005 0.627777778125 0.5118518515625 0.671296296875 0.5125925921875 0.6870370375 0.500740740625 0.6981481484375001 0.48370370312500005 0.6953703703125 0.4711111109375 0.6703703703125 0.4533333328125 0.6453703703125 0.4474074078125 0.6324074078125 0.4474074078125 0.6166666671875001 0.45259259218750003 0.6074074078125 0.4659259265625 0.60555555625 0.48444444375
0 0.221296296875 0.48074074062500005 0.2296296296875 0.48962962968749996 0.2398148140625 0.49481481406250005 0.25833333281250004 0.49481481406250005 0.2675925921875 0.49259259218749996 0.2768518515625 0.48444444375 0.28611111093749997 0.4659259265625 0.2870370375 0.4511111109375 0.2824074078125 0.44000000000000006 0.2666666671875 0.42444444375 0.2546296296875 0.423703703125 0.240740740625 0.41777777812499994 0.23240740781250002 0.42296296250000004 0.22870370312500002 0.43185185156249994 0.221296296875 0.48074074062500005
0 0.21203703749999997 0.5459259265624999 0.22870370312500002 0.5570370375 0.2870370375 0.540740740625 0.29907407343750003 0.520740740625 0.29907407343750003 0.5059259265625 0.2916666671875 0.497777778125 0.2629629625 0.49259259218749996 0.24351851875000002 0.49259259218749996 0.2296296296875 0.500740740625 0.21111111093749999 0.5311111109375 0.21203703749999997 0.5459259265624999
0 0.125 0.6970370375 0.134259259375 0.7125925921875 0.1481481484375 0.717777778125 0.1740740734375 0.719259259375 0.2203703703125 0.7111111109375 0.2259259265625 0.6970370375 0.222222221875 0.65851851875 0.21296296250000002 0.6503703703125 0.1981481484375 0.6488888890625 0.15 0.6511111109375001 0.11851851875 0.659259259375 0.125 0.6970370375
0 0.32777777812500003 0.82 0.32592592656249997 0.837777778125 0.3324074078125 0.8518518515625001 0.340740740625 0.86 0.35555555625 0.8659259265625 0.3953703703125 0.8681481484375 0.40555555625000006 0.8659259265625 0.42314814843750004 0.8503703703125 0.427777778125 0.8422222218750001 0.43240740781250003 0.8222222218749999 0.43148148124999997 0.8096296296875 0.42129629687500003 0.7851851859375001 0.4175925921875 0.782222221875 0.38703703749999996 0.7792592593750001 0.34722222187499996 0.7859259265625 0.3351851859375 0.802222221875 0.32777777812500003 0.82
0 0.1759259265625 0.7992592593750001 0.20277777812500003 0.8266666671875 0.2148148140625 0.8318518515625 0.22407407343750002 0.8311111109375 0.24259259218749998 0.8222222218749999 0.2648148140625 0.8170370374999999 0.2740740734375 0.8103703703124999 0.28055555625 0.796296296875 0.28055555625 0.77851851875 0.2731481484375 0.76444444375 0.2611111109375 0.759259259375 0.2416666671875 0.763703703125 0.1768518515625 0.7918518515625 0.1759259265625 0.7992592593750001
0 0.5379629625 0.8711111109375 0.5333333328125 0.900740740625 0.5379629625 0.9125925921875 0.55648148125 0.9288888890625 0.58148148125 0.9229629625 0.5962962968750001 0.9229629625 0.6148148140624999 0.9170370374999999 0.6268518515625 0.9014814812499999 0.63148148125 0.8881481484375 0.63148148125 0.8688888890625 0.61851851875 0.8370370375 0.5944444437499999 0.8251851859375 0.577777778125 0.8229629624999999 0.5398148140625 0.8348148140625 0.5324074078125001 0.8451851859374999 0.5379629625 0.8711111109375
0 0.746296296875 0.7940740734375 0.7629629625 0.8088888890625 0.7675925921875 0.82 0.7611111109375 0.8333333328125001 0.7509259265625 0.84148148125 0.747222221875 0.862222221875 0.7574074078125 0.8703703703125001 0.7981481484375 0.8651851859375 0.8175925921875 0.8518518515625001 0.8333333328125001 0.8170370374999999 0.85555555625 0.8096296296875 0.8583333328125 0.8051851859375001 0.8240740734375 0.7911111109375 0.809259259375 0.7814814812499999 0.752777778125 0.780740740625 0.725 0.78444444375 0.7259259265625 0.7874074078125 0.746296296875 0.7940740734375
0 0.815740740625 0.8029629625 0.8240740734375 0.8133333328125 0.8324074078124999 0.8162962968749999 0.8629629624999999 0.8118518515625001 0.8888888890625 0.802222221875 0.89351851875 0.7977777781250001 0.8925925921875001 0.783703703125 0.877777778125 0.7548148140625 0.8620370375 0.7451851859375 0.847222221875 0.743703703125 0.8203703703125 0.7570370375000001 0.8120370375 0.7688888890625 0.815740740625 0.8029629625
0 0.815740740625 0.7229629625 0.8194444437499999 0.7288888890624999 0.834259259375 0.743703703125 0.8435185187500001 0.7481481484375 0.8731481484374999 0.7548148140625 0.8981481484374999 0.7503703703125 0.9018518515625 0.7466666671875 0.9009259265624999 0.73555555625 0.8898148140625001 0.7074074078125 0.875 0.6977777781250001 0.8574074078124999 0.6940740734374999 0.8324074078124999 0.7 0.8194444437499999 0.7088888890625 0.815740740625 0.7229629625
0 1 0.58444444375 0.9925925921875001 0.5770370375 0.9611111109375001 0.5651851859375 0.9083333328125001 0.5637037031250001 0.897222221875 0.5659259265625 0.8796296296874999 0.5785185187499999 0.8731481484374999 0.5933333328125 0.872222221875 0.6088888890625 0.8833333328125 0.6266666671875 0.89444444375 0.636296296875 0.9166666671874999 0.63851851875 0.9388888890624999 0.6296296296875 0.9731481484375 0.62148148125 1 0.623703703125 1 0.58444444375
0 0.58148148125 0.5377777781249999 0.60648148125 0.540740740625 0.6074074078125 0.5429629625 0.6203703703125 0.5414814812500001 0.625 0.5296296296875 0.621296296875 0.5066666671875 0.6083333328125 0.49925925937500004 0.5833333328125 0.49925925937500004 0.5638888890625 0.5081481484375 0.565740740625 0.5296296296875 0.58148148125 0.5377777781249999
0 0.6226851859375 0.6018518515625 0.6504629625 0.625 0.6574074078125001 0.6425925921875 0.6583333328125 0.657777778125 0.6805555562500001 0.6548148140625 0.6898148140625 0.642222221875 0.690740740625 0.622222221875 0.6805555562500001 0.60148148125 0.6537037031249999 0.579259259375 0.625 0.5762962968750001 0.60555555625 0.58 0.5833333328125 0.5962962968750001 0.6226851859375 0.6018518515625
0 0.7009259265625001 0.48 0.7268518515625 0.4970370375 0.7620370375000001 0.5 0.7861111109375 0.482222221875 0.7861111109375 0.4674074078125 0.7666666671875 0.4503703703125 0.7481481484375 0.44444444375 0.7324074078125 0.44444444375 0.7148148140624999 0.45407407343750006 0.702777778125 0.46962962968750005 0.7009259265625001 0.48
0 0.834259259375 0.5296296296875 0.8611111109375 0.5333333328125 0.8824074078124999 0.5318518515624999 0.8833333328125 0.519259259375 0.8666666671875 0.5029629625 0.8194444437499999 0.49555555625 0.8111111109375001 0.5066666671875 0.8222222218749999 0.52444444375 0.834259259375 0.5296296296875
0 0.75555555625 0.5874074078125 0.772222221875 0.60148148125 0.8 0.6 0.8101851859375 0.5940740734375 0.8166666671874999 0.5851851859375 0.8175925921875 0.5555555562500001 0.809259259375 0.5488888890625 0.796296296875 0.5474074078125 0.7703703703125 0.556296296875 0.75555555625 0.5762962968750001 0.75555555625 0.5874074078125
0 0.26574074062499997 0.382222221875 0.2740740734375 0.3933333328125 0.2870370375 0.396296296875 0.321296296875 0.396296296875 0.334259259375 0.3903703703125 0.3398148140625 0.38148148125 0.33703703749999997 0.3711111109375 0.3240740734375 0.360740740625 0.3129629625 0.3570370375 0.2925925921875 0.36 0.2740740734375 0.3703703703125 0.26574074062499997 0.382222221875
0 0.302777778125 0.643703703125 0.303703703125 0.6570370375000001 0.315740740625 0.6666666671875 0.33055555625 0.6681481484375 0.3601851859375 0.6651851859375 0.3796296296875 0.659259259375 0.384259259375 0.6533333328125 0.3879629625 0.6392592593749999 0.38148148125 0.62 0.365740740625 0.6133333328125 0.34444444375 0.6133333328125 0.32777777812500003 0.617777778125 0.315740740625 0.6259259265625 0.302777778125 0.643703703125
0 0.48518518593750004 0.5725925921874999 0.4953703703125 0.5837037031250001 0.5425925921875 0.58 0.5527777781250001 0.5718518515625 0.553703703125 0.5651851859375 0.5490740734374999 0.556296296875 0.540740740625 0.5548148140625 0.49444444374999996 0.5629629625 0.48518518593750004 0.5688888890625 0.48518518593750004 0.5725925921874999
0 0.2870370375 0.50444444375 0.2898148140625 0.5096296296875 0.315740740625 0.5170370375 0.3546296296875 0.5229629625000001 0.36759259218749996 0.5066666671875 0.3601851859375 0.48370370312500005 0.352777778125 0.48148148125 0.3361111109375 0.48370370312500005 0.3138888890625 0.48 0.3018518515625 0.48370370312500005 0.2888888890625 0.4940740734375 0.2870370375 0.50444444375
0 0 0.756296296875 0.0129629625 0.7629629625 0.0259259265625 0.76444444375 0.0351851859375 0.7570370375000001 0.039814814062499995 0.7466666671875 0.0388888890625 0.722222221875 0.0333333328125 0.7081481484375 0.0268518515625 0.7029629625 0.00648148125 0.699259259375 0 0.7 0 0.756296296875
0 0.3925925921875 0.88444444375 0.38240740781250004 0.8992592593750001 0.38148148125 0.9133333328125 0.3861111109375 0.9281481484375 0.397222221875 0.9400000000000001 0.40555555625000006 0.943703703125 0.42222222187499997 0.9451851859374999 0.434259259375 0.9429629625 0.44629629687500005 0.936296296875 0.45277777812500003 0.9251851859375 0.45648148125 0.8940740734375 0.44259259218749997 0.8711111109375 0.43148148124999997 0.8711111109375 0.42129629687500003 0.8755555562499999 0.403703703125 0.8755555562499999 0.3925925921875 0.88444444375
1 0.13981481406250001 0.74444444375 0.134259259375 0.75555555625 0.13333333281249998 0.7725925921875 0.1379629625 0.7829629625 0.146296296875 0.7881481484374999 0.1629629625 0.7918518515625 0.1898148140625 0.7911111109375 0.20648148125 0.7874074078125 0.2601851859375 0.7659259265625 0.2666666671875 0.760740740625 0.2768518515625 0.7614814812499999 0.2824074078125 0.7511111109375 0.28611111093749997 0.719259259375 0.27870370312500004 0.7066666671874999 0.2703703703125 0.7007407406249999 0.25 0.6970370375 0.1981481484375 0.70444444375 0.1620370375 0.723703703125 0.13981481406250001 0.74444444375
1 0.48055555625 0.3548148140625 0.48518518593750004 0.36 0.50648148125 0.36666666718749996 0.522222221875 0.3651851859375 0.546296296875 0.3688888890625 0.5703703703125 0.36444444374999996 0.58055555625 0.35851851875 0.5824074078125 0.3533333328125 0.575 0.340740740625 0.5583333328125 0.3288888890625 0.546296296875 0.32370370312499996 0.5268518515625 0.32370370312499996 0.4953703703125 0.3311111109375 0.48148148125 0.33999999999999997 0.48055555625 0.3548148140625
1 0.5481481484375 0.42740740781250003 0.5481481484375 0.44444444375 0.5546296296875 0.456296296875 0.5731481484375001 0.457777778125 0.5851851859375 0.45555555625000005 0.5953703703125 0.45999999999999996 0.6083333328125 0.46074074062500003 0.6333333328124999 0.442222221875 0.634259259375 0.4303703703125 0.621296296875 0.41185185156250004 0.603703703125 0.4096296296875 0.5611111109375 0.4125925921875 0.5527777781250001 0.41555555625 0.5481481484375 0.42740740781250003
1 0.13888888906250002 0.58 0.14444444375 0.597777778125 0.1518518515625 0.6066666671875 0.165740740625 0.6088888890625 0.1740740734375 0.61851851875 0.17314814843749998 0.6325925921875 0.1759259265625 0.6348148140625 0.221296296875 0.64 0.2546296296875 0.6370370375000001 0.2851851859375 0.61851851875 0.2888888890625 0.6088888890625 0.27870370312500004 0.6007407406249999 0.2648148140625 0.5970370375 0.25555555625 0.5874074078125 0.24907407343750002 0.5548148140625 0.23055555625 0.5503703703125 0.20833333281250002 0.5503703703125 0.1851851859375 0.5540740734375 0.146296296875 0.5711111109375 0.13888888906250002 0.58
1 0.7166666671875 0.7103703703125 0.7259259265625 0.7244444437500001 0.7296296296875 0.7474074078124999 0.7333333328125 0.7511111109375 0.7509259265625 0.7511111109375 0.772222221875 0.7466666671875 0.7870370375 0.7348148140624999 0.7879629625 0.7170370375 0.7638888890625 0.6970370375 0.7481481484375 0.6918518515625001 0.7333333328125 0.6918518515625001 0.7212962968750001 0.69555555625 0.7166666671875 0.70444444375 0.7166666671875 0.7103703703125
1 0.44166666718750003 0.8385185187499999 0.44907407343749994 0.8503703703125 0.4509259265625 0.8881481484375 0.45555555625000005 0.8925925921875001 0.459259259375 0.8859259265625001 0.459259259375 0.860740740625 0.4675925921875 0.8488888890625 0.49259259218749996 0.8348148140625 0.5083333328124999 0.8348148140625 0.5231481484375 0.8296296296874999 0.5305555562500001 0.8222222218749999 0.5379629625 0.7940740734375 0.534259259375 0.7859259265625 0.5259259265625 0.7814814812499999 0.49351851875 0.7740740734375 0.4703703703125 0.76444444375 0.45370370312499997 0.762222221875 0.4296296296875 0.7740740734375 0.425 0.7874074078125 0.44166666718750003 0.8385185187499999
2 0.7851851859375001 0.45555555625000005 0.7870370375 0.476296296875 0.796296296875 0.4874074078125 0.8101851859375 0.4918518515625 0.8444444437499999 0.49481481406250005 0.85648148125 0.48666666718749996 0.8601851859374999 0.4681481484375 0.8546296296874999 0.45259259218750003 0.8462962968750001 0.44296296249999995 0.8333333328125001 0.439259259375 0.8083333328125001 0.440740740625 0.7888888890625 0.44962962968750003 0.7851851859375001 0.45555555625000005
2 0.2824074078125 0.5703703703125 0.2824074078125 0.5859259265625 0.28611111093749997 0.5962962968750001 0.2916666671875 0.6 0.3425925921875 0.597777778125 0.35925925937500003 0.5866666671874999 0.36296296250000004 0.580740740625 0.3648148140625 0.560740740625 0.35555555625 0.5451851859375 0.34351851875 0.540740740625 0.328703703125 0.54 0.3148148140625 0.5303703703125 0.29814814843750004 0.5370370375 0.2898148140625 0.5451851859375 0.2824074078125 0.5703703703125
2 0.5370370375 1 0.50648148125 0.963703703125 0.48703703750000005 0.95555555625 0.4574074078125 0.9525925921875 0.440740740625 0.95851851875 0.425 0.9711111109375 0.415740740625 0.9859259265625001 0.4166666671875 1 0.5370370375 1
2 0.6870370375 0.8162962968749999 0.6925925921875 0.8362962968750001 0.696296296875 0.840740740625 0.70648148125 0.843703703125 0.7557870375 0.8296296296874999 0.777777778125 0.825 0.7800925921874999 0.8074074078125 0.7870370375 0.8166666671874999 0.7881944437499999 0.803703703125 0.79398148125 0.8055555562500001 0.803240740625 0.8194444437499999 0.790509259375 0.79351851875 0.784722221875 0.7898148140625 0.7858796296875 0.7851851859375001 0.7835648140625 0.7740740734375 0.7981481484375 0.7748148140625 0.7833333328125 0.7711111109375001 0.7638888890625 0.760740740625 0.73148148125 0.7570370375000001 0.7046296296875 0.7688888890625 0.69351851875 0.782222221875 0.6870370375 0.8162962968749999
2 0.7740740734375 0.65851851875 0.7648148140625 0.6718518515625 0.771296296875 0.676296296875 0.7824074078125001 0.6777777781250001 0.825 0.6770370375 0.8370370375 0.6711111109375001 0.8435185187500001 0.66148148125 0.8481481484375 0.64444444375 0.8462962968750001 0.6288888890625 0.8351851859374999 0.62 0.8222222218749999 0.620740740625 0.796296296875 0.6148148140624999 0.7916666671875 0.620740740625 0.790740740625 0.6451851859375 0.7740740734375 0.65851851875
2 0.12129629687500001 0.4940740734375 0.11574074062499999 0.5081481484375 0.125 0.516296296875 0.1379629625 0.519259259375 0.1546296296875 0.51851851875 0.1648148140625 0.516296296875 0.175 0.5088888890625001 0.1851851859375 0.4970370375 0.1861111109375 0.48962962968749996 0.17962962968750001 0.47851851874999995 0.1629629625 0.47481481406250003 0.15277777812499999 0.48370370312500005 0.1268518515625 0.48962962968749996 0.12129629687500001 0.4940740734375
2 0.6777777781250001 0.45999999999999996 0.696296296875 0.46296296249999996 0.7074074078125 0.459259259375 0.7194444437499999 0.44444444375 0.7185185187500001 0.44148148125000003 0.7074074078125 0.436296296875 0.6972222218749999 0.42444444375 0.66851851875 0.42000000000000004 0.6398148140625 0.4311111109375 0.64351851875 0.44148148125000003 0.6777777781250001 0.45999999999999996
2 0.31944444375000003 0.4311111109375 0.3231481484375 0.436296296875 0.34722222187499996 0.4451851859375 0.372222221875 0.44666666718750003 0.38333333281250004 0.443703703125 0.39444444375 0.4325925921875 0.38703703749999996 0.4140740734375 0.38055555625 0.40888888906250004 0.3648148140625 0.4096296296875 0.340740740625 0.403703703125 0.328703703125 0.4096296296875 0.321296296875 0.42148148125 0.31944444375000003 0.4311111109375
1 0.1351851859375 0.4296296296875 0.1361111109375 0.44148148125000003 0.1648148140625 0.4503703703125 0.2166666671875 0.456296296875 0.2296296296875 0.443703703125 0.234259259375 0.41777777812499994 0.23148148124999998 0.39851851875 0.2175925921875 0.396296296875 0.1759259265625 0.400740740625 0.15 0.40814814843749997 0.1351851859375 0.4296296296875