4 0.0497969671875 0.1359146515625 0.04546161875 0.1510284515625 0.0534085890625 0.1888204875 0.0690469625 0.20976579687500002 0.11574809531250001 0.234904071875 0.148737678125 0.23237979062499997 0.16591040625 0.23516151093749998 0.2087639703125 0.2267264109375 0.2963979203125 0.2031389640625 0.353712459375 0.1813101390625 0.40720512812500004 0.152871296875 0.429954146875 0.1347892375 0.45231070000000007 0.105260834375 0.45966710468749994 0.0838866140625 0.45853128906249996 0.066488684375 0.44508138124999996 0.046457026562499996 0.4243068421875 0.02775508125 0.39689355000000004 0.00941558125 0.10584486875000002 0.092872446875 0.082556678125 0.1057149671875 0.0497969671875 0.1359146515625
4 1 0.42972958281249996 0.999006671875 0.42626543593750005 0.9459027343749999 0.382157146875 0.8472334796875 0.3303085140625 0.8229561796875 0.31954629843750004 0.802296575 0.3146820546875 0.7808936203125 0.303866225 0.7585113703124999 0.3064312703125 0.7245742640625 0.30229192031249996 0.627532340625 0.30314751875 0.5893491234375 0.3009963109375 0.5677994625 0.29638728593749997 0.55444860625 0.3002155828125 0.533511471875 0.2977426953125 0.5033962375 0.3002133640625 0.487375209375 0.30480731875 0.36714414375 0.34236539062500004 0.3471386484375 0.3565783890625 0.311112128125 0.3753853421875 0.301378965625 0.385111609375 0.2780907734375 0.3979541296875 0.260682096875 0.41450486875000003 0.210953834375 0.4426348796875 0.1827177640625 0.4684550609375 0.16339815156249998 0.48170079218749995 0.114381465625 0.5358268953125 0.071783471875 0.59890075625 0.055698899999999996 0.6435837265625 0.055389600000000004 0.666019590625 0.0418284921875 0.7161437046875 0.092872446875 0.89415513125 0.1126261078125 0.9092968484374999 0.13710758437499998 0.920771109375 0.18568788281249998 0.9692588984375 0.20723754218749998 0.9738679234375001 0.227954615625 0.9856510187499999 0.24413080625 1 0.570270415625 1 0.8754639296875 0.91248716875 0.8909616703125 0.8926314203124999 0.9319360703124999 0.8608468031250001 0.9673084828125 0.8229626078125 0.9767641140625001 0.8156276953124999 1 0.8083317125 1 0.42972958281249996
0 0.626094696875 0.4761724015625 0.6681315578125 0.46488911875000005 0.6799957156249999 0.4491576515625 0.6859803578125 0.4297179625 0.6798391968749999 0.41837884531249997 0.650907434375 0.40818068125 0.6252424859375 0.4093752515625 0.6127816859374999 0.412948328125 0.5990799453125 0.42227138281250004 0.5938545390625001 0.4376404046875 0.5971788203124999 0.4559519859375 0.6044875671875001 0.4646445265625 0.626094696875 0.4761724015625
0 0.248464715625 0.5667324359375 0.26626585937499997 0.5616280406249999 0.274553903125 0.55693970625 0.281208540625 0.5465550046875001 0.285004715625 0.526201665625 0.2818112578125 0.51170553125 0.274298334375 0.5023009453125 0.2548796703125 0.49168672031250005 0.2431047515625 0.49429253281249996 0.22812048906250001 0.4924244640625 0.22153920624999998 0.4997057609375 0.2204290859375 0.5092711890625 0.226784234375 0.5583079640624999 0.23724485781250002 0.564555534375 0.248464715625 0.5667324359375
0 0.30651653125 0.5978630609375 0.3125745265625 0.5753199703125 0.308491009375 0.5610790578125 0.2991246203125 0.5552883125 0.2701036171875 0.5582158046875 0.25141241875000003 0.5635754203125 0.2403074953125 0.5752362203125 0.2308775609375 0.6095344890625001 0.2358511359375 0.623520184375 0.2549348 0.6296069140625 0.30651653125 0.5978630609375
0 0.2218059828125 0.8063249499999999 0.24713593281250001 0.8006028875 0.28939285625 0.7800093968749999 0.29085385937499997 0.764949209375 0.27667648749999996 0.7289437125 0.26552998125 0.7236634078125 0.2508807171875 0.7263228328125 0.2052102734375 0.741730396875 0.177194265625 0.758240371875 0.1938376328125 0.792768165625 0.2070258953125 0.8051689265625 0.2218059828125 0.8063249499999999
0 0.435883175 0.8844164859375001 0.446139621875 0.8899520109375001 0.46201394375 0.8915648609375 0.5008989265625 0.8827265484375 0.510077028125 0.87778299375 0.522700421875 0.8579808578125 0.5249047734375 0.84887225625 0.5238423109375 0.8283709234375 0.519481265625 0.816521365625 0.5029528359375 0.7958312765625 0.498575903125 0.7940039718749999 0.46838731562499997 0.7995780421875 0.43195244062500004 0.8169609031249999 0.4248735671875 0.835943765625 0.422653328125 0.8550746203124999 0.42577343437500004 0.8726741578125001 0.435883175 0.8844164859375001
0 0.317333171875 0.8976041640625001 0.3260295671875 0.8943399203125001 0.34138060000000003 0.8806909765625001 0.36131274062499996 0.8695813828125001 0.368375728125 0.8606207734375 0.3707267890625 0.8453053671875 0.3658265703125 0.8282162703125 0.354826771875 0.8167291593750001 0.34182679843749997 0.815062696875 0.324360653125 0.8246945859375 0.2698153359375 0.86961770625 0.2709670375 0.876993384375 0.30433319999999997 0.8959377015625 0.317333171875 0.8976041640625001
0 0.6502182734375 0.88614544375 0.672511284375 0.8967060546875001 0.69490941875 0.8841187546875 0.7091503343750001 0.8800352374999999 0.7253180687499999 0.869234478125 0.7326011203125 0.8509636609375001 0.733376240625 0.8368707390625 0.7280676703125 0.8183575515625 0.7068273109375001 0.7913126625 0.6804190109375 0.786555646875 0.6637854562500001 0.7890134640625 0.630559925 0.8108702062500001 0.62629793125 0.8228806046875 0.6387844265625 0.8462708859375001 0.6425011734375 0.8760288125000001 0.6502182734375 0.88614544375
0 0.8454304625000001 0.7338452281250001 0.842875228125 0.7484485890625 0.8353305343749999 0.7590885093749999 0.8374872281249999 0.7800466671875 0.849523790625 0.785071753125 0.8872570734374999 0.7688577640625 0.9022731078125 0.7506813250000001 0.9078078156249999 0.7128764421875 0.9271274296875 0.6996307093749999 0.9285725453125 0.6945927765625 0.891761090625 0.6905070390625 0.874865890625 0.6853339609375 0.82036823125 0.700190321875 0.7946873953125 0.71140714375 0.7963941578125 0.7140001078125 0.8178129953125 0.7147936828125 0.8379175406250001 0.7244406421875 0.8454304625000001 0.7338452281250001
0 0.9067135828125 0.712419615625 0.9348604125 0.6997250890625 0.9571277265625 0.683322340625 0.9603529578125001 0.6777739687500001 0.9555835593750001 0.66450031875 0.9333797890625 0.640814053125 0.9155945328125 0.6358961953125 0.900945265625 0.6385556203125 0.8788087750000001 0.6587738171875 0.8740650750000001 0.6724635250000001 0.8870173890625 0.7041967484375 0.8978863640625001 0.7118684109375 0.9067135828125 0.712419615625
0 0.8884844671875 0.642128696875 0.89861009375 0.6438487734375 0.9289295031249999 0.6420901515625 0.951735990625 0.63092694375 0.954275340625 0.6263458375 0.950322646875 0.6159203718749999 0.931883278125 0.591925271875 0.9149880796875 0.58675219375 0.897056115625 0.588041140625 0.8746579796875 0.600628440625 0.8646472890625001 0.612746065625 0.8649664015624999 0.6272958125 0.8701600359375 0.6319713 0.8884844671875 0.642128696875
0 1 0.44118890625 0.9947446765624999 0.438275834375 0.9612159203124999 0.43556057499999995 0.9100743124999999 0.44868400937499997 0.9000061546874999 0.453882784375 0.8865660578125001 0.4708367375 0.884419175 0.48686418906249995 0.8878168093750001 0.50207236875 0.9033977140625 0.5160988296875 0.9167326859375 0.5222927859375 0.9387065859374999 0.5183036484375 0.957617846875 0.503633825 0.9883040265625 0.486358190625 1 0.48402767031250005 1 0.44118890625
0 0.6150888250000001 0.51169315625 0.627141271875 0.5066959890625 0.6283247453125 0.494027159375 0.6184350671875001 0.472974621875 0.6039325078125 0.46942724062499996 0.579900965625 0.476318175 0.5636598765625 0.4902223390625 0.5713610890624999 0.5103612234375 0.58873799375 0.513854990625 0.6135862390625 0.5098122390625 0.6150888250000001 0.51169315625
0 0.69061355625 0.5936814359375 0.6956892171875 0.608023153125 0.7162338859374999 0.5990496953125 0.7216634671875 0.5843927203125 0.717040778125 0.5649122671875 0.701533228125 0.5477824046875 0.6695962953125 0.5338224078125 0.641187821875 0.5388860375 0.6235175015625 0.54780588125 0.606647996875 0.5695961625 0.6460067453125 0.5640896640624999 0.6790889515625 0.5786844984374999 0.69061355625 0.5936814359375
0 0.7518861671875 0.427772803125 0.7701274312499999 0.4040479921875 0.766043915625 0.3898070796875 0.7426566734375 0.37878964375 0.7232221234375 0.37819767187500003 0.708091153125 0.3825364078125 0.6938343515625001 0.39664217812499997 0.6865513015625 0.4149129953125 0.68762965 0.425392075 0.7172472921875 0.4346229734375 0.7518861671875 0.427772803125
0 0.8763731531250001 0.4252121984375 0.8737922203125 0.4128522015625 0.8532793249999999 0.40178115156249994 0.8058446531250001 0.40767690468750006 0.8008967765625 0.42065456718750005 0.81647768125 0.43468102656249996 0.8294776546874999 0.4363474890625 0.8563101906249999 0.43250634374999997 0.8763731531250001 0.4252121984375
0 0.81594224375 0.5134349625 0.8240994671875 0.5049311796875 0.82787975625 0.49460009375 0.8206027796875001 0.4658630453125 0.8107546843750001 0.46175161249999996 0.7978855328125001 0.463900596875 0.77541404375 0.47959129999999994 0.7666858765625 0.50290005 0.7697485140625 0.5135807359375 0.78964888125 0.522515646875 0.81594224375 0.5134349625
0 0.266702246875 0.45901414999999995 0.2996343609375 0.44957101875000005 0.310461753125 0.440301575 0.3133519859375 0.430225709375 0.307823353125 0.42102272812499997 0.2925040921875 0.41462716562499996 0.2808025265625 0.414129575 0.2620379734375 0.42259259218749995 0.24709529218749998 0.43766562656249997 0.2423515921875 0.4513553359375 0.2534247421875 0.45973904374999996 0.266702246875 0.45901414999999995
0 0.368818190625 0.71099901875 0.3834674578125 0.7083395921875 0.4111325828125 0.697324378125 0.42819037499999996 0.686268396875 0.43100725312500004 0.67929593125 0.43068814062499994 0.664746184375 0.4191491703125 0.648019534375 0.40218061718750003 0.645949859375 0.381709303125 0.6518199140625 0.3669133296875 0.6606861453125 0.357588521875 0.6718365046875 0.350027940625 0.6924986765625001 0.3545931625 0.70506028125 0.368818190625 0.71099901875
0 0.562993615625 0.5651608265625 0.5705383109375 0.55452090625 0.569590784375 0.5478572749999999 0.5626903890625 0.5405888265625001 0.5542715234375 0.5414617109375001 0.5120146015625 0.562055203125 0.5047474375000001 0.5703037671875 0.5057683171875 0.5738639937500001 0.51862158125 0.5817372625 0.562993615625 0.5651608265625
0 0.3275746765625 0.5671657859375 0.36659048125 0.5621429203125 0.3745594125 0.5429048390625 0.36110950625 0.5228731796874999 0.353376521875 0.5227788015625 0.3379680203125 0.52950889375 0.3155857703125 0.532073940625 0.30503590625 0.5389520250000001 0.29543356875 0.5524937421875 0.296511915625 0.5629728218750001 0.3006113171875 0.5671914828125 0.3275746765625 0.5671657859375
0 0.11718151875 0.8848728390625 0.1240403328125 0.8752001843749999 0.12563215625 0.8639554468749999 0.118004296875 0.8407131578125 0.10878461406249999 0.8287156078125 0.1011249828125 0.8255178265625001 0.080522846875 0.8275724328124999 0.07449662343749999 0.8300710171875 0.0900139859375 0.8841864906250001 0.1043123671875 0.887021825 0.11718151875 0.8848728390625
0 0.5000027953124999 0.92998963125 0.508536596875 0.9429544468750001 0.5224840953125 0.9512845406249999 0.5315154890625 0.952547790625 0.5479448687499999 0.9493779281249999 0.558903084375 0.9439239328125 0.5686362453125 0.9341976656250001 0.5718040078125 0.921730440625 0.56678885 0.8908036421875 0.5471085437500001 0.872558521875 0.5364278578125 0.8756211593750001 0.5278622859375 0.8827008515625 0.5109511984374999 0.887550028125 0.5027206234375 0.8991572124999999 0.4970135125 0.91620554375 0.5000027953124999 0.92998963125
1 0.22267407968750003 0.8630998484375001 0.2299828265625 0.8717923890625 0.239422571875 0.8744797312499999 0.256464478125 0.873446003125 0.28207195937499996 0.865332584375 0.297072109375 0.8571783999999999 0.342774325 0.821726328125 0.34757549375 0.81495546875 0.35757029687499997 0.8128600984375 0.360052178125 0.8013601390625 0.354832846875 0.7697212953125 0.3442414 0.7596582765625 0.33459747968750003 0.7562588890625 0.31399534375 0.7583134953124999 0.266193903125 0.7797262593750001 0.236790246875 0.8081930187499999 0.221145796875 0.8342555734375001 0.21886809375 0.846467578125 0.22267407968750003 0.8630998484375001
1 0.46947875312500004 0.3700452359375 0.48420137187499995 0.364282409375 0.5083637375000001 0.361206921875 0.5302801671874999 0.3502989328125 0.5384373890624999 0.3417951515625 0.538788271875 0.336300390625 0.5281968265625 0.326237371875 0.508908984375 0.3194385984375 0.4959090125 0.317772134375 0.4772178109375 0.32313175 0.448997628125 0.3389296796875 0.4380968796875 0.3513025234375 0.441290340625 0.36579865625 0.44716985625000005 0.369506878125 0.46947875312500004 0.3700452359375
1 0.540466996875 0.4429313375 0.5586764921875 0.4392510328125 0.5696347078125 0.4337970390625 0.5806503890625 0.4352618953125 0.5933153640625 0.4324008640625 0.6122425109375 0.4077087875 0.60986575625 0.3960608375 0.5923005609375 0.3818327703125 0.5747769468749999 0.384545809375 0.5346510234374999 0.3991341015625 0.5274572140625 0.4042792640625 0.526273740625 0.41694809375 0.5309697843750001 0.43332514375000003 0.540466996875 0.4429313375
1 0.1947398390625 0.6984972171875 0.2087032234375 0.69680505625 0.21936802187499999 0.7037646734375 0.22235730625 0.717548759375 0.2256400046875 0.7189192375 0.2706820359375 0.7113977890625 0.30190738906250003 0.6993616953124999 0.326174878125 0.6731383 0.3270808203125 0.6628608265625 0.3150442578125 0.657835740625 0.30067252187500004 0.658103809375 0.28911766562499996 0.6513994125 0.273903528125 0.6218559406249999 0.25487733281249997 0.6226880609375 0.2335159609375 0.6288133359375 0.2122854125 0.6387540578124999 0.17959905781250002 0.665850340625 0.174928709375 0.6764366468749999 0.185169271875 0.6919944265625 0.1947398390625 0.6984972171875
1 0.788928890625 0.6745287609374999 0.7935099984375 0.6770681093750001 0.8104210843749999 0.6722189328125 0.8296673421874999 0.6620766046875 0.84064144375 0.64660035625 0.8366312812500001 0.629256040625 0.8079770484375001 0.616666521875 0.791416846875 0.6160209359375 0.7771759328125001 0.620104453125 0.7666260703125001 0.6269825390625 0.76462589375 0.6368031859375 0.7662593 0.6424995515624999 0.7790392125000001 0.653476221875 0.788928890625 0.6745287609374999
1 0.5598151015624999 0.8866385953125 0.5654904421875 0.8896347703125 0.5672130890625 0.88220548125 0.5602711109375 0.8579959265625 0.5650148109375001 0.8443062171875001 0.5851670125 0.8238864140625 0.600297984375 0.819547678125 0.6131096671875 0.8104798421874999 0.6181883671875 0.8013176265625 0.6175501421875 0.77221813125 0.6117439796874999 0.765406509375 0.6025084109375001 0.7634312125 0.569314653125 0.765243446875 0.5444089390625 0.762367346875 0.5277753828125 0.7648251671875 0.5079007109375 0.7828536109375 0.5071255906250001 0.796946534375 0.5372347515625 0.84148373125 0.5476220203125 0.8508347046875 0.5598151015624999 0.8866385953125
2 0.7813472921875 0.40622489531249995 0.795923203125 0.406668871875 0.82967201875 0.4000739234375 0.8389968281250001 0.38892356562499997 0.8374526625 0.3701015421875 0.8278246265625 0.3566799015625 0.8171598281250001 0.34972028437499997 0.8036781484375 0.349733134375 0.78005495625 0.358048159375 0.7638138671875 0.3719523234375 0.761887046875 0.37866956875 0.7693840828125 0.3980964078125 0.7813472921875 0.40622489531249995
2 0.32093966093750004 0.651521709375 0.3273008828125 0.65355061875 0.37564149687500004 0.63737739375 0.38859988749999996 0.622102753125 0.390526709375 0.6153855078125 0.38679407656250003 0.595649834375 0.3736058140625 0.5832490734375 0.360810015625 0.5822946546875001 0.346364925 0.5856661265625001 0.3303597828125 0.580237828125 0.3161763375 0.5912401968750001 0.31041175625 0.601369678125 0.310233278125 0.6276209875000001 0.3145209703125 0.6425739484374999 0.32093966093750004 0.651521709375
2 0.5702704203125 1 0.6734209640625 0.97042205625 0.6340444625 0.9439540703124999 0.6131073296875 0.9414811828125 0.5838087984375 0.9468000328124999 0.5694211765625 0.9570903546875 0.55776119375 0.9735338671875 0.5529441390625001 0.9903269796874999 0.556419784375 1 0.5702704203125 1
2 0.7826129875000001 0.7734344296875 0.79322031875 0.7734751953125001 0.8367365203125001 0.7463558734375 0.8565992781249999 0.73584411875 0.8539752453125 0.7182949843750001 0.863202871875 0.7252814078125 0.8607423656250001 0.7125015828125 0.8668156625 0.7126865734375001 0.8795445296875 0.72348523125 0.8601600921875001 0.7020729046875 0.8535763546874999 0.7001078 0.853412828125 0.695338490625 0.848125046875 0.685295853125 0.8623476234374999 0.6819881875 0.8470858296875001 0.682511475 0.82553616875 0.6779024515625001 0.793363290625 0.683274915625 0.770818446875 0.7020690187499999 0.7638129265625 0.7179484781250001 0.7669746140625 0.7524891203124999 0.777827703125 0.7701830359375 0.7826129875000001 0.7734344296875
2 0.8093805828124999 0.5946874828125 0.8204696203124999 0.5930489375 0.861208071875 0.5805967828124999 0.8711454078124999 0.571582559375 0.874721521875 0.5605394265625 0.8744757640625 0.5428862765625 0.8684079578125001 0.52844375625 0.8552771625 0.5229618453125 0.8430205375 0.5272469671875 0.8164655328125001 0.5286967546875 0.813648653125 0.5356692203125 0.8194963984375001 0.5594219484375 0.807150534375 0.5768327265625001 0.8019251265625 0.592201746875 0.8093805828124999 0.5946874828125
2 0.1440187328125 0.6190290140625 0.157296234375 0.6183041203124999 0.1731130875 0.61299811875 0.1822911875 0.6080545640625 0.190040059375 0.5981266890625 0.196563875 0.583926540625 0.1954121734375 0.5765508640625 0.1861191359375 0.5676567171875 0.16907722812499998 0.56869044375 0.161736709375 0.5800424093750001 0.1384485171875 0.5928849296875 0.1343332296875 0.598688521875 0.1328722265625 0.613748709375 0.1440187328125 0.6190290140625
2 0.6881431265625 0.40366825781250004 0.6956303515625 0.3861094859375 0.6939235921875 0.3835165234375 0.6818136765625 0.381594840625 0.668756234375 0.3730095265625 0.6399394093749999 0.376649065625 0.6154102734375 0.3952415640625 0.621828965625 0.40418932500000004 0.6598654749999999 0.41254733593750004 0.6784833203125 0.410291121875 0.6881431265625 0.40366825781250004
2 0.3380315640625 0.48941988125 0.3624714578125 0.4839530390625 0.3723354390625 0.4780422171875 0.3799534875 0.4642988953125 0.3677286359375 0.4485395109375 0.36006900625 0.4453417296875 0.345142209375 0.4503925125 0.3203673171875 0.45133185937500003 0.31042998125 0.4603460828125 0.3065763390625 0.473780571875 0.3074505078125 0.48354760625 0.31243996875 0.487511046875 0.3380315640625 0.48941988125
1 0.16411953906250001 0.5446824968749999 0.215596146875 0.5360865546875 0.22458595625000002 0.5204087000000001 0.22189008906250002 0.49421100312500005 0.21391134687500002 0.4764634734375 0.1999479609375 0.478155634375 0.161120446875 0.493912796875 0.1382406046875 0.5081794078125 0.129920790625 0.5329122484375 0.134077659375 0.5440497609375 0.16411953906250001 0.5446824968749999