4 0.407330478125 0 0.2871033984375 0.0461508515625 0.27624715625 0.0772951578125 0.2709109828125 0.1047336265625 0.2722247625 0.1288259765625 0.2817879953125 0.1434041328125 0.3005264078125 0.1560471484375 0.3361517828125 0.1661750703125 0.3652020125 0.1669253421875 0.42503807812499994 0.1574449203125 0.48394841875 0.1403854453125 0.5681312828125 0.10648379062499999 0.60743203125 0.0874304421875 0.6194727015625 0.0748740546875 0.6473385031250001 0.057036409375 0.6695070953125 0.008854646875 0.669467853125 0 0.407330478125 0
4 1 0.407330478125 0.9959905640625 0.396885540625 0.9549947375000001 0.365015921875 0.9412454796875 0.3472839859375 0.9015088859375 0.3212785171875 0.8295298171875001 0.296541603125 0.7578094515625 0.2828135546875 0.7344086421875 0.28386187500000004 0.696319340625 0.28023385312500004 0.639675521875 0.28769544375 0.6158118499999999 0.2849542375 0.5894842515625001 0.2887129296875 0.5758575890625 0.28680275 0.5357672234375 0.29346415000000003 0.5112365296875 0.294152753125 0.39261271875000003 0.33651440625 0.3770530453125 0.3424872046875 0.3515150640625 0.3586378421875 0.336282146875 0.373213059375 0.3233157515625 0.3781903921875 0.3088792078125 0.39484023281249997 0.2796793625 0.419537496875 0.201663325 0.47725547187500006 0.1770510703125 0.5009851656250001 0.1576321265625 0.512406603125 0.147048096875 0.533925128125 0.133475978125 0.550243146875 0.1205641265625 0.573448678125 0.07296664375 0.6742374765625 0.0571009828125 0.7414226703125 0.1563595203125 1 0.5926695234375 1 0.8805953078125001 0.889475646875 0.9621506125 0.807389290625 0.9932699609375 0.7954436921875 0.9991235406250001 0.79002295 0.998932890625 0.7766076421875 1 0.7713275390625001 1 0.407330478125
0 0.3575395359375 0.49835115625000004 0.34543756875 0.5029966671875 0.32422171875 0.51748819375 0.30725319375 0.5430443781250001 0.30917269687500004 0.5557960421875 0.325651340625 0.5677196203125 0.34459391093749997 0.5731433 0.384956490625 0.5568561171875 0.3952750625 0.5346460515625 0.3958807859375 0.523305365625 0.387515490625 0.506680484375 0.3740929875 0.497550965625 0.3575395359375 0.49835115625000004
0 0.7125735609375 0.330328734375 0.701730828125 0.34083839375 0.6907587421875 0.3458436234375 0.6816381078125 0.3660069640625 0.6812978421875 0.378039190625 0.687471425 0.3915381890625 0.70275213125 0.4055084921875 0.7143164296875 0.40979722343749997 0.723757065625 0.40855362343749996 0.7410455921875 0.40191717968749996 0.7486960765624999 0.39342635000000004 0.7532904203124999 0.38214145781250003 0.7288547999999999 0.339154325 0.7222116015625 0.332183121875 0.7125735609375 0.330328734375
0 0.7367915125 0.40116984687499996 0.7186385609375 0.4081381125 0.6936995484375 0.4232653875 0.6897041749999999 0.43352691718749997 0.695013328125 0.44735773749999996 0.7134182296875 0.4617156578125 0.7737171593750001 0.4560247640625 0.785294965625 0.43967885000000007 0.7808502374999999 0.4255162046875 0.75267794375 0.403799465625 0.7367915125 0.40116984687499996
0 0.8351599859375 0.5308257234375 0.82186008125 0.537517959375 0.816135853125 0.5484431328125 0.82648195 0.5857305578124999 0.8367122046875 0.5968789046875 0.8828535562500001 0.587894746875 0.906526578125 0.57722064375 0.9176347687499999 0.5674025234375 0.92070441875 0.5495619406250001 0.9132170578125001 0.511970590625 0.8809065281249999 0.51564559375 0.8351599859375 0.5308257234375
0 0.7055375781250001 0.7202286734375 0.6780733421875 0.73394496875 0.6756774671875 0.7380384234374999 0.6749288828125 0.7645093203125 0.6785772375 0.776597340625 0.6900667281249999 0.7936098390625 0.6973088953125 0.7995576796874999 0.7193076078125 0.8077754203125 0.729612671875 0.8061999999999999 0.7659866296875 0.7898570234375 0.7776937890625 0.7790155390625 0.782553590625 0.7684221875 0.7835608781250001 0.752960153125 0.7754610390625001 0.7370268125 0.7621746421875 0.723084403125 0.74509703125 0.7121841890625 0.7055375781250001 0.7202286734375
0 0.8159322 0.6564292484375 0.8065528609375001 0.6655837234375 0.8046811484375 0.6813775828125 0.8110521343749999 0.6979745671875001 0.8221468156249999 0.7087910921875 0.8331801999999999 0.7116967390625 0.8557846343750001 0.7085737937500001 0.8762586546875 0.71023584375 0.8851683749999999 0.7076091625 0.8945477125 0.6984546875000001 0.9097941390625 0.6632448265625001 0.9062751359375 0.6566612359375 0.8356778984375 0.653610228125 0.8159322 0.6564292484375
0 0.5431277640625 0.8293849625 0.5283644640625 0.8374323859375 0.5101367031249999 0.8571244203124999 0.5094494171874999 0.8915061953125001 0.5163513187500001 0.9094862625 0.5254516890625001 0.9202748906249999 0.5422638453124999 0.9304835640625001 0.56167603125 0.9293794500000001 0.575506853125 0.92407029375 0.6009700265625 0.920643425 0.6124184828125 0.8987930765625001 0.612493290625 0.886069309375 0.5975528484375 0.860066778125 0.5934483859374999 0.8338719093750001 0.5828165671875001 0.8268449109375 0.5431277640625 0.8293849625
0 0.3646200984375 0.8526815140625 0.31215555 0.8736142078125001 0.3017756796875 0.887913396875 0.274835603125 0.9133300984374999 0.27902162812500003 0.916483878125 0.30242243750000003 0.91543555625 0.32959419843750004 0.9422970078124999 0.352525390625 0.9477764828125 0.392418353125 0.9380170937500001 0.3990070078125 0.9267600968749999 0.388116484375 0.9087242359375001 0.3756877609375 0.904767328125 0.3648585375 0.8946423453125 0.365198803125 0.8826101187500001 0.3754493203125 0.8628064984374999 0.39207758125000003 0.8492825421875001 0.3918801765625 0.8461845531250001 0.3646200984375 0.8526815140625
0 0.2631757265625 0.8519503234375 0.2498758203125 0.8586425609375 0.2386315234375 0.8732735703125 0.23515355468750002 0.9055528265625 0.23933282500000003 0.9190239296874999 0.245247703125 0.9215140640625 0.272902590625 0.9212130765625 0.30302140624999996 0.9144121921874999 0.30973941250000003 0.9086596281249999 0.313802840625 0.8959916531250001 0.3050494890625 0.8628534765625 0.29302232968749997 0.8547752203125001 0.2631757265625 0.8519503234375
0 0.23588136718750002 0.8092671156250001 0.22078455625 0.8190294437500001 0.2104046875 0.83332863125 0.2101189640625 0.863589059375 0.2132364046875 0.8742939968749999 0.21802139843749999 0.8764244124999999 0.24295365468750002 0.871614459375 0.268226178125 0.85477228125 0.27527769375 0.8473048125 0.28379936250000004 0.8281648374999999 0.2851334046875 0.8213052187500001 0.27663200312499997 0.8094932281249999 0.261344540625 0.805840246875 0.23588136718750002 0.8092671156250001
0 0.136717028125 0.7783033968749999 0.160648753125 0.77863815625 0.1805986125 0.7685998015625 0.187520778125 0.7556279015625 0.1915229078125 0.73504905 0.1850838671875 0.720858509375 0.1737237296875 0.70935044375 0.15278684843749998 0.7038988671874999 0.1416173578125 0.705806109375 0.09287597343750001 0.72610305625 0.06773280312499999 0.7484496671875001 0.06347196875 0.7580196546875 0.0775412296875 0.79467133125 0.10181321875 0.782973865625 0.136717028125 0.7783033968749999
0 0.4219361734375 0.5291724546875 0.39859666250000003 0.538131653125 0.389149271875 0.549692575 0.39392075625 0.5724576359375 0.40249021249999994 0.5818631812499999 0.4151230953125 0.578600753125 0.4151911484375 0.5761943078125 0.437468828125 0.5644689453125 0.449244040625 0.5512210171875 0.44327461875 0.5305026828125 0.4219361734375 0.5291724546875
0 0.41064459375 0.6160247234375 0.384909209375 0.6290773734374999 0.3678045765625 0.6594464484375 0.3657287046875 0.6824596421875 0.373760490625 0.7007994281250001 0.386917534375 0.7092374046875001 0.4087255984375 0.7040398375 0.404148140625 0.6895314234375001 0.40432671718749996 0.6706186562500001 0.42196395156250005 0.6390533328125 0.4567111375 0.6197643328125 0.43012483437500004 0.6125141625 0.41064459375 0.6160247234375
0 0.26311966249999996 0.5314217859375 0.248424415625 0.5370627625 0.23325955 0.5492315359375 0.2212121265625 0.5721052453125 0.22652128125 0.5859360671875 0.25536735 0.5939056765624999 0.28715372031249997 0.57853026875 0.305252128125 0.5533338031249999 0.29980686875 0.5443158734375 0.2829947140625 0.5341071984375 0.26311966249999996 0.5314217859375
0 0.2001801734375 0.6103294046875 0.1587490078125 0.6341677453125001 0.14902940468749998 0.6553544484375 0.1544066125 0.6667788234375001 0.1748193328125 0.6605299953125 0.1985604078125 0.6474494484375 0.20793974531249998 0.638294971875 0.2119418765625 0.6177161203125 0.2001801734375 0.6103294046875
0 0.240372871875 0.6504417250000001 0.22880182031250001 0.6564703171875 0.22341110312499998 0.6656805859375 0.23489383749999998 0.69301040625 0.24413031406250002 0.6989861421875 0.2557626671875 0.7008684281249999 0.282226371875 0.69229684375 0.2927423484375 0.6731847656250001 0.2887604828125 0.66281165 0.267762303125 0.6494491953125 0.240372871875 0.6504417250000001
0 0.6233807734375 0.29950449687499997 0.614334946875 0.3069440671875 0.605949384375 0.321271153125 0.607072515625 0.33194819375 0.615444565625 0.3382557546875 0.6296701953125 0.3391425734375 0.6616539703125001 0.32686515312500003 0.6726941078124999 0.3194534765625 0.676492078125 0.3060939609375 0.66446491875 0.2980157046875 0.6434599828125 0.2949705734375 0.6233807734375 0.29950449687499997
0 0.68583865625 0.5500596546875001 0.6659568499999999 0.557691565625 0.6536507234375 0.5695564125 0.654501640625 0.5898592359375 0.6630030421875001 0.6016712265625 0.6694488359374999 0.60554444375 0.68972545 0.6041085078124999 0.7184489234375 0.5962563624999999 0.7317488296875 0.589564125 0.739535421875 0.576260403125 0.7356216078125 0.563480840625 0.7171486546875 0.5515293671875 0.7029910765625 0.548236103125 0.68583865625 0.5500596546875001
0 0.48160911406249995 0.5657742125 0.47436019375000005 0.5701436953125001 0.4732235546875 0.5801013 0.4764771 0.585993346875 0.48890582499999996 0.5899502546875001 0.53431885625 0.576485028125 0.5398456781250001 0.56246186875 0.538518390625 0.5590041640625001 0.5277504656249999 0.55679005625 0.48160911406249995 0.5657742125
0 0.66658233125 0.414632134375 0.6471633890625 0.4260535703125 0.630807340625 0.42995174687500004 0.624688303125 0.4346809484375 0.6260020843749999 0.45877329843750003 0.6439441218749999 0.46934169062500003 0.6781263656250001 0.44987283125 0.6996757265625 0.4336664 0.7004108 0.42783014531249997 0.6949655390625 0.41881221562500004 0.6791471625 0.41377615 0.66658233125 0.414632134375
0 0.6969618765625001 0.821907228125 0.686588759375 0.8258890937500001 0.6818515546875 0.8523042000000001 0.6964584859375 0.8800216359374999 0.7064913359375 0.888071996875 0.720117996875 0.8899821765624999 0.7321519140625 0.8877431124999999 0.7471806703125 0.88038723125 0.7536332203125 0.8739431265625001 0.7597590109375 0.8588966031249999 0.7587719875000001 0.8434066703124999 0.7528638640625 0.8305992140624999 0.7380460203125 0.8204184359375001 0.7244874125 0.816101809375 0.7080633109375001 0.8224064312499999 0.6969618765625001 0.821907228125
1 0.804006865625 0.594357934375 0.786316775 0.6051157265625 0.7806606015625001 0.6136344546875 0.778257971875 0.6280452296875 0.793130359375 0.6564542062500001 0.8020333265625 0.6641448484375 0.81127655625 0.6598032640625 0.8191857453125 0.662321296875 0.877020746875 0.6631303 0.8939077093750001 0.6606152062499999 0.91924153125 0.6516839046875 0.933473915625 0.6422534 0.9393955484375001 0.6344262125 0.940001271875 0.6230855265625 0.9330313171875 0.60751190625 0.92386289375 0.599129721875 0.89568384375 0.5877303046875 0.8550693171875 0.5826913015625 0.804006865625 0.594357934375
1 0.4117526953125 0.3450360703125 0.39359974062499997 0.35200433750000004 0.3842204046875 0.3611588125 0.372908053125 0.37819626875 0.370505425 0.39260704375 0.37409248125 0.3967841875 0.3857248328125 0.39866647187500004 0.40979266406250003 0.3941883421875 0.43094045937500003 0.3821032609375 0.4461666234375 0.377845365625 0.46365930781250003 0.3639895859375 0.46612323437500003 0.3574896875 0.4599496546875 0.3439906875 0.4437977671875 0.340669528125 0.4117526953125 0.3450360703125
1 0.3707984078125 0.452796075 0.3551706796875 0.46117531874999995 0.34970515625 0.48310935625000007 0.35481690625 0.493842190625 0.3847928609375 0.50217151875 0.3966293703125 0.4968344671875 0.4045453140625 0.48903517812499997 0.4165792296875 0.4867961125 0.433336840625 0.4787765859375 0.4351405 0.46538917343749997 0.429034971875 0.44948372968749994 0.4204655171875 0.440078184375 0.41162384999999996 0.44029841875000003 0.3707984078125 0.452796075
1 0.7903454171875001 0.44250080625 0.769599184375 0.4504645390625 0.75390340625 0.46125022812500005 0.7595325609375 0.494000790625 0.75433925 0.5063090453125 0.74270014375 0.5147440828125001 0.7361114890625 0.5260010796875 0.74302014375 0.533663825 0.7781826578125 0.54000221875 0.8103638343749999 0.530822784375 0.8508625203125 0.5097227109375 0.8526594265625 0.5066526203125 0.8467513046875 0.4938451625 0.8510801890625 0.4818687296875 0.8632502109375 0.474816775 0.8669801296875 0.4638637046875 0.8657957015625 0.44527578593749995 0.855694796875 0.4396318703125 0.8132833625 0.4376629578125 0.7903454171875001 0.44250080625
1 0.35091812187500004 0.762728321875 0.3370873 0.7680374765625 0.3242502578125 0.7785192421875 0.3089425328125 0.8058182265625 0.31617794374999997 0.8220833890625 0.33425608906250004 0.8278388921875001 0.355730640625 0.824356228125 0.3721547421875 0.8180516062500001 0.3742851578125 0.8132666125 0.369513671875 0.79050155 0.3731142390625 0.77404405 0.3709905765625 0.7685117203125 0.363482953125 0.7618723390625 0.35091812187500004 0.762728321875
1 0.63719335625 0.728214425 0.6224300546875 0.736261846875 0.6042703484375 0.7535474359375 0.576670003125 0.7720766218749999 0.5704829140625 0.77921226875 0.56994524375 0.7881465078125001 0.5869480484375 0.811770490625 0.5965180359375 0.816031325 0.6122070625 0.81556295625 0.626902309375 0.8099219796874999 0.6552855171874999 0.8141020609374999 0.667312678125 0.8221803187500001 0.676338240625 0.845692715625 0.6821850656249999 0.8505892953125 0.6849144500000001 0.8447809390625001 0.673104959375 0.8088487000000001 0.6757730453125 0.795129465625 0.6730161359375 0.741440334375 0.6639157640625 0.7306517046875001 0.63719335625 0.728214425
2 0.167038990625 0.5627496171875 0.156264309375 0.5708528328125 0.1519354234375 0.582829265625 0.152323478125 0.5993425609374999 0.162417628125 0.6153037984374999 0.17657520468750001 0.6185970609375 0.20749714687499998 0.6035534765625 0.21887079531250003 0.5944268984375001 0.22353319218749998 0.5807355609375 0.217829228125 0.5607087671875 0.21224786093749998 0.5565037265624999 0.190909415625 0.5551735 0.167038990625 0.5627496171875
2 0.6837690328125 0.4619887484375 0.6742535875 0.47595611406250005 0.6606882234375 0.4819568109375 0.651043428125 0.4904197453125 0.647973778125 0.508260328125 0.6568699890625 0.5262682921875 0.66245135625 0.5304733328125 0.681992896875 0.53487365 0.7303327171875 0.518698053125 0.7341919875 0.513249415625 0.7339332828125 0.5022405515624999 0.7283586703125 0.4877181890625 0.7124176984374999 0.4668603703125 0.701717825 0.46223981875 0.6837690328125 0.4619887484375
2 0.7388496546875001 0.9129425156250001 0.7196416265625001 0.9068272953125 0.7019582890625 0.9072677656250001 0.6753584781249999 0.9206522406250001 0.6601255609375001 0.93522745625 0.644606921875 0.9800631 0.7569823437500001 0.9369262171875 0.7528030734375 0.9234551156249999 0.7388496546875001 0.9129425156250001
2 0.37600725625 0.822920290625 0.3470796234375 0.8379917718750001 0.3326430796875 0.8546416125 0.3201395453125 0.8634084718749999 0.333488803125 0.8574907312500001 0.335309603125 0.8686934046875001 0.338049246875 0.87260075625 0.333973871875 0.8781323515624999 0.3313790296875 0.9068988421874999 0.3350459609375 0.8906142265625 0.33978498125 0.886811484375 0.345511025 0.8984986765625 0.348676 0.887365746875 0.3571416875 0.902960290625 0.3793309234375 0.8994016468750001 0.430405321875 0.8948713953125 0.43885217968749995 0.8884551875 0.440717140625 0.8829786531250001 0.43873633749999996 0.8623161109374999 0.42047429843749995 0.8328279765625 0.4053229421875 0.8243621046875 0.37600725625 0.822920290625
2 0.2645295265625 0.7133719593750001 0.2424492515625 0.728195309375 0.230081825 0.7321492796875 0.222894203125 0.7444296375 0.2267399625 0.75961564375 0.23716762187499998 0.7738619765625 0.24666955625 0.78052925625 0.2600307609375 0.781747896875 0.3000598296875 0.7671756171874999 0.3099020296875 0.7618106703125 0.31436026875 0.7553386671875 0.30093776562499996 0.74620915 0.280599853125 0.7397342109375 0.2709753203125 0.717245178125 0.2645295265625 0.7133719593750001
2 0.8056256171875 0.35570433125 0.7913932328125 0.3651348375 0.7893241140625 0.3778307078125 0.7928431171875 0.384414296875 0.8065991312499999 0.391828909375 0.8187624 0.39509427656249996 0.8290674609375 0.39351885468750003 0.84489259375 0.388237596875 0.8559327296875001 0.3808259234375 0.8616569578125001 0.3699007484375 0.851426703125 0.3587524015625 0.8446474 0.3565940890625 0.8183198 0.36035278125 0.8056256171875 0.35570433125
2 0.3140049734375 0.4857052015625 0.2888005046875 0.500140934375 0.2835391390625 0.5148556375 0.2750242265625 0.5236782890625 0.27522163125 0.526776275 0.291768328125 0.536293409375 0.3034687328125 0.5357692484375 0.319695428125 0.5263666406249999 0.3450427578125 0.49680069375 0.34478405625 0.4857918296875 0.3140049734375 0.4857052015625
2 0.6141718203125001 0.3530262484375 0.5938204 0.367185953125 0.5788596921875 0.3721353890625 0.5746669125 0.37929893125 0.574387946875 0.3992420359375 0.5887429281250001 0.405633284375 0.600177875 0.40441758437499997 0.6229864703125 0.394075303125 0.6422760609375 0.37714943437500004 0.6438755640625 0.37098135781249997 0.638695759375 0.36265496875 0.627533025 0.35424488906249996 0.6141718203125001 0.3530262484375
1 0.7264859453125 0.3019784890625 0.7143159234375 0.30903044375 0.7186245453125 0.328005978125 0.7322376968750001 0.3505508046875 0.748852446875 0.3576614921875 0.7951366609375 0.333547121875 0.8187483828125 0.314962140625 0.8153654843749999 0.3035656625 0.7938363890625 0.2888201265625 0.766977875 0.2911957375 0.7264859453125 0.3019784890625