4 0.6620370375 1 0.6833333328125 0.9765142156250001 0.7175925921874999 0.923362175 0.7638888890625 0.8665018546875001 0.771296296875 0.8467243515625 0.7879629625 0.820766378125 0.8129629625 0.7490729296875 0.8296296296874999 0.6724351046875 0.8259259265625 0.5784919656249999 0.8194444437499999 0.540173053125 0.8101851859375 0.52039555 0.7870370375 0.48825710781250004 0.703703703125 0.4128553765625 0.5555555562500001 0.3893695921875 0.4620370375 0.3881334984375 0.3851851859375 0.3918417796875 0.3083333328125 0.4128553765625 0.23055555625 0.44375772500000005 0.1648148140625 0.47960444999999996 0.12407407343750002 0.5080346109375 0.1148148140625 0.5191594562499999 0.0648148140625 0.541409146875 0 0.5957972812500001 0 1 0.6620370375 1
1 0.64609375 0.60390625 0.11484375 0.096875
1 0.70546875 0.5828125 0.0625 0.0703125
1 0.52890625 0.52421875 0.10546875 0.1109375
1 0.42734375 0.48046875 0.0875 0.06015625
1 0.3515625 0.51640625 0.0484375 0.0953125
1 0.29140625 0.59140625 0.08125 0.13671875
1 0.2734375 0.50546875 0.09765625 0.040625
1 0.2265625 0.64375 0.1234375 0.1125
1 0.07421875 0.67734375 0.06875 0.0828125
1 0.16484375 0.74765625 0.06875 0.0828125
1 0.16015625 0.83515625 0.1421875 0.1
1 0.39375 0.9171875 0.08671875 0.10390625
1 0.38359375 0.73359375 0.0890625 0.109375
1 0.29453125 0.740625 0.07421875 0.096875
1 0.4609375 0.7421875 0.06640625 0.1015625
1 0.52265625 0.6875 0.09296875 0.10234375
1 0.62109375 0.79453125 0.15390625 0.10078125
0 0.59296875 0.728125 0.09140625 0.1046875
0 0.63203125 0.4921875 0.0640625 0.05234375
0 0.434375 0.421875 0.0375 0.040625
0 0.3625 0.625 0.084375 0.08828125
0 0.11796875 0.56640625 0.08203125 0.0828125
0 0.05234375 0.871875 0.084375 0.0875
1 0.1015625 0.73984375 0.10078125 0.0703125
1 0.02734375 0.73515625 0.05390625 0.05859375
1 0.46875 0.5953125 0.08515625 0.08046875
1 0.37265625 0.8171875 0.12109375 0.06953125