4 0.3756203078125 1 0.385526853125 0.9975668875 0.44365131093750004 0.9726593828125001 0.5138285671875 0.9514086015625001 0.5310290265625001 0.939154478125 0.5593618328125001 0.926954225 0.620178240625 0.8814974843750001 0.6768508609375 0.8272817296874999 0.7263126890625 0.747328253125 0.742366959375 0.7119360359375 0.7457501265625 0.6903620312500001 0.74453103125 0.650773775 0.7176086781250001 0.5416634984375001 0.6079213828125 0.43934950781250004 0.53108223125 0.3860298484375 0.4652955140625 0.3461291421875 0.3898317859375 0.3205751921875 0.3080707140625 0.30270162031250003 0.23352393437500002 0.2956581453125 0.183850384375 0.296445884375 0.1699531765625 0.30049108593749996 0.116059428125 0.2909772703125 0.031912053125 0.29982309375 0 0.34713465781249997 0 0.765854715625 0.34713465781249997 1 0.3756203078125 1
1 0.56328125 0.66796875 0.15 0.1453125
1 0.62421875 0.68359375 0.090625 0.09375
1 0.51015625 0.5359375 0.15 0.1515625
1 0.45078125 0.44296875 0.10625 0.0984375
1 0.36796875 0.43046875 0.09375 0.10625
1 0.27578125 0.459375 0.14375 0.159375
1 0.309375 0.378125 0.103125 0.0890625
1 0.19296875 0.46640625 0.165625 0.1625
1 0.04921875 0.40859375 0.0984375 0.1078125
1 0.08359375 0.51796875 0.103125 0.1078125
1 0.05859375 0.5875 0.1171875 0.1625
1 0.17890625 0.78671875 0.1296875 0.134375
1 0.27265625 0.62890625 0.134375 0.140625
1 0.1953125 0.584375 0.115625 0.121875
1 0.33203125 0.67890625 0.1125 0.121875
1 0.4140625 0.66796875 0.134375 0.1375
1 0.4359375 0.81171875 0.184375 0.1703125
0 0.44921875 0.74140625 0.134375 0.1375
0 0.6140625 0.5671875 0.0828125 0.0796875
0 0.4890625 0.3984375 0.053125 0.0546875
0 0.31640625 0.5265625 0.11875 0.1203125
0 0.14609375 0.34140625 0.1140625 0.1140625
1 0.0484375 0.47578125 0.096875 0.1140625
1 0.0078125 0.4296875 0.015625 0.078125
1 0.42109375 0.56171875 0.115625 0.1140625
1 0.2171875 0.69140625 0.1390625 0.125