4 0.4503452453125 1 0.493366353125 0.9759601468750001 0.5609378609375 0.9474902593750001 0.5767631890625 0.933505328125 0.6036655125 0.9184103234375 0.6593972375 0.8668455546875 0.710092309375 0.8070028984375 0.7509257671875 0.722317246875 0.763192596875 0.6854407828125 0.7643021328125 0.663631325 0.758951615625 0.62438736875 0.7207716171875 0.5186889609375 0.6009904749999999 0.4284009015625 0.5189988343749999 0.3834052109375 0.4494017453125 0.3505996703125 0.3716803 0.3330738140625 0.288498825 0.32384451406250003 0.21362417812499998 0.32463188593750003 0.16430508593749998 0.3306076078125 0.150906846875 0.3360833046875 0.09631387031250001 0.3322550375 0.0135521046875 0.349848196875 0 0.3753359984375 0 0.800430309375 0.3753359984375 1 0.4503452453125 1
1 0.58046875 0.66015625 0.146875 0.1390625
1 0.6421875 0.66953125 0.0875 0.0921875
1 0.5140625 0.53515625 0.1453125 0.146875
1 0.4453125 0.4484375 0.10625 0.09375
1 0.3609375 0.44453125 0.0875 0.10625
1 0.27265625 0.4828125 0.1359375 0.159375
1 0.29765625 0.3984375 0.1046875 0.08125
1 0.19140625 0.4984375 0.1625 0.1578125
1 0.0453125 0.45703125 0.090625 0.1046875
1 0.0875 0.5609375 0.1 0.1046875
1 0.0640625 0.63671875 0.128125 0.1546875
1 0.21015625 0.81875 0.125 0.1328125
1 0.2875 0.6515625 0.1296875 0.1390625
1 0.20546875 0.615625 0.1109375 0.1203125
1 0.3515625 0.6953125 0.10625 0.1203125
1 0.43203125 0.6765625 0.1296875 0.134375
1 0.46875 0.8171875 0.1828125 0.1609375
0 0.475 0.7453125 0.1296875 0.1359375
0 0.6203125 0.55546875 0.08125 0.0765625
0 0.47890625 0.4 0.0515625 0.053125
0 0.31953125 0.54609375 0.115625 0.1171875
0 0.13125 0.37890625 0.1109375 0.1109375
1 0.0484375 0.525 0.096875 0.109375
1 0.42734375 0.56953125 0.1125 0.1109375
1 0.23828125 0.7203125 0.1390625 0.11875