4 1 0.222222221875 0.9861111109375 0.2175925921875 0.8388888890624999 0.134259259375 0.7925925921875 0.11388888906250001 0.7212962968750001 0.075 0.6833333328125 0.0648148140625 0.659259259375 0.0638888890625 0.6453703703125 0.0574074078125 0.5944444437499999 0.045370370312500005 0.5527777781250001 0.0425925921875 0.5166666671875 0.05 0.48518518593750004 0.051851851562499995 0.45370370312499997 0.0620370375 0.42592592656250006 0.0888888890625 0.34444444375 0.12222222187500001 0.2824074078125 0.1583333328125 0.24907407343750002 0.1648148140625 0.2388888890625 0.171296296875 0.21944444375 0.19351851874999998 0.1898148140625 0.21296296250000002 0.1703703703125 0.23148148124999998 0.1148148140625 0.2518518515625 0.1074074078125 0.25833333281250004 0.1046296296875 0.2629629625 0.10648148125000001 0.2796296296875 0.08148148125 0.2953703703125 0.053703703125 0.322222221875 0.040740740625 0.3416666671875 0.03148148125 0.34629629687499996 0.0129629625 0.36666666718749996 0 0.36944444375 0 0.7259259265625 0.015740740625 0.746296296875 0.03148148125 0.7787037031249999 0.0388888890625 0.784259259375 0.039814814062499995 0.7981481484375 0.0231481484375 0.8074074078125 0.025 0.8231481484375 0.0324074078125 0.8259259265625 0.037037037499999995 0.8351851859374999 0.046296296875 0.8388888890624999 0.0509259265625 0.847222221875 0.0648148140625 0.852777778125 0.0703703703125 0.8462962968750001 0.07685185156249999 0.8453703703125001 0.1 0.8583333328125 0.1074074078125 0.86944444375 0.1166666671875 0.8731481484374999 0.12129629687500001 0.884259259375 0.12129629687500001 0.8981481484374999 0.1351851859375 0.9120370375 0.1629629625 0.925 0.177777778125 0.9277777781250001 0.1898148140625 0.9379629625 0.1981481484375 0.9370370375 0.20277777812500003 0.9277777781250001 0.20833333281250002 0.9277777781250001 0.2898148140625 0.9444444437499999 0.325 0.95648148125 0.378703703125 0.959259259375 0.4148148140625 0.9703703703125001 0.4453703703125 0.972222221875 0.4888888890625 0.98055555625 0.546296296875 0.9851851859374999 0.6601851859375001 0.978703703125 0.7759259265625 0.9509259265625 0.8398148140625 0.9268518515625 0.878703703125 0.9046296296874999 0.93148148125 0.865740740625 1 0.7925925921875 1 0.222222221875
3 0.72578125 0.62890625 0.1265625 0.175
3 0.8953125 0.5140625 0.09296875 0.11640625
3 0.609375 0.4703125 0.2859375 0.109375
3 0.36796875 0.40625 0.11640625 0.19765625
3 0.2234375 0.446875 0.18828125 0.1171875
3 0.25859375 0.6625 0.16484375 0.17109375
3 0.5703125 0.221875 0.0703125 0.1171875
3 0.6921875 0.14296875 0.08515625 0.12578125
3 0.5140625 0.21015625 0.05546875 0.04765625
3 0.271875 0.2015625 0.03515625 0.04140625
3 0.93984375 0.4265625 0.11015625 0.08125
3 0.22109375 0.30625 0.11484375 0.1
1 0.33984375 0.715625 0.09140625 0.14296875
1 0.509375 0.765625 0.096875 0.08828125
1 0.7640625 0.36796875 0.12734375 0.0609375
3 0.52421875 0.3234375 0.16171875 0.13046875
3 0.39921875 0.28203125 0.11953125 0.05546875
3 0.71484375 0.27265625 0.1125 0.059375
3 0.8625 0.20390625 0.08359375 0.053125