4 1 0.410604865625 0.9968044796875001 0.40962211562500006 0.980131825 0.38771526562499997 0.9713112984375 0.3822962546875 0.960092359375 0.3617960046875 0.9347605765625 0.33262534062500004 0.9112276046875 0.3147656046875 0.9145250062500001 0.2983237578125 0.912161296875 0.293469646875 0.9053469765625 0.28636723124999997 0.8517782203125 0.261232390625 0.8340217640625 0.2410896453125 0.806199578125 0.2191368015625 0.7887659203124999 0.19530444687499998 0.7791843921875 0.1879599296875 0.7465427984375 0.178597921875 0.6878891234375 0.137217340625 0.60962289375 0.09690927187500001 0.5842911125 0.06773860625 0.5538171234375 0.0548483859375 0.5226168390625 0.050259790625 0.48728873906250003 0.0397332796875 0.44553852968749996 0.0388689984375 0.39375729375 0.04642174375 0.3793563578125 0.0516680640625 0.35529319375 0.05049227187500001 0.31658699375 0.057330010937499995 0.24217261093750003 0.089857034375 0.194277090625 0.10611489999999998 0.040352115625000004 0.17629986250000002 0.026112579687499998 0.179701378125 0 0.47816953125 0 0.7779670203125 0.0382840296875 0.8267428984375 0.0874715828125 0.8700836890625 0.12427569375 0.8956107390625 0.1858232703125 0.9251614874999999 0.298702590625 0.9629210328125 0.4115932 0.9793039218749999 0.469185653125 0.9796952937500001 0.51326486875 0.9751865593750001 0.5438655515625 0.976004846875 0.5808076453125001 0.9680833078125 0.6345490890625001 0.9699966859375 0.6706494828125 0.96107204375 0.753273496875 0.9515703796875 0.7588079109375 0.952054578125 0.7626129265625 0.9616821015625 0.77083385 0.9633308015625 0.7837127796875001 0.9542334718750001 0.79871331875 0.952757459375 0.8275151890625001 0.94226481875 0.8425617234375 0.9296392765625001 0.8437722203125 0.9158032390624999 0.8493526296875 0.9051379078125 0.8588994546875 0.9022552953125 0.867247071875 0.8918320640624999 0.89143693125 0.8809359234375 0.8978130484375001 0.8824232249999999 0.902782565625 0.8893642406250001 0.9171028 0.8850403203124999 0.9224411109374999 0.8771421984375 0.9319879343749999 0.8742595859375 0.9374069453124999 0.865439059375 0.9450282640625 0.86331745 0.9482449656249999 0.8477980078125 0.9324487187500001 0.8371213859375001 0.9345816171875001 0.8233660484374999 0.9424450359375 0.8184772312499999 0.9609503703125 0.787565040625 0.9784066078125001 0.7686440812499999 1 0.521830475 1 0.410604865625
3 0.2640625 0.60859375 0.140625 0.1859375
3 0.1046875 0.4796875 0.103125 0.1234375
3 0.39375 0.4609375 0.29375 0.134375
3 0.63984375 0.41796875 0.1328125 0.2078125
3 0.78046875 0.47109375 0.1984375 0.1328125
3 0.7265625 0.6828125 0.1796875 0.184375
3 0.45390625 0.2171875 0.0796875 0.1234375
3 0.33984375 0.12734375 0.0953125 0.1328125
3 0.5109375 0.21015625 0.059375 0.0515625
3 0.753125 0.22265625 0.0390625 0.04375
3 0.06796875 0.38828125 0.1171875 0.090625
3 0.79453125 0.33125 0.1234375 0.109375
1 0.640625 0.72890625 0.103125 0.15
1 0.4671875 0.7640625 0.1046875 0.096875
1 0.2484375 0.3453125 0.1328125 0.071875
3 0.49140625 0.321875 0.171875 0.14375
3 0.61953125 0.29140625 0.1234375 0.065625
3 0.30546875 0.2546875 0.1171875 0.06875
3 0.16484375 0.1734375 0.0875 0.0609375