4 1 0.361337728125 0.8613425687499999 0.130573009375 0.8488004796874999 0.134868409375 0.8224354953124999 0.1269453359375 0.8121143249999999 0.1277458390625 0.7909882671874999 0.117755115625 0.7533483390625 0.1090452 0.723812075 0.10842870468750002 0.716815453125 0.0931888078125 0.712049996875 0.0906511015625 0.7023624015625 0.088910484375 0.6442504796875 0.100062896875 0.6180455953124999 0.09420405625 0.5826334171875 0.092797303125 0.5545209843750001 0.0837637703125 0.542452365625 0.0834538125 0.5105419125 0.0950660359375 0.43876719687500004 0.0960642078125 0.3517559984375 0.10945803125 0.3141160703125 0.10074811406249999 0.2818854140625 0.10823186874999999 0.25394674375 0.12285868281250001 0.219178384375 0.1351078921875 0.18489374218750002 0.15894883124999998 0.1474412359375 0.195495378125 0.13887434375000002 0.2082043984375 0.11871572187499999 0.2213971359375 0.09142086875 0.24967991562499997 0.050337275 0.31973450625 0.02114511875 0.361039678125 0 0.3984310546875 0 0.6386622734375 0.21711361093749998 1 0.5865127 1 0.6092451296875 0.99283063125 0.710205171875 0.93972923125 0.7570284890625001 0.9061938640625 0.79003915625 0.8766371078124999 0.81527660625 0.8593124859374999 0.8405072234375 0.8311898078125 0.8851096203125 0.8011493359375 0.9090696796875 0.7727098703124999 0.9703289734375 0.716457684375 0.9750910125000001 0.7135963624999999 0.9838282515625 0.7191486609375 0.9914482 0.71565035 0.9965201953125 0.7007204109375 1 0.697628759375 1 0.361337728125
3 0.37265625 0.7265625 0.1984375 0.215625
3 0.16875 0.715625 0.1390625 0.1484375
3 0.390625 0.53125 0.3015625 0.240625
3 0.56484375 0.3515625 0.2015625 0.2296875
3 0.709375 0.31171875 0.221875 0.196875
3 0.790625 0.51484375 0.2296875 0.23125
3 0.296875 0.29765625 0.1203125 0.1359375
3 0.1515625 0.29296875 0.1375 0.1515625
3 0.33828125 0.25859375 0.071875 0.06875
3 0.5421875 0.1265625 0.0515625 0.053125
3 0.08515625 0.66328125 0.1359375 0.1265625
3 0.6390625 0.190625 0.15 0.1453125
1 0.7484375 0.60234375 0.1515625 0.1703125
1 0.62890625 0.7328125 0.128125 0.125
1 0.20546875 0.52265625 0.140625 0.1171875
3 0.38828125 0.3609375 0.20625 0.1953125
3 0.47421875 0.2609375 0.13125 0.109375
3 0.1984375 0.415625 0.1265625 0.109375
3 0.04296875 0.43203125 0.0859375 0.0890625