4 0.267930428125 0 0 0.3181627953125 0 0.5555764984375 0.01100111875 0.5814773859375 0.024563553125000002 0.6013264328125 0.043971839062500004 0.6430183625 0.0852827140625 0.69461993125 0.1202655828125 0.72639370625 0.122054934375 0.754511425 0.1358723671875 0.7697351203125 0.16886658593749998 0.7635452984375 0.2122474875 0.801156025 0.27001151874999996 0.8302685140625 0.3707857015625 0.8700643578125 0.4555009734375 0.8915458546874999 0.5605566328125 0.8974295328125 0.6136941124999999 0.8960436078124999 0.6925056546875 0.8799058609375001 0.7147189421875 0.8707189156249999 0.736364353125 0.8550063140624999 0.7468045609375 0.854088040625 0.7580954906249999 0.8478344578125 0.8200809484375 0.7970108265625 0.83480480625 0.7924279796875 0.86774115 0.770461796875 0.8797692296875 0.757567771875 0.9076547453125 0.7228946265625 0.9299794312499999 0.6847652203125 0.9428003625000001 0.6507595234375 0.9755352296875 0.5886998703125 0.9964970140625 0.5349088859375 1 0.518204403125 1 0.35821388125000003 0.987290903125 0.33845045625000003 0.9865794265625001 0.307607690625 0.9712855171875001 0.2754172875 0.956332334375 0.24714227812499998 0.9121842578124999 0.1931600140625 0.785928784375 0.0872190921875 0.7723106515625 0.081841275 0.7349448796875 0.0529073328125 0.6384543500000001 0.0094469140625 0.6108461859375 0 0.267930428125 0
1 0.425 0.625 0.15 0.1421875
1 0.68359375 0.2921875 0.1296875 0.128125
1 0.5765625 0.14765625 0.10625 0.109375
1 0.16171875 0.421875 0.1453125 0.14375
1 0.55625 0.6 0.1234375 0.1234375
1 0.675 0.55625 0.1359375 0.1390625
1 0.778125 0.5 0.146875 0.1453125
1 0.52578125 0.32890625 0.115625 0.1171875
1 0.47421875 0.384375 0.103125 0.1
1 0.43125 0.4390625 0.1078125 0.109375
1 0.7140625 0.18125 0.2015625 0.19375
1 0.39375 0.07265625 0.14375 0.1453125
1 0.278125 0.196875 0.1859375 0.1796875
1 0.125 0.28671875 0.128125 0.128125
1 0.3640625 0.4296875 0.1890625 0.1828125
1 0.25234375 0.68359375 0.2625 0.2765625
1 0.70859375 0.64453125 0.1765625 0.1765625
1 0.7484375 0.42890625 0.1859375 0.1859375
1 0.590625 0.48671875 0.115625 0.115625
1 0.44921875 0.48984375 0.18125 0.1953125
1 0.44140625 0.24921875 0.2578125 0.265625
1 0.625 0.38515625 0.1125 0.1109375
1 0.4796875 0.5703125 0.146875 0.1484375
1 0.4640625 0.70546875 0.103125 0.1046875