4 0.372152259375 0 0.3440711609375 0.0103748 0.20279729062500002 0.0952607046875 0.19327883437499999 0.10638605625 0.15375614843750002 0.1322961171875 0.0812492734375 0.20938037656250003 0.03858001875 0.2642115171875 0.028750842187499997 0.28201087187499996 0 0.3143586171875 0 0.6373726125 0.1928966 0.9596961265624999 0.2113233234375 0.961598840625 0.2415166640625 0.9758933671875001 0.2948987703125 0.9892292875 0.3587539890625 0.9930286718750001 0.41783591875 0.9888839671874999 0.44101905781250006 0.9825226515625 0.486758271875 0.9777453218750001 0.54899801875 0.95548495 0.590430021875 0.9327525265625001 0.6175984031249999 0.9402148953125 0.6364912046875 0.93210660625 0.6413804812499999 0.89889475 0.6910655625000001 0.8701221578125 0.737398090625 0.8249832921875001 0.8078346640625 0.7426556890625 0.8557264124999999 0.6695495171875 0.8954923171875 0.5721329796875 0.9114817703125 0.5214392921875 0.9218817593749999 0.44166757656250005 0.9204272703124999 0.417673525 0.9126177703125 0.3920918640625 0.915148525 0.38192149375 0.9129116140625 0.36920974218749997 0.8850374171875 0.294054784375 0.8854978703124999 0.278641075 0.8754514609375 0.24034765937499997 0.86717588125 0.22477700312499999 0.8434704125 0.1871222578125 0.8146865578125 0.15360013125 0.7867076265625 0.1304065328125 0.7386865015625 0.0792504609375 0.6946506171875 0.041918071875000004 0.6693803 0.0268279265625 0.6229858968750001 0.012537024999999999 0.5958079421875 0 0.372152259375 0
1 0.59375 0.61171875 0.153125 0.1328125
1 0.36328125 0.25859375 0.128125 0.1234375
1 0.1921875 0.31328125 0.1015625 0.109375
1 0.31640625 0.79453125 0.1421875 0.1390625
1 0.6125 0.4796875 0.1203125 0.1203125
1 0.61015625 0.35234375 0.1296875 0.1375
1 0.590625 0.23671875 0.1453125 0.1390625
1 0.346875 0.41953125 0.1109375 0.115625
1 0.3828125 0.48671875 0.103125 0.09375
1 0.41953125 0.5453125 0.1046875 0.1078125
1 0.26875 0.19375 0.2015625 0.1828125
1 0.0609375 0.45859375 0.121875 0.1609375
1 0.14140625 0.61171875 0.184375 0.1703125
1 0.1765625 0.78515625 0.1234375 0.1265625
1 0.3890625 0.60546875 0.1890625 0.1734375
1 0.59296875 0.79453125 0.2421875 0.28125
1 0.70390625 0.35 0.1734375 0.171875
1 0.51328125 0.2421875 0.1828125 0.1796875
1 0.5171875 0.409375 0.1140625 0.1109375
1 0.47421875 0.54453125 0.165625 0.2015625
1 0.24375 0.4734375 0.24375 0.265625
1 0.43203125 0.34375 0.109375 0.1078125
1 0.56015625 0.5421875 0.140625 0.1453125
1 0.6828125 0.60078125 0.1 0.1046875