4 0.38148148125 0 0.3129629625 0.0129749765625 0.2833333328125 0.0250231703125 0.2509259265625 0.0398517140625 0.23055555625 0.06302131562499999 0.20370370312500002 0.071362371875 0.1870370375 0.081556996875 0.14351851875 0.145505096875 0.1111111109375 0.181649675 0.097222221875 0.2075996296875 0.078703703125 0.2622798890625 0.0638888890625 0.330861909375 0.051851851562499995 0.36515291875 0.04444444375 0.4087117703125 0.04351851875 0.45319740468749997 0.04444444375 0.47080630156250003 0.055555556250000006 0.5088044484375 0.0638888890625 0.521779425 0.078703703125 0.6005560703125 0.08333333281250001 0.6126042625 0.09074074062500001 0.6200185359375 0.097222221875 0.6459684890624999 0.10833333281249999 0.6672845234375 0.1583333328125 0.7303058390625 0.1981481484375 0.7655236328125 0.2824074078125 0.8285449484375 0.3611111109375 0.8665430953125 0.46388888906250003 0.9008341062499999 0.5268518515625 0.91566265 0.584259259375 0.9147358671875001 0.60555555625 0.9406858203124999 0.6259259265625 0.93790546875 0.6453703703125 0.91751621875 0.6925925921875 0.91566265 0.7574074078125 0.9026876734375 0.7990740734374999 0.8832252078125 0.8222222218749999 0.8767377203125 0.875 0.8498609828125 0.9277777781250001 0.8137164046875001 0.9666666671874999 0.7747914734375 0.9851851859374999 0.7469879515625 1 0.73586654375 0.9990740734375001 0.21223355000000002 0.959259259375 0.17423540312500002 0.95 0.1612604265625 0.9009259265624999 0.120481928125 0.8675925921875001 0.1065801671875 0.8361111109375001 0.08433735 0.7916666671875 0.0704355890625 0.7740740734375 0.0602409640625 0.709259259375 0.03521779375 0.6074074078125 0.0064874890625 0.5601851859375 0.0046339203124999995 0.546296296875 0 0.38148148125 0
1 0.47734375 0.64375 0.13359375 0.07421875
1 0.49296875 0.22265625 0.1 0.08359375
1 0.66796875 0.18125 0.065625 0.08828125
1 0.809375 0.6578125 0.1078125 0.096875
1 0.39296875 0.540625 0.08671875 0.08828125
1 0.3296875 0.43046875 0.08515625 0.109375
1 0.28671875 0.32109375 0.1140625 0.09296875
1 0.58984375 0.35234375 0.07578125 0.08984375
1 0.59375 0.428125 0.084375 0.059375
1 0.5921875 0.49765625 0.07265625 0.08203125
1 0.540625 0.11796875 0.16796875 0.1125
1 0.85859375 0.23671875 0.05859375 0.153125
1 0.86484375 0.4109375 0.15 0.109375
1 0.92421875 0.57734375 0.0875 0.09453125
1 0.64921875 0.53359375 0.1546875 0.109375
1 0.571875 0.8 0.13359375 0.2484375
1 0.24765625 0.4765625 0.12734375 0.1234375
1 0.35546875 0.2859375 0.13671875 0.12734375
1 0.4390625 0.43125 0.0875 0.0765625
1 0.5453125 0.525 0.08203125 0.18515625
1 0.70625 0.3453125 0.1515625 0.21953125
1 0.478125 0.33125 0.08046875 0.078125
1 0.4703125 0.5671875 0.09765625 0.1109375
1 0.3953125 0.68046875 0.06796875 0.08046875