4 0.322222221875 0.1120370375 0.2768518515625 0.1351851859375 0.26574074062499997 0.15092592656249998 0.22407407343750002 0.1759259265625 0.17314814843749998 0.22314814843750003 0.12129629687500001 0.2898148140625 0.0953703703125 0.3453703703125 0.0861111109375 0.38703703749999996 0.08333333281250001 0.434259259375 0.077777778125 0.45277777812500003 0.077777778125 0.5314814812499999 0.0870370375 0.60555555625 0.09351851875 0.6203703703125 0.097222221875 0.6453703703125 0.1046296296875 0.6574074078125001 0.1120370375 0.684259259375 0.1611111109375 0.784259259375 0.2 0.827777778125 0.28055555625 0.890740740625 0.353703703125 0.9259259265625 0.4148148140625 0.9425925921875 0.49351851875 0.9583333328125001 0.5703703703125 0.9620370375 0.6490740734375 0.9509259265625 0.722222221875 0.925 0.8120370375 0.8740740734375001 0.8638888890624999 0.83148148125 0.9 0.784259259375 0.94351851875 0.6879629625 0.9685185187500001 0.5925925921874999 0.9685185187500001 0.5425925921875 0.9601851859374999 0.51944444375 0.9574074078124999 0.4175925921875 0.94351851875 0.371296296875 0.9009259265624999 0.2898148140625 0.853703703125 0.2296296296875 0.7833333328125 0.1611111109375 0.7629629625 0.1453703703125 0.7074074078125 0.1129629625 0.6564814812499999 0.0898148140625 0.6379629625 0.0740740734375 0.6240740734375 0.06944444375 0.540740740625 0.065740740625 0.4296296296875 0.075 0.3851851859375 0.0870370375 0.322222221875 0.1120370375
0 0.4359375 0.19140625 0.0484375 0.0578125
0 0.565625 0.24921875 0.05234375 0.05234375
0 0.74609375 0.25546875 0.04296875 0.0484375
0 0.60390625 0.3984375 0.0390625 0.05625
0 0.43203125 0.44921875 0.04921875 0.04921875
0 0.221875 0.54453125 0.065625 0.0453125
0 0.67578125 0.784375 0.0609375 0.0484375
0 0.6875 0.84296875 0.053125 0.053125
0 0.85234375 0.6359375 0.0625 0.04765625
0 0.68671875 0.5515625 0.05234375 0.04921875
0 0.71171875 0.41328125 0.0421875 0.04921875
0 0.309375 0.33984375 0.0515625 0.04765625
3 0.2703125 0.4296875 0.10625 0.11953125
3 0.29140625 0.2359375 0.05859375 0.0578125
3 0.359375 0.23046875 0.07265625 0.071875
3 0.49140625 0.140625 0.15546875 0.0296875
3 0.48984375 0.32578125 0.084375 0.05234375
3 0.48828125 0.40859375 0.05625 0.08359375
3 0.6140625 0.253125 0.1015625 0.11484375
3 0.71484375 0.28671875 0.0421875 0.11640625
3 0.75859375 0.36640625 0.07265625 0.09375
3 0.78984375 0.53515625 0.13671875 0.07578125
3 0.696875 0.71328125 0.08828125 0.07734375
3 0.54375 0.6421875 0.0953125 0.08828125
3 0.40703125 0.73046875 0.17734375 0.065625
3 0.46484375 0.48125 0.05625 0.04140625
3 0.359375 0.4890625 0.09453125 0.04921875