4 0.09616650624999999 0.3831726953125 0.080317678125 0.4291066234375 0.07166001562499999 0.4980154984375 0.0747917 0.5824148546875 0.0906417109375 0.6416377437499999 0.1103315234375 0.679508 0.13855748125 0.7174678421875 0.1462051546875 0.7352248921875 0.19679491875 0.7955154265625 0.2515018203125 0.8463077234374999 0.265989703125 0.8534903125 0.28489659375 0.8702607296875 0.29830825625 0.8747202453125 0.321242696875 0.8905285671875 0.4231143796875 0.9355888046875 0.4808781609375 0.943928628125 0.5830591093749999 0.9403809421875 0.6617104421875 0.9203156359375001 0.7192373953125 0.8938015781249999 0.7896458843749999 0.85526991875 0.8508985140625 0.8087077031250001 0.9040469640625 0.7496063328125 0.9434168328125001 0.6827271968749999 0.97948441875 0.5859838234375 0.99182725 0.520026278125 0.9891361078124999 0.46064018281249997 0.960575159375 0.358899775 0.9184233781250001 0.2697721421875 0.8862839984375 0.2314699203125 0.8650209515625 0.21909397187500002 0.7974239421875 0.1428564484375 0.7570257515625001 0.11631903437499999 0.6720226453125 0.08127858906249999 0.5971620328125 0.06552792187499999 0.499212346875 0.05827289375 0.473489784375 0.059308609375 0.41010067968749997 0.07019351562500001 0.35620981406249996 0.0851955609375 0.331905853125 0.085040928125 0.318290478125 0.09042203125 0.25207274687500003 0.1411504640625 0.172908434375 0.2196643140625 0.1465992734375 0.2574535578125 0.1144365359375 0.31707648125 0.0945601578125 0.36397250312499996 0.09616650624999999 0.3831726953125
0 0.25234375 0.3046875 0.075 0.075
0 0.3890625 0.265625 0.0734375 0.0734375
0 0.53125 0.1546875 0.0640625 0.0640625
0 0.5140625 0.35546875 0.065625 0.06875
0 0.415625 0.5046875 0.06875 0.06875
0 0.315625 0.7125 0.0796875 0.0765625
0 0.8171875 0.6046875 0.078125 0.0765625
0 0.8640625 0.6421875 0.075 0.075
0 0.85703125 0.37734375 0.078125 0.0765625
0 0.6765625 0.41953125 0.071875 0.071875
0 0.60625 0.29765625 0.0640625 0.0640625
0 0.25078125 0.5 0.0703125 0.0703125
3 0.27890625 0.59375 0.1578125 0.159375
3 0.1703125 0.43203125 0.0828125 0.08125
3 0.21875 0.38359375 0.1015625 0.1015625
3 0.2625 0.23046875 0.1375 0.1234375
3 0.38046875 0.3734375 0.0984375 0.09375
3 0.43203125 0.4375 0.096875 0.1
3 0.42890625 0.2375 0.1515625 0.153125
3 0.52734375 0.1984375 0.1078125 0.115625
3 0.6125 0.23125 0.115625 0.11875
3 0.74453125 0.340625 0.153125 0.1453125
3 0.78828125 0.53671875 0.1171875 0.115625
3 0.625 0.58046875 0.1296875 0.128125
3 0.5765625 0.7359375 0.178125 0.1640625
3 0.4609375 0.50859375 0.0703125 0.0671875
3 0.38515625 0.58203125 0.1046875 0.0984375