4 0.247792659375 0.163664503125 0.20749149375 0.19081090625 0.15910678125 0.24063366875 0.1108150546875 0.3099226859375 0.0878322109375 0.3667589640625 0.08076630625 0.4088531203125 0.08046375624999999 0.456156003125 0.07588499843749999 0.47493989843750006 0.0800040328125 0.553535740625 0.093127340625 0.6270237078124999 0.1003752859375 0.6414790046875 0.1053823125 0.6662509046875 0.1134095375 0.6778837734375001 0.1222121125 0.7043111515625 0.1764525265625 0.801605765625 0.217565703125 0.84302935625 0.3013060875 0.9016900781249999 0.3761954375 0.9329987671875 0.4380950640625 0.9464442828124999 0.5175147140624999 0.9580444171875 0.5944550796875 0.9577209312500001 0.6724694125 0.9425060140625 0.7441604546875 0.9127873390625 0.8311869265625 0.8572306609375 0.8807385921875 0.811982725 0.91432879375 0.762935309375 0.9527479140624999 0.6644934 0.9727223515625001 0.5679453328124999 0.9701055546875 0.51801385625 0.9605721609375 0.4953335640625 0.9524676765625 0.393766675 0.9361748609375 0.348260715625 0.889376228125 0.2691200234375 0.8390688718750001 0.21148874062499998 0.7652089609375 0.146747025 0.7440427 0.132093959375 0.686867209375 0.10263851875 0.6347995953125001 0.08218735 0.6154826484375 0.0674373671875 0.601370496875 0.0635409703125 0.5179575328125 0.064203671875 0.40748328906250003 0.07926534843750001 0.3637297234375 0.09361193125 0.302161446875 0.121872896875 0.2580647359375 0.1473638234375 0.247792659375 0.163664503125
0 0.41953125 0.1953125 0.0515625 0.0609375
0 0.55234375 0.24609375 0.0546875 0.0546875
0 0.7328125 0.24296875 0.0453125 0.05
0 0.5984375 0.39296875 0.0421875 0.0578125
0 0.4296875 0.453125 0.0515625 0.0515625
0 0.22421875 0.559375 0.0671875 0.0484375
0 0.690625 0.775 0.0640625 0.0515625
0 0.70546875 0.8328125 0.05625 0.05625
0 0.85859375 0.6171875 0.065625 0.0515625
0 0.6890625 0.54140625 0.0546875 0.0515625
0 0.70703125 0.40234375 0.0453125 0.0515625
0 0.3015625 0.35 0.0546875 0.05
3 0.2671875 0.4421875 0.1125 0.125
3 0.278125 0.246875 0.0609375 0.0609375
3 0.3453125 0.23828125 0.0765625 0.075
3 0.47265625 0.14140625 0.15625 0.0375
3 0.48046875 0.3265625 0.0875 0.05625
3 0.48359375 0.409375 0.0609375 0.0859375
3 0.60078125 0.24765625 0.1078125 0.1203125
3 0.703125 0.27578125 0.0484375 0.11875
3 0.7515625 0.353125 0.078125 0.096875
3 0.79140625 0.5203125 0.140625 0.0828125
3 0.7078125 0.70234375 0.0921875 0.08125
3 0.55078125 0.63984375 0.1 0.09375
3 0.41953125 0.73515625 0.18125 0.075
3 0.4640625 0.4828125 0.0578125 0.04375
3 0.359375 0.49609375 0.096875 0.0546875