4 0.313626365625 0.2402692078125 0.30318199843750004 0.27864505 0.2774999421875 0.3006088234375 0.2665788140625 0.32226702500000004 0.1546413640625 0.45134743125 0.12562021406249999 0.514022946875 0.12516740312500002 0.5426520453125 0.135256528125 0.5565570234375 0.29982649375000003 0.6910214890625 0.4851987109375 0.8266235265624999 0.56685415 0.8697576546875 0.6233539640625 0.8845314453125 0.65270463125 0.8819635937499999 0.7248709953125 0.8391736218749999 0.774278396875 0.795417265625 0.82911598125 0.72358219375 0.8656215968750001 0.6563084953125 0.888369471875 0.5557338953125 0.9189073828125001 0.4653220421875 0.92214890625 0.40095857187500006 0.9181379156249999 0.377649228125 0.8983388546875 0.3429051875 0.8676922859375 0.30812433437500003 0.810581334375 0.2638286859375 0.7880303703125 0.2539715109375 0.7724503015625 0.23364601718750003 0.6637561484375001 0.1406277265625 0.642953896875 0.13949015625 0.58861879375 0.1156543796875 0.5395666359375 0.10712991406250001 0.48388596093749997 0.11298718593749998 0.44007993437500004 0.1306215359375 0.4246950046875 0.157599490625 0.3752507921875 0.2122033515625 0.3561972515625 0.21978538749999998 0.34084913125 0.23591583593749998 0.3171974078125 0.23601340624999997 0.313626365625 0.2402692078125
1 0.41484375 0.36796875 0.1078125 0.1046875
1 0.52890625 0.15625 0.10625 0.1046875
1 0.5578125 0.31328125 0.125 0.1234375
1 0.62265625 0.27734375 0.1078125 0.1078125
1 0.79765625 0.35546875 0.096875 0.0953125
1 0.7078125 0.584375 0.128125 0.125
1 0.71640625 0.45859375 0.0625 0.0609375
1 0.7578125 0.51484375 0.0796875 0.0796875
1 0.45234375 0.4828125 0.18125 0.1890625
3 0.5953125 0.4875 0.2390625 0.2296875
3 0.659375 0.3921875 0.2640625 0.25
3 0.73125 0.38515625 0.1234375 0.1203125