4 0.20833333281250002 0.4 0.190277778125 0.415277778125 0.190277778125 0.42083333281249996 0.20694444375 0.45694444375 0.20138888906250002 0.490277778125 0.20694444375 0.5138888890625 0.20416666718749998 0.684722221875 0.222222221875 0.7513888890625 0.240277778125 0.7736111109375 0.25694444375000003 0.777777778125 0.46944444374999994 0.775 0.6986111109375 0.7597222218749999 0.7888888890625 0.7402777781250001 0.8416666671874999 0.715277778125 0.8625 0.6944444437499999 0.890277778125 0.6152777781250001 0.9 0.55 0.8958333328125001 0.459722221875 0.88055555625 0.384722221875 0.8333333328125001 0.29305555625 0.7986111109375 0.20416666718749998 0.7597222218749999 0.15277777812499999 0.7416666671875001 0.1375 0.7041666671875 0.12361111093749999 0.6583333328125 0.1166666671875 0.5861111109375 0.11944444375 0.5625 0.1263888890625 0.5375 0.1208333328125 0.39444444375 0.11944444375 0.377777778125 0.13194444375 0.32083333281250004 0.14861111093749999 0.27777777812500004 0.17361111093749998 0.2388888890625 0.2138888890625 0.2166666671875 0.25555555625 0.222222221875 0.28611111093749997 0.21944444375 0.35972222187499997 0.20972222187499998 0.377777778125 0.20833333281250002 0.4
1 0.35 0.453125 0.084375 0.06640625
1 0.30078125 0.21796875 0.08203125 0.06875
1 0.42421875 0.3203125 0.0984375 0.078125
1 0.45078125 0.25078125 0.07734375 0.07578125
1 0.63515625 0.19765625 0.07734375 0.05859375
1 0.71328125 0.43125 0.10703125 0.07265625
1 0.6390625 0.32890625 0.04453125 0.04296875
1 0.70703125 0.34609375 0.0578125 0.0546875
1 0.45234375 0.5171875 0.1015625 0.1609375
3 0.56484375 0.42890625 0.20078125 0.13203125
3 0.55234375 0.31484375 0.23828125 0.12734375
3 0.603125 0.26328125 0.09921875 0.0734375