4 0.29169854375000004 0.25750109375 0.28463859375 0.29664119218749996 0.26096853593749997 0.320759725 0.25197660312500003 0.34328735 0.15171520624999998 0.48163255625 0.128267021875 0.546598934375 0.130311125 0.5751585546875 0.14157375625 0.5881312953125 0.317236834375 0.707740865625 0.5137221515625 0.8266706421875 0.5988262515625 0.8625238921875 0.6563986875000001 0.87231718125 0.685413865625 0.8672010218749999 0.7535762218750001 0.8182841640625 0.7989819953125 0.7703881765625 0.84735006875 0.6940470484375 0.8778534796875 0.623847671875 0.8917491375000001 0.52167318125 0.91429093125 0.4289438171875 0.9119104734375 0.364542753125 0.905883203125 0.3416716890625 0.8831313406250001 0.3087854609375 0.849570040625 0.2768079859375 0.7888157921875 0.2376584421875 0.7654915328125 0.229804221875 0.7481992671875 0.210913965625 0.6318116500000001 0.1277229578125 0.6109894109375 0.1284027515625 0.5547836453125 0.1093932953125 0.5051751890625 0.10517644374999999 0.450216890625 0.11586431875 0.40811449375000003 0.13724951093749999 0.3951393921875 0.165465690625 0.3506423703125 0.224171115625 0.3323221515625 0.2333849234375 0.318438296875 0.25079166875 0.294885078125 0.25295025 0.29169854375000004 0.25750109375
1 0.40390625 0.37578125 0.1078125 0.103125
1 0.4984375 0.1546875 0.10625 0.103125
1 0.540625 0.309375 0.125 0.1203125
1 0.60234375 0.26796875 0.10625 0.10625
1 0.784375 0.3296875 0.096875 0.0921875
1 0.7140625 0.56640625 0.1296875 0.1203125
1 0.71171875 0.43984375 0.0609375 0.0609375
1 0.7578125 0.49296875 0.078125 0.078125
1 0.45078125 0.48671875 0.175 0.190625
3 0.59375 0.47890625 0.240625 0.2234375
3 0.64921875 0.378125 0.26875 0.240625
3 0.7203125 0.365625 0.1234375 0.1171875