4 0.7896292015624999 0.1792746421875 0.7637842203125 0.1502016296875 0.7275613671875 0.1181457046875 0.6776661390625 0.0836469453125 0.6485640484374999 0.0728037640625 0.6056524875 0.063443728125 0.550734496875 0.06021569375 0.5362478453125 0.06233031875 0.3480335421875 0.1428897 0.29002461562500004 0.19065368124999998 0.24583347031249997 0.21793610624999998 0.1836700671875 0.272106284375 0.1550914375 0.3025544203125 0.148091146875 0.3154125171875 0.1144357421875 0.3974384484375 0.1069327578125 0.4246917953125 0.1038958328125 0.45537674062500005 0.09079261718750001 0.492916565625 0.0943446875 0.5225213484375 0.09243362499999999 0.5584866296875 0.10873577187500001 0.6357058421875 0.12126566093749999 0.6708651578125 0.15192567031249998 0.7308973109375 0.16198364999999998 0.7430408390625 0.2592108 0.7916398906250001 0.3044654828125 0.80894328125 0.411858634375 0.8290717234375 0.4877151765625 0.833030946875 0.533883846875 0.8241611515624999 0.57373771875 0.8085195609375001 0.664060146875 0.7546775890624999 0.7461733328125 0.6920322859375 0.802159034375 0.6271643359375 0.8494411124999999 0.548889896875 0.8797106234375001 0.4700213671875 0.8904790281249999 0.4055397765625 0.886195765625 0.3968735421875 0.88917868125 0.3864956671875 0.8854811984375001 0.37981527187499997 0.8877869328125 0.3700688765625 0.8835493718749999 0.3600939828125 0.8853607234374999 0.34574442968749997 0.8798145015625 0.33572383906250003 0.88144305625 0.326608921875 0.8695820359375 0.30981653750000004 0.8719334703125 0.29876148125 0.86156390625 0.2767801578125 0.8480743296875 0.2691026890625 0.8505628609375 0.25412165625 0.8322956421875001 0.2331747953125 0.8157026765625 0.201804359375 0.7896292015624999 0.1792746421875
0 0.3875 0.3421875 0.078125 0.078125
0 0.6234375 0.278125 0.0734375 0.075
0 0.62109375 0.32109375 0.059375 0.059375
0 0.56015625 0.32421875 0.0671875 0.06875
0 0.521875 0.2765625 0.0625 0.0640625
0 0.490625 0.14140625 0.0703125 0.0703125
0 0.44453125 0.246875 0.065625 0.065625
0 0.3515625 0.309375 0.05 0.0515625
0 0.425 0.1984375 0.0484375 0.0484375
0 0.28671875 0.2921875 0.0453125 0.0453125
0 0.25703125 0.36171875 0.1 0.1
0 0.321875 0.36953125 0.103125 0.1046875
0 0.2546875 0.4390625 0.0671875 0.0671875
0 0.2453125 0.51953125 0.0578125 0.0578125
0 0.26171875 0.603125 0.0625 0.0609375
0 0.45 0.640625 0.0859375 0.0859375
0 0.5296875 0.54453125 0.078125 0.078125
0 0.56953125 0.57109375 0.0640625 0.0640625
0 0.625 0.58828125 0.0890625 0.0890625
0 0.55078125 0.4625 0.1 0.0984375
0 0.67109375 0.4234375 0.06875 0.0671875
0 0.69765625 0.3578125 0.0484375 0.0484375
3 0.4125 0.48515625 0.234375 0.234375
3 0.6125 0.3578125 0.3078125 0.296875
3 0.546875 0.2109375 0.240625 0.2359375
3 0.384375 0.1921875 0.203125 0.203125
3 0.35078125 0.325 0.2296875 0.228125
3 0.4453125 0.671875 0.3015625 0.2984375
3 0.60234375 0.525 0.1875 0.1890625
1 0.76328125 0.3734375 0.1484375 0.1484375
1 0.67421875 0.5578125 0.1125 0.1125
1 0.48125 0.17578125 0.0921875 0.0921875
1 0.2390625 0.5703125 0.06875 0.06875