4 0.0901613515625 0.612195534375 0.0991654484375 0.63477058125 0.108854278125 0.6405903796875 0.1130462546875 0.6607173609375 0.1208231546875 0.6657426703125 0.1243692359375 0.6766329468750001 0.136099175 0.685094578125 0.14050433906249998 0.6949965953125 0.149204909375 0.6999573140625001 0.1515689640625 0.7072174999999999 0.1611932046875 0.712113628125 0.164610109375 0.7211565640625001 0.21911299374999998 0.757257390625 0.297437540625 0.78890788125 0.3869301421875 0.8077109968749999 0.47255371406249996 0.8110054828125 0.5743706468750001 0.79367569375 0.6753479203125 0.7643381890625001 0.7139677296875 0.74585845 0.7519416453125001 0.7181420078125 0.8007800890624999 0.6599638624999999 0.85930103125 0.5676939187500001 0.8775097531249999 0.522795853125 0.9082754140624999 0.41854394531250005 0.906253725 0.40290613750000004 0.8832590640625 0.339540996875 0.86609053125 0.3063986203125 0.8207340125 0.24181260937500001 0.7931273296875 0.218682009375 0.77389826875 0.1958937765625 0.73750700625 0.1798747609375 0.7129942812500001 0.1611687453125 0.6879454218750001 0.1480693421875 0.605002521875 0.116741796875 0.5908245187500001 0.113092284375 0.5490655828125 0.11322779218750001 0.4670526828125 0.1217472546875 0.4169612921875 0.13546004218750002 0.34246693437500003 0.14531012968749998 0.1551876875 0.228019990625 0.14376127656249998 0.2371726859375 0.10866813125000001 0.2795386765625 0.0862480125 0.317305734375 0.0743306359375 0.3459846875 0.06553296875 0.4060038453125 0.06427326093749999 0.4543576515625 0.06790968281250001 0.4930872203125 0.06660480625000001 0.5275213828124999 0.07823131562499999 0.5610512953125 0.0810926671875 0.58869681875 0.093746275 0.5970938625 0.0901613515625 0.612195534375
0 0.46171875 0.31015625 0.0609375 0.05625
0 0.25390625 0.4390625 0.05 0.0625
0 0.2859375 0.46640625 0.0421875 0.0484375
0 0.33046875 0.42421875 0.0484375 0.0546875
0 0.321875 0.36328125 0.040625 0.05625
0 0.24453125 0.2484375 0.0546875 0.0515625
0 0.35234375 0.2859375 0.0546875 0.0453125
0 0.46171875 0.26171875 0.0265625 0.05
0 0.33046875 0.2390625 0.040625 0.0328125
0 0.49296875 0.20234375 0.0328125 0.0375
0 0.56484375 0.22734375 0.0765625 0.0765625
0 0.52578125 0.28046875 0.0640625 0.0921875
0 0.62265625 0.27890625 0.0515625 0.05
0 0.6875 0.32734375 0.0390625 0.0484375
0 0.7375 0.39609375 0.0515625 0.0421875
0 0.63671875 0.559375 0.0578125 0.071875
0 0.5125 0.5515625 0.05625 0.0609375
0 0.5046875 0.59921875 0.0515625 0.0453125
0 0.47890625 0.6515625 0.06875 0.065625
0 0.43828125 0.51171875 0.0890625 0.0625
0 0.32734375 0.5734375 0.05625 0.046875
0 0.2609375 0.546875 0.0390625 0.034375
3 0.54921875 0.42578125 0.1828125 0.1703125
3 0.31875 0.48515625 0.334375 0.121875
3 0.25703125 0.33671875 0.221875 0.1375
3 0.353125 0.20546875 0.1609375 0.1453125
3 0.47421875 0.271875 0.19375 0.1515625
3 0.6625 0.57734375 0.25625 0.196875
3 0.4484375 0.5921875 0.1359375 0.1484375
1 0.228125 0.60625 0.1078125 0.115625
1 0.4234375 0.66640625 0.0859375 0.0828125
1 0.27578125 0.26484375 0.06875 0.0703125
1 0.7296875 0.35703125 0.059375 0.0453125