4 1 0.4102312125 0.9973181234374999 0.39981455625 0.9773034015625001 0.3481026921875 0.9073242453124999 0.2634663625 0.8619132359374999 0.237816953125 0.8390200312499999 0.1955201859375 0.7956349890625 0.1410755 0.7856125828125 0.1041844640625 0.7764426906249999 0.086673609375 0.760315146875 0.072918521875 0.733751128125 0.0647970859375 0.7184130578125 0.06746143593750001 0.7029159484374999 0.0833137671875 0.679134415625 0.081925959375 0.6623105359375 0.07678238281250001 0.644823271875 0.0611408515625 0.578098 0.0260335515625 0.4698489 0.00323361875 0.431203553125 0.0061258875 0.3668467015625 0.020276901562499998 0.2819980125 0.022279996875 0.2523334265625 0.033800896875 0.2211199875 0.034553128125 0.20119554218750002 0.0490518875 0.1698230640625 0.0629920984375 0.1387658046875 0.09173602187499999 0.11991595625 0.11538772187499999 0.09391646718749999 0.17509263749999998 0.06687533125 0.2065351453125 0 0.4252744984375 0 0.7419786453125 0.0671806125 0.8199244875 0.0935526453125 0.8603433718750001 0.1443395015625 0.8905778109375 0.18902408125 0.9027685234374999 0.22823681875 0.9265229312500001 0.3245937234375 0.9692187984375 0.374179896875 0.9843788124999999 0.43619556406250004 0.984219365625 0.5261349734375 0.9940677953125 0.5498354187500001 1 0.7210751140625 1 0.79779004375 0.9859355875 0.8625910593749999 0.9513300953125 0.892414684375 0.9266212140625001 0.9651992015624999 0.688553784375 0.9787391046874999 0.6220981234375 0.9808639250000001 0.5359744515625 0.983805453125 0.529520096875 0.9903518921875 0.5271093437500001 0.9972765921875 0.5424630406250001 1 0.5355239828125 1 0.4102312125
3 0.503125 0.68515625 0.1203125 0.1203125
3 0.63671875 0.79609375 0.1640625 0.190625
3 0.71796875 0.62109375 0.2828125 0.25625
3 0.803125 0.53359375 0.10625 0.1171875
3 0.7421875 0.45390625 0.121875 0.18125
1 0.4046875 0.70390625 0.1140625 0.1296875
1 0.596875 0.79609375 0.1265625 0.1484375
1 0.74140625 0.82109375 0.0671875 0.0796875
1 0.740625 0.60859375 0.140625 0.1375
1 0.7890625 0.53515625 0.078125 0.078125
1 0.8671875 0.58828125 0.0734375 0.075
1 0.87578125 0.296875 0.103125 0.115625
1 0.82578125 0.434375 0.096875 0.0953125
1 0.29453125 0.4 0.1265625 0.134375
1 0.26328125 0.50234375 0.0734375 0.0890625
1 0.14375 0.63515625 0.0953125 0.1
1 0.45625 0.459375 0.0703125 0.075
1 0.32109375 0.303125 0.1140625 0.1046875
1 0.1921875 0.25078125 0.09375 0.1046875
1 0.45625 0.15234375 0.0890625 0.096875
1 0.50546875 0.31328125 0.084375 0.09375
1 0.57421875 0.484375 0.121875 0.1328125
1 0.62265625 0.38125 0.040625 0.0484375
1 0.790625 0.346875 0.090625 0.0921875
1 0.43046875 0.50390625 0.0671875 0.075
0 0.5140625 0.6 0.0546875 0.0671875
0 0.5953125 0.64453125 0.075 0.0859375
0 0.66484375 0.634375 0.0484375 0.06875
0 0.73515625 0.7515625 0.1078125 0.1
0 0.621875 0.396875 0.0390625 0.0453125