4 0.505453940625 1 0.5636948421875 0.98423379375 0.6531186015625 0.970468615625 0.707813121875 0.9695639359375001 0.7918810546875 0.94998241875 0.9134124796875 0.892304 0.9670488921875 0.8421059234375001 0.9894611734375 0.8105200546875 0.9981492328125 0.56172655625 0.994027784375 0.4940309328125 0.9737897578125001 0.410291909375 0.9749605453125 0.40329615937499996 0.9806599703125001 0.39927320625 0.991322546875 0.41231149531250005 0.9966928890625001 0.3646499109375 0.9935313765625 0.3490589109375 0.9714772015625 0.317327565625 0.9657850296875001 0.29461155781250004 0.9544425171875 0.274512890625 0.921725765625 0.2297432578125 0.8322255984375 0.16610277812500002 0.781723375 0.1530805859375 0.7486630296875 0.1181502421875 0.692664975 0.0767895890625 0.6734359703125 0.043749575 0.66004639375 0.029208731249999998 0.640908303125 0.0200964515625 0.6131474484375 0.019127021875 0.5990215937500001 0.025670370312500003 0.588155421875 0.04499349375 0.564825034375 0.0498080875 0.547243159375 0.049194115625 0.5263034328125 0.03861159375 0.4527653328125 0.021970317187499998 0.3423036734375 0.027964201562500002 0.305723709375 0.0407600703125 0.24722231562500002 0.0710856796875 0.165783215625 0.094980978125 0.140111253125 0.11378707187499999 0.11015607812499999 0.1225923046875 0.09466309687499999 0.14175385625 0.067967603125 0.1633388609375 0.04540806875 0.19914156875 0.0333220234375 0.22686605625 0.023661215625000002 0.29126573906250003 0.005679403125 0.32863562968750004 0 0.4912724609375 0 0.774017796875 0.0164149890625 0.7906138031250001 0.032966078125 0.8207456484375 0.05794359375 0.8483570968749999 0.1647311265625 0.9210452265625 0.2006657296875 0.953261284375 0.25754731406250003 0.9693209046875 0.30386449375 0.969531009375 0.34788918281250003 0.9823270015625001 0.452013309375 0.9986290406249999 0.4912724578125 1 0.505453940625 1
3 0.55078125 0.67734375 0.1 0.1
3 0.70859375 0.75078125 0.128125 0.165625
3 0.74140625 0.5609375 0.2421875 0.2046875
3 0.8015625 0.45390625 0.084375 0.1
3 0.721875 0.39296875 0.0828125 0.16875
1 0.4609375 0.72109375 0.0890625 0.1125
1 0.66953125 0.7609375 0.096875 0.1296875
1 0.81640625 0.74765625 0.0515625 0.0703125
1 0.76015625 0.54296875 0.1171875 0.1140625
1 0.78828125 0.459375 0.0640625 0.0640625
1 0.878125 0.490625 0.059375 0.0625
1 0.81015625 0.20703125 0.0828125 0.0984375
1 0.79765625 0.35234375 0.08125 0.0796875
1 0.27578125 0.45703125 0.103125 0.1140625
1 0.271875 0.5640625 0.0546875 0.0796875
1 0.19140625 0.72265625 0.0765625 0.084375
1 0.446875 0.47265625 0.05625 0.0640625
1 0.27578125 0.35625 0.096875 0.084375
1 0.13828125 0.3390625 0.0734375 0.090625
1 0.3671875 0.17578125 0.071875 0.0828125
1 0.45703125 0.31796875 0.0671875 0.0796875
1 0.56796875 0.465625 0.096875 0.1140625
1 0.58828125 0.35390625 0.03125 0.0421875
1 0.740625 0.27734375 0.075 0.0765625
1 0.43359375 0.521875 0.053125 0.0640625
0 0.53984375 0.59296875 0.0421875 0.059375
0 0.6296875 0.61484375 0.0578125 0.075
0 0.69375 0.5875 0.034375 0.0640625
0 0.7921875 0.68203125 0.0921875 0.08125
0 0.59140625 0.36875 0.0296875 0.0390625