4 0.0759259265625 0.559259259375 0.08796296249999999 0.56851851875 0.08333333281250001 0.5833333328125 0.09074074062500001 0.60648148125 0.1 0.6129629624999999 0.102777778125 0.6333333328124999 0.1101851859375 0.6388888890625 0.1129629625 0.65 0.12407407343750002 0.659259259375 0.127777778125 0.66944444375 0.1361111109375 0.675 0.1379629625 0.6824074078125 0.147222221875 0.6879629625 0.15 0.6972222218749999 0.2018518515625 0.7370370375 0.27777777812500004 0.7740740734375 0.365740740625 0.7990740734374999 0.4509259265625 0.8083333328125001 0.553703703125 0.7981481484375 0.6564814812499999 0.7759259265625 0.696296296875 0.7601851859375001 0.7361111109375 0.7351851859375 0.7888888890625 0.6805555562500001 0.853703703125 0.5925925921874999 0.875 0.5490740734374999 0.9129629625 0.447222221875 0.9120370375 0.43148148124999997 0.89351851875 0.36666666718749996 0.878703703125 0.3324074078125 0.8379629625 0.2648148140625 0.8120370375 0.2398148140625 0.79444444375 0.21574074062499998 0.759259259375 0.197222221875 0.7361111109375 0.1768518515625 0.7120370375 0.1620370375 0.63148148125 0.125 0.6175925921875 0.1203703703125 0.5759259265625001 0.1175925921875 0.49351851875 0.1203703703125 0.44259259218749997 0.13055555624999998 0.36759259218749996 0.1351851859375 0.175 0.2046296296875 0.1629629625 0.21296296250000002 0.125 0.252777778125 0.1 0.2888888890625 0.0861111109375 0.3166666671875 0.0731481484375 0.3759259265625 0.06851851875000001 0.4240740734375 0.06944444375 0.46296296249999996 0.065740740625 0.497222221875 0.075 0.5314814812499999 0.0759259265625 0.559259259375
0 0.475 0.3078125 0.0578125 0.05234375
0 0.25859375 0.421875 0.04609375 0.059375
0 0.2890625 0.4515625 0.0390625 0.0453125
0 0.3359375 0.4125 0.04453125 0.0515625
0 0.33203125 0.3515625 0.03671875 0.053125
0 0.2625 0.23125 0.0515625 0.0484375
0 0.36796875 0.2765625 0.0515625 0.04140625
0 0.478125 0.259375 0.02265625 0.04921875
0 0.34921875 0.228125 0.03828125 0.0296875
0 0.5140625 0.20234375 0.0296875 0.03515625
0 0.58359375 0.2328125 0.07109375 0.07109375
0 0.54140625 0.2828125 0.0578125 0.08828125
0 0.6375 0.28828125 0.0484375 0.04609375
0 0.69921875 0.340625 0.03671875 0.0453125
0 0.74453125 0.41328125 0.0484375 0.0390625
0 0.63203125 0.56875 0.053125 0.06875
0 0.50859375 0.55234375 0.05234375 0.0578125
0 0.49765625 0.59921875 0.0484375 0.0421875
0 0.46875 0.65 0.0640625 0.06171875
0 0.4375 0.50703125 0.08515625 0.05625
0 0.32265625 0.5609375 0.053125 0.04296875
0 0.25859375 0.53046875 0.03671875 0.03203125
3 0.55390625 0.4296875 0.171875 0.159375
3 0.3203125 0.47265625 0.328125 0.1
3 0.26875 0.3203125 0.21328125 0.1234375
3 0.37421875 0.19609375 0.15234375 0.13515625
3 0.48984375 0.2703125 0.18515625 0.1390625
3 0.65703125 0.58828125 0.24453125 0.1796875
3 0.4421875 0.58828125 0.12578125 0.140625
1 0.22109375 0.58671875 0.10078125 0.109375
1 0.41171875 0.6609375 0.08125 0.07734375
1 0.29296875 0.25 0.06484375 0.065625
1 0.7390625 0.3734375 0.05625 0.04140625