4 1 0.544303796875 0.99351851875 0.4767932484375 0.9703703703125001 0.3938115328125 0.9712962968750001 0.38677918437500003 0.9768518515625001 0.382559775 0.9879629624999999 0.395218003125 0.9916666671875 0.34739803125 0.9879629624999999 0.3319268640625 0.9648148140625 0.300984528125 0.9583333328125001 0.2784810125 0.946296296875 0.2587904359375 0.9120370375 0.2151898734375 0.8203703703125 0.1547116734375 0.76944444375 0.143459915625 0.7351851859375 0.109704640625 0.6777777781250001 0.0703234875 0.6574074078125001 0.0379746828125 0.64351851875 0.0239099859375 0.6240740734375 0.0154711671875 0.5962962968750001 0.0154711671875 0.5824074078125 0.022503515625 0.5722222218749999 0.0421940921875 0.5490740734374999 0.047819971875 0.5314814812499999 0.047819971875 0.5101851859375001 0.0379746828125 0.4361111109375 0.0239099859375 0.32592592656249997 0.033755275 0.2898148140625 0.047819971875 0.23240740781250002 0.0801687765625 0.1518518515625 0.10689170156250001 0.1268518515625 0.126582278125 0.097222221875 0.1364275671875 0.0824074078125 0.15611814375 0.05648148125 0.17862165937500002 0.0351851859375 0.2151898734375 0.0240740734375 0.24331926875 0.0166666671875 0.308016878125 0 0.3459915609375 0 0.7819971875 0.0268518515625 0.8073136421875 0.04444444375 0.8368495078124999 0.0703703703125 0.8635724328125001 0.17962962968750001 0.9324894515625 0.2166666671875 0.9634317859375001 0.2740740734375 0.977496484375 0.3203703703125 0.9760900140625001 0.3648148140625 0.9873417718749999 0.46944444374999994 1 0.521296296875 1 0.58055555625 0.98171589375 0.66944444375 0.96483825625 0.7240740734375 0.9620253171875 0.8074074078125 0.9395218 0.9268518515625 0.87763713125 0.978703703125 0.82559775 1 0.7932489453125 1 0.544303796875
3 0.55703125 0.67578125 0.096875 0.09609375
3 0.7171875 0.74296875 0.121875 0.16171875
3 0.74375 0.55234375 0.2359375 0.19609375
3 0.8 0.44375 0.08125 0.09765625
3 0.71796875 0.38515625 0.0765625 0.165625
1 0.46875 0.72265625 0.08515625 0.11015625
1 0.67890625 0.7546875 0.09296875 0.1265625
1 0.825 0.73671875 0.04921875 0.06796875
1 0.76171875 0.53359375 0.1140625 0.109375
1 0.78671875 0.44921875 0.0625 0.0625
1 0.87734375 0.47734375 0.0578125 0.06015625
1 0.8 0.19609375 0.07890625 0.09609375
1 0.7921875 0.3421875 0.078125 0.0765625
1 0.27421875 0.46484375 0.09921875 0.11015625
1 0.27421875 0.571875 0.05234375 0.07734375
1 0.19921875 0.73359375 0.07421875 0.08203125
1 0.44609375 0.47421875 0.0546875 0.0625
1 0.27109375 0.3640625 0.09453125 0.08125
1 0.1328125 0.3515625 0.0703125 0.08828125
1 0.35625 0.18046875 0.06875 0.08046875
1 0.45078125 0.31953125 0.0640625 0.078125
1 0.56640625 0.46328125 0.09296875 0.11015625
1 0.5828125 0.35078125 0.03046875 0.04140625
1 0.7328125 0.26875 0.07265625 0.0734375
1 0.434375 0.52421875 0.05078125 0.0625
0 0.54296875 0.59140625 0.03984375 0.05859375
0 0.63359375 0.61015625 0.05546875 0.0734375
0 0.696875 0.58046875 0.03203125 0.0625
0 0.7984375 0.671875 0.0890625 0.078125
0 0.58671875 0.365625 0.02890625 0.03828125