4 0.17486931875 0.8735005499999999 0.24889210624999997 0.91476256875 0.35188440781249997 0.9537341734375 0.38753255625 0.9584327359374999 0.44632802343750005 0.9575722953125 0.48231794843750003 0.9527439953125001 0.5374401828125001 0.9589511171874999 0.5867087875 0.9577489 0.6839063296875 0.94251758125 0.7243316265625 0.9219198640625 0.7523503984375 0.9034868218750001 0.7930860359375 0.8692214953124999 0.8230965937500001 0.8404208687500001 0.8629129234375 0.7941536625000001 0.9201446828125001 0.6964060203125 0.9424315625 0.63205155 0.954786934375 0.5686006703125 0.9503552796875001 0.42121521250000005 0.9345504265625 0.3575640109375 0.9351711109374999 0.3302287921875 0.932197146875 0.32031300156250003 0.913375178125 0.2956099734375 0.8936496187499999 0.2609754359375 0.8296486390625001 0.176156984375 0.7891879078125 0.137538871875 0.7803760328125 0.12228411875 0.7463307453125 0.1105337109375 0.6660182515625 0.058966976562499995 0.630727596875 0.0468119265625 0.557765571875 0.036185148437499995 0.5176191828125 0.038974509375 0.4517404359375 0.0340913421875 0.3693458515625 0.0355450328125 0.3507439234375 0.0398272328125 0.25877932656249997 0.089803109375 0.19329350625 0.13667928437500002 0.1140026234375 0.2196868359375 0.0841492359375 0.2691911984375 0.0656416109375 0.28589564218749997 0.053360821875 0.3046233078125 0.024210703125 0.3922194015625 0.00496065625 0.4747711578125 0.0047643359375 0.5580064640625 0.0267528734375 0.6725448515625 0.073413009375 0.764120521875 0.1273410265625 0.8312092015625 0.17486931875 0.8735005499999999
2 0.79921875 0.43203125 0.2015625 0.19375
2 0.10078125 0.37890625 0.2 0.2
2 0.20078125 0.6296875 0.2109375 0.225
2 0.38515625 0.69140625 0.196875 0.19375
2 0.50234375 0.78359375 0.19375 0.1953125
2 0.65078125 0.2078125 0.159375 0.1359375
2 0.3171875 0.4234375 0.1796875 0.16875
2 0.7515625 0.70625 0.1953125 0.196875
0 0.59140625 0.40390625 0.10625 0.10625
0 0.659375 0.80390625 0.0953125 0.0984375
0 0.7984375 0.24375 0.09375 0.1046875
0 0.45859375 0.29453125 0.090625 0.0859375
0 0.28671875 0.2328125 0.1046875 0.10625
0 0.16328125 0.5 0.0921875 0.090625
0 0.23984375 0.58515625 0.078125 0.0796875
1 0.50859375 0.1546875 0.240625 0.2125
3 0.565625 0.48828125 0.16875 0.1640625
3 0.225 0.30703125 0.1921875 0.209375
3 0.88125 0.32265625 0.109375 0.10625
3 0.74765625 0.60625 0.1609375 0.1671875
3 0.55234375 0.334375 0.1921875 0.1828125
3 0.54765625 0.22734375 0.0921875 0.090625
3 0.3890625 0.33828125 0.1421875 0.140625
3 0.33828125 0.55859375 0.090625 0.1125
3 0.45234375 0.53125 0.14375 0.178125
3 0.63046875 0.703125 0.13125 0.1359375
1 0.31796875 0.13671875 0.190625 0.18125
1 0.08515625 0.5265625 0.1390625 0.146875
1 0.3109375 0.7796875 0.109375 0.121875