4 0.9920735765625001 0.440300415625 0.9671119031250001 0.359292565625 0.9319223984375 0.2739432609375 0.9183651484375 0.2561178796875 0.8987373640625 0.2407451546875 0.8655034484374999 0.1934438484375 0.7806154000000001 0.1161695515625 0.712019184375 0.073975625 0.6167924671875 0.030536614062500002 0.597937140625 0.027562448437499998 0.5156418609375 0.0318598546875 0.4502642234375 0.041326596874999996 0.41002105312500003 0.041344501562500004 0.337978046875 0.057034965625 0.30362125156249997 0.0716221578125 0.2271015078125 0.1286655953125 0.1939588203125 0.142762259375 0.186232528125 0.15859453750000002 0.148564221875 0.1999409765625 0.09063578125 0.289017296875 0.07337425625 0.3249434515625 0.0563213328125 0.350899259375 0.05404630312499999 0.3609983484375 0.0565722828125 0.38822368281249997 0.0452460140625 0.45282232499999997 0.05110624375 0.6001578953125 0.0678576296875 0.6625923453125 0.094579359375 0.7252353968749999 0.1584902375 0.8187526453125 0.2014370125 0.8621297 0.233383496875 0.8887667390624999 0.27641013281250004 0.920107021875 0.3056464765625 0.936540671875 0.347410121875 0.9542682875 0.44543337968749996 0.9626823453125001 0.49466583125 0.9604448296875001 0.5492208046875 0.950407696875 0.5854598640625001 0.9527137046874999 0.6441721296875 0.949470684375 0.6794056859375 0.9422968781250001 0.77942858125 0.8962358265624999 0.8503927609374999 0.8499107515625001 0.89485518125 0.8044070171875 0.9439719625 0.733719934375 0.984130440625 0.639112490625 0.9980756218750001 0.5233192703125 0.9920735765625001 0.440300415625
2 0.196875 0.45234375 0.196875 0.1875
2 0.88984375 0.3515625 0.1953125 0.1953125
2 0.8078125 0.60859375 0.203125 0.2203125
2 0.62734375 0.6828125 0.19375 0.1875
2 0.5171875 0.7828125 0.1890625 0.190625
2 0.32890625 0.21875 0.1578125 0.1296875
2 0.6765625 0.4109375 0.1765625 0.1625
2 0.26328125 0.72265625 0.1890625 0.190625
0 0.40234375 0.4109375 0.103125 0.103125
0 0.3625 0.8140625 0.0921875 0.096875
0 0.184375 0.26484375 0.090625 0.103125
0 0.52734375 0.29140625 0.0890625 0.0828125
0 0.69453125 0.21796875 0.1015625 0.1046875
0 0.8359375 0.4765625 0.090625 0.0875
0 0.765625 0.56640625 0.0765625 0.0765625
1 0.4671875 0.15546875 0.2390625 0.203125
3 0.43359375 0.49296875 0.165625 0.1578125
3 0.76015625 0.28828125 0.184375 0.20625
3 0.10703125 0.34921875 0.1078125 0.1015625
3 0.26015625 0.6234375 0.15625 0.1640625
3 0.43671875 0.33828125 0.1890625 0.1765625
3 0.43359375 0.23125 0.090625 0.0875
3 0.59921875 0.33046875 0.1390625 0.1375
3 0.665625 0.54765625 0.0859375 0.1125
3 0.54921875 0.52734375 0.1359375 0.178125
3 0.38359375 0.71171875 0.1265625 0.1328125
1 0.65625 0.125 0.1875 0.175
1 0.915625 0.496875 0.134375 0.14375
1 0.7078125 0.765625 0.1046875 0.1203125