4 1 0.4388888890625 0.9675925921875 0.32685185156249996 0.9296296296875 0.252777778125 0.875 0.1879629625 0.809259259375 0.1231481484375 0.7898148140625 0.1120370375 0.765740740625 0.10555555624999999 0.7166666671875 0.075 0.6083333328125 0.037037037499999995 0.5287037031249999 0.025 0.4240740734375 0.022222221875 0.40555555625000006 0.0268518515625 0.33148148125 0.0629629625 0.275 0.097222221875 0.2379629625 0.1129629625 0.177777778125 0.15555555625 0.1518518515625 0.1824074078125 0.10370370312499999 0.2648148140625 0.078703703125 0.290740740625 0.077777778125 0.3083333328125 0.059259259375 0.3611111109375 0.040740740625 0.465740740625 0.0388888890625 0.50555555625 0.0333333328125 0.5361111109375 0.0351851859375 0.546296296875 0.048148148437499996 0.5703703703125 0.0629629625 0.634259259375 0.12592592656249998 0.7675925921875 0.165740740625 0.81851851875 0.2148148140625 0.865740740625 0.3101851859375 0.9268518515625 0.36666666718749996 0.95 0.40648148125 0.9620370375 0.4583333328125 0.9740740734375001 0.4916666671875 0.977777778125 0.5370370375 0.977777778125 0.63055555625 0.9472222218749999 0.675 0.9259259265625 0.7212962968750001 0.8953703703125001 0.75555555625 0.8833333328125 0.8083333328125001 0.8574074078124999 0.8379629625 0.8370370375 0.9120370375 0.75555555625 0.959259259375 0.6851851859375 0.9824074078124999 0.6259259265625 1 0.5416666671875 1 0.4388888890625
2 0.20234375 0.575 0.15625 0.1375
2 0.80078125 0.2109375 0.1484375 0.1484375
2 0.82578125 0.4796875 0.14609375 0.17734375
2 0.6890625 0.61875 0.15 0.140625
2 0.6265625 0.75390625 0.14375 0.14609375
2 0.2328125 0.3078125 0.1359375 0.08359375
2 0.628125 0.34921875 0.14296875 0.11640625
2 0.36953125 0.79765625 0.14375 0.146875
0 0.375 0.45625 0.07890625 0.07890625
0 0.49609375 0.84296875 0.06875 0.07578125
0 0.11796875 0.40703125 0.0625 0.08515625
0 0.44375 0.29765625 0.07265625 0.05859375
0 0.56875 0.16484375 0.07578125 0.08125
0 0.8 0.346875 0.07109375 0.06484375
0 0.7703125 0.4578125 0.0578125 0.059375
1 0.33515625 0.19609375 0.2015625 0.13515625
3 0.4359375 0.51953125 0.1296875 0.1171875
3 0.65703125 0.203125 0.12890625 0.16953125
3 0.0796875 0.51484375 0.08515625 0.075
3 0.32734375 0.70703125 0.1140625 0.1296875
3 0.378125 0.37578125 0.1515625 0.12734375
3 0.33359375 0.27890625 0.0703125 0.065625
3 0.525 0.30546875 0.1078125 0.103125
3 0.67109375 0.47890625 0.05078125 0.1
3 0.55625 0.50625 0.07890625 0.16015625
3 0.47578125 0.740625 0.09375 0.1046875
1 0.49765625 0.09375 0.15 0.1265625
1 0.88125 0.33515625 0.09765625 0.11484375
1 0.7953125 0.66328125 0.0703125 0.1015625