4 0 0.5613922796875 0.06520773125 0.82292620625 0.08280569374999999 0.8360971453125 0.1079542640625 0.8412781640624999 0.11423597187500001 0.8511632203125 0.132913971875 0.8610112046875 0.22865774062500002 0.8814178171875 0.26332330625 0.8941504124999999 0.3601495265625 0.90741638125 0.3971616140625 0.9027687359375 0.41153153593749997 0.9068200859375001 0.6316449171875 0.8519396562500001 0.68034615 0.82910923125 0.7180822890624999 0.8158834671875 0.7551040359375001 0.7959650640625 0.7736173234375 0.7821881734375 0.791953825 0.7638748546875 0.83366861875 0.7091959734375 0.85345080625 0.6775441078125 0.88260218125 0.6030951124999999 0.8860408171874999 0.5633034718750001 0.872603128125 0.505580465625 0.838523465625 0.4186502890625 0.8135879062500001 0.360740353125 0.7909723046875 0.3274447625 0.7703255046875 0.3058729765625 0.737105625 0.279801834375 0.6765867609375 0.239924821875 0.5927089234375 0.20587185625 0.57295813125 0.1878937546875 0.4775751796875 0.16510692968750001 0.44686170625 0.152915803125 0.4412968015625 0.145905696875 0.42674526406249996 0.1449532984375 0.41794749062500003 0.13645898437499998 0.378242553125 0.1379609453125 0.3369175578125 0.1444473359375 0.23162057187500001 0.17375449375000002 0.179328065625 0.1936632375 0.142843921875 0.215737853125 0.140683846875 0.222383759375 0.153077721875 0.22616437656250002 0.151997684375 0.22948732968750002 0.129173903125 0.24128527968750002 0.12270091718750001 0.249769934375 0.0745324578125 0.2823919515625 0.05044460625 0.30442949375 0.0549270578125 0.3185802453125 0.07216903125 0.3264960171875 0.0737794296875 0.3367823453125 0.07108174843750001 0.34127203906250003 0.00171198125 0.3768898859375 0 0.3786237171875 0 0.5613922796875
0 0.58984375 0.746875 0.096875 0.078125
0 0.553125 0.7046875 0.071875 0.059375
0 0.77734375 0.5140625 0.0921875 0.0765625
0 0.6671875 0.5609375 0.075 0.0671875
0 0.5828125 0.57109375 0.0671875 0.071875
0 0.42578125 0.3984375 0.06875 0.071875
0 0.575 0.2796875 0.08125 0.078125
0 0.328125 0.34375 0.0890625 0.0984375
0 0.12734375 0.46953125 0.06875 0.059375
0 0.09375 0.634375 0.1390625 0.146875
0 0.19140625 0.584375 0.14375 0.1375
0 0.334375 0.5875 0.0671875 0.075
0 0.51953125 0.4015625 0.053125 0.0453125
1 0.44140625 0.6390625 0.1625 0.19375
1 0.309375 0.73984375 0.1078125 0.084375
1 0.43125 0.73828125 0.125 0.1171875
1 0.70703125 0.61015625 0.140625 0.1109375
1 0.64453125 0.3953125 0.146875 0.1265625
1 0.59140625 0.34140625 0.1421875 0.1203125
1 0.4796875 0.33203125 0.178125 0.1671875
1 0.21796875 0.31796875 0.178125 0.19375
1 0.1078125 0.37578125 0.0921875 0.08125
1 0.20859375 0.4671875 0.1046875 0.109375