4 1 0.296296296875 0.9731481484375 0.2718518515625 0.953703703125 0.26 0.877777778125 0.242222221875 0.8740740734375001 0.23851851875 0.8731481484374999 0.2281481484375 0.8879629625 0.21629629687500002 0.8888888890625 0.20148148125 0.8601851859374999 0.1859259265625 0.8055555562500001 0.1659259265625 0.797222221875 0.15925925937500002 0.772222221875 0.1533333328125 0.7703703703125 0.1503703703125 0.7814814812499999 0.143703703125 0.777777778125 0.137777778125 0.7370370375 0.1251851859375 0.68148148125 0.11851851875 0.5722222218749999 0.11555555625 0.5305555562500001 0.119259259375 0.4916666671875 0.12740740781249998 0.48518518593750004 0.137777778125 0.471296296875 0.142222221875 0.4675925921875 0.1503703703125 0.440740740625 0.1696296296875 0.353703703125 0.2148148140625 0.33888888906250003 0.2370370375 0.26574074062499997 0.2903703703125 0.2166666671875 0.343703703125 0.190740740625 0.3770370375 0.1759259265625 0.4029629625 0.1620370375 0.440740740625 0.1518518515625 0.5029629625 0.13981481406250001 0.59555555625 0.140740740625 0.6548148140625 0.15370370312499998 0.6925925921875 0.2 0.757777778125 0.22685185156249998 0.783703703125 0.28055555625 0.8266666671875 0.302777778125 0.8400000000000001 0.3240740734375 0.8488888890625 0.3648148140625 0.859259259375 0.4046296296875 0.8629629624999999 0.4574074078125 0.8733333328124999 0.684259259375 0.8733333328124999 0.6972222218749999 0.8659259265625 0.734259259375 0.86148148125 0.825 0.8251851859375 0.85555555625 0.8044444437499999 0.94351851875 0.7614814812499999 0.959259259375 0.7474074078124999 0.9629629625 0.736296296875 0.9861111109375 0.7251851859375 1 0.7081481484375 1 0.296296296875
0 0.47265625 0.7609375 0.084375 0.059375
0 0.49765625 0.71171875 0.0625 0.04609375
0 0.234375 0.58046875 0.0796875 0.059375
0 0.35234375 0.59921875 0.06328125 0.05390625
0 0.43671875 0.5890625 0.0546875 0.0609375
0 0.54765625 0.38359375 0.05546875 0.06015625
0 0.37421875 0.3046875 0.06796875 0.06328125
0 0.62890625 0.30703125 0.0703125 0.084375
0 0.85390625 0.38046875 0.059375 0.04609375
0 0.9265625 0.53203125 0.1125 0.1234375
0 0.81953125 0.50703125 0.1203125 0.1109375
0 0.68203125 0.54453125 0.053125 0.0640625
0 0.45703125 0.409375 0.04609375 0.03515625
1 0.590625 0.62109375 0.125 0.16796875
1 0.74296875 0.68671875 0.09453125 0.0640625
1 0.62421875 0.71484375 0.10546875 0.09453125
1 0.32578125 0.65703125 0.12421875 0.08359375
1 0.334375 0.43359375 0.12734375 0.0984375
1 0.37265625 0.36796875 0.12265625 0.09296875
1 0.47890625 0.33203125 0.15078125 0.134375
1 0.7296875 0.25546875 0.1421875 0.16484375
1 0.85078125 0.284375 0.07890625 0.06484375
1 0.775 0.39765625 0.084375 0.09140625