4 1 0.3799606203125 0.8530237156249999 0.091503421875 0.8180009953124999 0.081913746875 0.7952952390625 0.08018126249999999 0.7195738031250001 0.0988107953125 0.71459233125 0.09719221875 0.7090592765625 0.0883725125 0.7168787453125 0.07108665 0.7109779656249999 0.057466190625 0.6783407046875001 0.056637298437500004 0.6205855390624999 0.0636185015625 0.6101338796875 0.0614617125 0.5851684015624999 0.0675314359375 0.5821732328125 0.0657321390625 0.589046703125 0.05474775625 0.583056365625 0.051149164062499995 0.5410391828125001 0.058424992187500004 0.48851221562499997 0.07770664375 0.3898163453125 0.12466928906250001 0.3543725203125 0.146885584375 0.3234214484375 0.1718008234375 0.32235445625 0.183983421875 0.3119971015625 0.1942488734375 0.3123962578125 0.20319037343750002 0.297214603125 0.2325409859375 0.2401776796875 0.31231526718749997 0.2370662625 0.3388411984375 0.1961036109375 0.4195701109375 0.17659111875 0.489369621875 0.16862396562499998 0.5308399640625 0.16719399375 0.5606659171875 0.1719696546875 0.6006315875 0.1911428859375 0.6606959703124999 0.2224539640625 0.7486612765625 0.2501821109375 0.8010413 0.278882946875 0.828816484375 0.3497267046875 0.8658788312500001 0.385422003125 0.8767885140624999 0.4527771328125 0.890687825 0.4786304828125 0.8924792328125 0.5016410921875 0.890730975 0.5426494078124999 0.881475134375 0.5798061140625 0.8666996093750001 0.631539509375 0.8519790671875 0.8336659890625 0.74899048125 0.84185318125 0.7365053734375 0.8728356875 0.7157308796875 0.9372081046874999 0.642195209375 0.95501720625 0.609843140625 1 0.55007985 1 0.3799606203125
0 0.59375 0.74453125 0.1015625 0.090625
0 0.59375 0.68984375 0.0765625 0.06875
0 0.3 0.6921875 0.0984375 0.0890625
0 0.41328125 0.65546875 0.08125 0.0765625
0 0.484375 0.6078125 0.0765625 0.0796875
0 0.48984375 0.375 0.0765625 0.078125
0 0.29921875 0.3828125 0.0890625 0.0875
0 0.52734375 0.26953125 0.1015625 0.1078125
0 0.7609375 0.2328125 0.0734375 0.06875
0 0.89453125 0.33515625 0.15625 0.1609375
0 0.78828125 0.3609375 0.1578125 0.153125
0 0.68203125 0.45703125 0.0765625 0.08125
0 0.4203125 0.4390625 0.05625 0.0515625
1 0.6359375 0.56640625 0.1875 0.20625
1 0.8015625 0.55625 0.1140625 0.1
1 0.70859375 0.63515625 0.1375 0.1328125
1 0.41640625 0.71875 0.1484375 0.13125
1 0.32265625 0.51640625 0.1578125 0.1453125
1 0.3265625 0.43984375 0.1515625 0.1390625
1 0.4046875 0.36015625 0.1953125 0.1875
1 0.59375 0.178125 0.2015625 0.2109375
1 0.71484375 0.1484375 0.1 0.09375
1 0.6984375 0.28359375 0.1171875 0.1203125