4 0 0.5768518515625 0.039814814062499995 0.5824074078125 0.0490740734375 0.60648148125 0.0425925921875 0.6416666671875 0.046296296875 0.6601851859375001 0.072222221875 0.6759259265625001 0.0925925921875 0.6796296296875 0.10833333281249999 0.6879629625 0.1648148140625 0.69351851875 0.18055555625 0.702777778125 0.20370370312500002 0.709259259375 0.21851851875 0.7212962968750001 0.24722222187499998 0.7814814812499999 0.2768518515625 0.8101851859375 0.2833333328125 0.83055555625 0.3046296296875 0.8574074078124999 0.4166666671875 0.897222221875 0.42592592656250006 0.9111111109375001 0.42592592656250006 0.925 0.43518518593750005 0.9296296296875 0.48981481406249994 0.940740740625 0.534259259375 0.9370370375 0.6046296296875 0.952777778125 0.6611111109375 0.9583333328125001 0.9379629625 0.9601851859374999 0.9990740734375001 0.9518518515625001 1 0.2898148140625 0.98055555625 0.2833333328125 0.9629629625 0.271296296875 0.9111111109375001 0.25833333281250004 0.9 0.25 0.8629629624999999 0.23611111093749998 0.834259259375 0.23240740781250002 0.7731481484375 0.2101851859375 0.7138888890625 0.20277777812500003 0.6833333328125 0.2046296296875 0.6638888890625 0.1981481484375 0.6175925921875 0.19444444375 0.5898148140624999 0.1861111109375 0.5074074078125 0.1740740734375 0.34351851875 0.16944444375 0.26944444375 0.1740740734375 0.1203703703125 0.1981481484375 0.040740740625 0.22407407343750002 0 0.24907407343750002 0 0.5768518515625
2 0.61328125 0.6109375 0.2390625 0.1046875
2 0.84140625 0.56875 0.1421875 0.1015625
2 0.6015625 0.2359375 0.12421875 0.06171875
2 0.92734375 0.29921875 0.12890625 0.078125
2 0.09453125 0.4890625 0.1890625 0.13984375
2 0.5546875 0.4953125 0.184375 0.07265625
2 0.86328125 0.7359375 0.259375 0.13359375
2 0.33203125 0.7265625 0.18203125 0.16796875
2 0.47578125 0.21171875 0.1390625 0.0625
3 0.38046875 0.5984375 0.08515625 0.0703125
3 0.553125 0.6984375 0.0515625 0.071875
3 0.71875 0.6734375 0.07109375 0.1
3 0.684375 0.5703125 0.0578125 0.05625
3 0.8109375 0.6140625 0.1546875 0.11796875
3 0.88359375 0.7890625 0.0671875 0.04921875
3 0.225 0.48125 0.06875 0.05234375
3 0.053125 0.42578125 0.07890625 0.06171875
3 0.14140625 0.29765625 0.0484375 0.0328125
3 0.21796875 0.39765625 0.0875 0.05234375
3 0.2984375 0.33515625 0.1171875 0.14921875
3 0.44140625 0.31484375 0.06171875 0.0453125
3 0.375 0.33046875 0.0609375 0.0578125
3 0.3890625 0.2234375 0.05546875 0.07890625
3 0.6375 0.3359375 0.053125 0.04453125
3 0.6671875 0.40234375 0.0484375 0.0453125
3 0.8125 0.41015625 0.08828125 0.11484375
3 0.88984375 0.428125 0.0515625 0.05078125
3 0.94921875 0.4015625 0.03984375 0.04296875
3 0.95859375 0.49765625 0.06796875 0.05234375
3 0.93359375 0.6046875 0.09375 0.07421875
3 0.40859375 0.44921875 0.05859375 0.07578125
3 0.51953125 0.37421875 0.08203125 0.0671875
3 0.76015625 0.3046875 0.1140625 0.0640625
3 0.78359375 0.240625 0.03984375 0.03125
3 0.46875 0.5546875 0.11015625 0.08515625
3 0.1359375 0.33984375 0.05078125 0.03828125
3 0.234375 0.35625 0.04921875 0.03359375
3 0.22890625 0.30078125 0.06484375 0.04453125
3 0.37421875 0.65625 0.05859375 0.05546875
3 0.471875 0.68984375 0.0578125 0.05859375
3 0.6515625 0.65546875 0.0484375 0.07578125
3 0.94921875 0.68515625 0.1015625 0.084375
3 0.8421875 0.41953125 0.0546875 0.0453125
3 0.49765625 0.353125 0.12109375 0.06796875