4 1 0.43567308281250006 0.928562984375 0.167567178125 0.9081035625 0.166339140625 0.8879950078125001 0.1592655546875 0.834554903125 0.1601645390625 0.82166556875 0.154990925 0.7822958296875 0.1511611796875 0.7536115921875 0.1550127421875 0.6888312578125 0.14936444375 0.6296740296875 0.1575468609375 0.6006389234375 0.1672439734375 0.580179503125 0.166015934375 0.534502125 0.17442079375 0.5055140265625 0.17356083125 0.42279916875 0.1832625515625 0.263296421875 0.2212082390625 0.192944596875 0.24485189843750002 0.055180928124999994 0.30668887968749997 0 0.34257075625 0 0.56582625 0.036927809374999995 0.7036427109375001 0.07682385 0.698704134375 0.0919984375 0.71956143125 0.094844403125 0.755225240625 0.103214853125 0.7721541671875001 0.1323313765625 0.78064843125 0.1529662328125 0.7789536953125 0.1703274453125 0.7829290734375001 0.22632225 0.7736768453125 0.2439231125 0.7785465984375 0.2679600359375 0.7788160468750001 0.2853854640625 0.7866085765624999 0.32868818437499997 0.8373139359374999 0.3647372734375 0.8573708734375 0.37627014375 0.875369609375 0.40379055781249995 0.8957946187499999 0.5223148578125001 0.9052554562499999 0.534853325 0.9162746203125 0.5384480328125 0.9296902578124999 0.548590028125 0.9317656640624999 0.6042339640625001 0.9283589843750001 0.6462054125 0.9132784125000001 0.7182519734375 0.910269609375 0.774246778125 0.9010173796875 1 0.8421425640625 1 0.43567308281250006
2 0.63828125 0.578125 0.2578125 0.1625
2 0.84765625 0.478125 0.1640625 0.134375
2 0.5296875 0.21875 0.1359375 0.0921875
2 0.8609375 0.1953125 0.1453125 0.109375
2 0.10703125 0.59375 0.2140625 0.184375
2 0.5515625 0.48125 0.196875 0.1171875
2 0.884375 0.6328125 0.23125 0.196875
2 0.39609375 0.7625 0.21875 0.209375
2 0.40234375 0.228125 0.15 0.096875
3 0.41015625 0.62578125 0.1 0.090625
3 0.60234375 0.678125 0.06875 0.0828125
3 0.75625 0.6109375 0.0953125 0.115625
3 0.69609375 0.5203125 0.0703125 0.06875
3 0.8296875 0.5296875 0.1796875 0.1546875
3 0.9453125 0.6796875 0.078125 0.065625
3 0.2296875 0.553125 0.0796875 0.06875
3 0.04921875 0.54375 0.0921875 0.0796875
3 0.1015625 0.39765625 0.0546875 0.04375
3 0.20078125 0.47421875 0.0984375 0.0734375
3 0.2625 0.39296875 0.1515625 0.175
3 0.3953125 0.3359375 0.071875 0.059375
3 0.33515625 0.36875 0.0734375 0.071875
3 0.32109375 0.26171875 0.0734375 0.090625
3 0.590625 0.30625 0.0625 0.05625
3 0.6359375 0.3625 0.0578125 0.05625
3 0.77890625 0.33203125 0.115625 0.134375
3 0.8578125 0.3296875 0.0625 0.0625
3 0.90859375 0.28828125 0.05 0.0515625
3 0.9421875 0.37890625 0.0796875 0.06875
3 0.9453125 0.48828125 0.109375 0.0953125
3 0.3984375 0.47421875 0.0765625 0.0890625
3 0.4859375 0.3734375 0.096875 0.0859375
3 0.70078125 0.24375 0.1265625 0.090625
3 0.70703125 0.17578125 0.046875 0.040625
3 0.48359375 0.5609375 0.128125 0.1109375
3 0.10703125 0.43984375 0.059375 0.05
3 0.20625 0.4296875 0.05625 0.0453125
3 0.18671875 0.37734375 0.0734375 0.059375
3 0.41875 0.68359375 0.0703125 0.06875
3 0.521875 0.690625 0.0703125 0.071875
3 0.68671875 0.6109375 0.065625 0.0859375
3 0.9609375 0.56171875 0.078125 0.1078125
3 0.809375 0.33359375 0.0640625 0.0578125
3 0.459375 0.35859375 0.134375 0.096875