4 1 0.5679443109375 0.983506003125 0.5381463156249999 0.8908986062500001 0.41887137812499997 0.8398816578125 0.36496708437500003 0.7168635125 0.25658102656250004 0.6483853109375 0.20918264375 0.6223866109375 0.1963328578125 0.586001721875 0.167467578125 0.567360596875 0.1589467546875 0.5462766375 0.13675355625000002 0.49788531875 0.1017562734375 0.4380359625 0.07633090000000001 0.41451748281249995 0.0594637390625 0.377958109375 0.04436223125 0.3641486375 0.042879084375 0.3173858734375 0.01699671875 0.2963102265625 0.0138019296875 0.2776691015625 0.00528110625 0 0.30388095625 0 0.6612990562500001 0.06958821093749999 0.725326265625 0.11468503125 0.75978346875 0.1768858203125 0.796263896875 0.20686451093749997 0.8292836515625 0.2543958515625 0.8584148171875 0.2643250453125 0.8613437203125001 0.27379724375 0.8511860296875 0.2900412375 0.8473431390625 0.399133578125 0.8946335031249999 0.43302162187500004 0.8895193406249999 0.4516544359375 0.8790417546875 0.4929000546875 0.8782565531250001 0.5549388109375 0.8538157749999999 0.573982921875 0.855116121875 0.5953327640625 0.866162865625 0.6131596140625 0.8701262328125001 0.6582564343749999 0.9045834328125 0.675451803125 0.9092239781250001 0.69287566875 0.9204078203125 0.7225718484375 0.9265772109375 0.737910165625 0.91555954375 0.75716615 0.8854063671875 0.780356421875 0.8741145046875 0.8132640140625 0.8972050656249999 1 0.6969552390625 1 0.5679443109375
2 0.34140625 0.50390625 0.246875 0.2390625
2 0.203125 0.3171875 0.1734375 0.171875
2 0.60546875 0.2375 0.1328125 0.1296875
2 0.3234375 0.0671875 0.146875 0.134375
2 0.80390625 0.76875 0.234375 0.23125
2 0.46328125 0.459375 0.184375 0.178125
2 0.10703125 0.425 0.2140625 0.275
2 0.46796875 0.78046875 0.2484375 0.246875
2 0.7140625 0.30546875 0.14375 0.140625
3 0.5203125 0.653125 0.1109375 0.109375
3 0.32578125 0.60859375 0.0875 0.0875
3 0.221875 0.47734375 0.1203125 0.121875
3 0.3171875 0.42578125 0.08125 0.08125
3 0.19453125 0.37109375 0.19375 0.1921875
3 0.03203125 0.45 0.0640625 0.08125
3 0.7140625 0.67421875 0.0859375 0.0859375
3 0.87734375 0.75078125 0.1 0.0984375
3 0.9 0.596875 0.0578125 0.0578125
3 0.77578125 0.6171875 0.1 0.0984375
3 0.76015625 0.5171875 0.1875 0.1890625
3 0.66875 0.4046875 0.0765625 0.075
3 0.70703125 0.4609375 0.084375 0.084375
3 0.76953125 0.3734375 0.09375 0.0953125
3 0.51171875 0.2859375 0.06875 0.06875
3 0.44453125 0.31484375 0.065625 0.065625
3 0.3328125 0.22109375 0.1421875 0.14375
3 0.2640625 0.18125 0.071875 0.071875
3 0.23828125 0.121875 0.0578125 0.059375
3 0.16640625 0.18515625 0.0859375 0.084375
3 0.11171875 0.28046875 0.11875 0.11875
3 0.6015625 0.525 0.0953125 0.0953125
3 0.571875 0.39453125 0.10625 0.1046875
3 0.44296875 0.1796875 0.1265625 0.125
3 0.46953125 0.1171875 0.05 0.05
3 0.4859375 0.5609375 0.1390625 0.1375
3 0.87578125 0.63125 0.0625 0.0625
3 0.7921875 0.57578125 0.059375 0.0578125
3 0.834375 0.5390625 0.078125 0.0765625
3 0.48515625 0.7 0.08125 0.08125
3 0.39140625 0.6578125 0.0828125 0.0828125
3 0.2828125 0.51015625 0.0875 0.0890625
3 0.05546875 0.328125 0.1109375 0.13125
3 0.3046875 0.2078125 0.0703125 0.0703125
3 0.6015625 0.39453125 0.134375 0.1328125