4 0.6273465515625001 0 0.5507786203125 0.021052364062500002 0.5387806921875 0.0200828453125 0.5200017984375 0.0252109015625 0.47330735312499994 0.043303575 0.41831240000000003 0.07480258437500001 0.40334206562499997 0.079666740625 0.3265986453125 0.08318351406249999 0.2681701703125 0.1041152296875 0.23162635625 0.0965175109375 0.20527480156250003 0.096317465625 0.1419154890625 0.111062696875 0.11195259375 0.12371895937499999 0.0430679609375 0.1334444453125 0 0.148638190625 0 0.5774019171875 0.1368656125 1 0.57919221875 1 1 0.8632712640625 1 0.42080778125 0.8632712640625 0 0.6273465515625001 0
3 0.696875 0.11796875 0.25625 0.1921875
3 0.23671875 0.5046875 0.3046875 0.1921875
3 0.45078125 0.20625 0.1421875 0.1484375
3 0.71953125 0.246875 0.190625 0.1125
3 0.56640625 0.653125 0.0890625 0.121875
3 0.271875 0.91171875 0.184375 0.1765625
3 0.21015625 0.27734375 0.1078125 0.1453125
1 0.38203125 0.8796875 0.1984375 0.21875
1 0.371875 0.5 0.0828125 0.1140625
1 0.0109375 0.328125 0.021875 0.109375
1 0.6953125 0.78828125 0.165625 0.15
1 0.97578125 0.72890625 0.0484375 0.1796875
1 0.94296875 0.42578125 0.1140625 0.1078125
1 0.68984375 0.33984375 0.140625 0.11875
1 0.86640625 0.16640625 0.115625 0.1046875
1 0.5703125 0.2515625 0.140625 0.1265625
1 0.38671875 0.5296875 0.115625 0.109375
1 0.190625 0.778125 0.125 0.1296875