4 1 0.09629629687499999 0.9648148140625 0.0824074078125 0.953703703125 0.08425925937499999 0.9351851859375 0.09629629687499999 0.9175925921875001 0.09629629687499999 0.8888888890625 0.0888888890625 0.8703703703125001 0.077777778125 0.8638888890624999 0.0675925921875 0.83148148125 0.05 0.8009259265625 0.05 0.7981481484375 0.053703703125 0.8046296296875 0.0620370375 0.797222221875 0.0648148140625 0.696296296875 0.060185185937499996 0.6851851859375 0.055555556250000006 0.665740740625 0.0546296296875 0.615740740625 0.0574074078125 0.553703703125 0.0703703703125 0.5379629625 0.0703703703125 0.46388888906250003 0.05 0.4018518515625 0.051851851562499995 0.36944444375 0.0333333328125 0.34444444375 0.025 0.2796296296875 0.019444443750000002 0.24722222187499998 0.022222221875 0.178703703125 0.0101851859375 0.0675925921875 0.0129629625 0.04444444375 0.009259259374999999 0.025 0.013888889062500001 0.0009259265625 0.027777778125000003 0 1 1 1 1 0.09629629687499999
3 0.80546875 0.19765625 0.228125 0.12734375
3 0.2484375 0.4234375 0.28515625 0.11015625
3 0.54375 0.20546875 0.11015625 0.12109375
3 0.78671875 0.32734375 0.18125 0.05859375
3 0.515625 0.66640625 0.0578125 0.11015625
3 0.14375 0.8609375 0.1171875 0.23359375
3 0.29296875 0.1984375 0.07109375 0.1296875
1 0.2703125 0.825 0.15 0.18125
1 0.378125 0.46015625 0.0546875 0.1015625
1 0.04765625 0.17265625 0.08359375 0.0875
1 0.596875 0.834375 0.13671875 0.11328125
1 0.9375 0.88359375 0.12421875 0.14921875
1 0.9484375 0.56796875 0.103125 0.08046875
1 0.73046875 0.40625 0.11953125 0.08671875
1 0.9515625 0.29609375 0.096875 0.078125
1 0.64375 0.28515625 0.1171875 0.0953125
1 0.3828125 0.49296875 0.09453125 0.08359375
1 0.11953125 0.66875 0.09765625 0.1046875