4 0.10177643437499999 0 0.09486091875 0.0011623453125 0 0.44744788281250003 0 0.904892015625 0.447447884375 1 0.9047994328125 1 1 0.5500096484375 1 0.1077243359375 0.916113428125 0.087690071875 0.8465895625 0.0852182671875 0.8154678671875001 0.0757633125 0.7509143468749999 0.0677217078125 0.7247280593750001 0.07067514531249999 0.689178615625 0.0820511109375 0.6288822578125 0.06734150156249999 0.5521916421874999 0.07186586406249999 0.536794875 0.06859318125 0.478808646875 0.0430152640625 0.43047879843750003 0.029902603125 0.41126674999999996 0.026765568750000003 0.3994358890625 0.0289839 0.29975288437500003 0.012528679687499999 0.293084878125 0.008271517187499999 0.301157321875 0.0014678625 0.3004769 0 0.238642421875 0 0.2339655109375 0.0013849765625 0.225508046875 0.0100000171875 0.205084071875 0.01701810625 0.175467528125 0.018295809375 0.15825937343750002 0.014638103125 0.1436334625 0 0.10177643437499999 0
3 0.2640625 0.140625 0.25 0.171875
3 0.76171875 0.47734375 0.3015625 0.1671875
3 0.51875 0.203125 0.1328125 0.140625
3 0.25546875 0.271875 0.1890625 0.0953125
3 0.45 0.659375 0.0796875 0.1203125
3 0.7734375 0.9 0.1625 0.2
3 0.76484375 0.2484375 0.096875 0.1421875
1 0.65703125 0.865625 0.184375 0.2078125
1 0.62734375 0.48671875 0.075 0.1109375
1 0.9796875 0.2734375 0.040625 0.103125
1 0.3359375 0.80703125 0.1578125 0.1390625
1 0.034375 0.784375 0.06875 0.171875
1 0.05234375 0.4734375 0.1046875 0.1
1 0.29375 0.36015625 0.134375 0.109375
1 0.10078125 0.20703125 0.1109375 0.096875
1 0.40390625 0.26015625 0.134375 0.1171875
1 0.61640625 0.5171875 0.109375 0.1015625
1 0.83671875 0.74453125 0.1171875 0.1234375