4 0.3018518515625 0.2802469140625 0.272222221875 0.3111111109375 0.225 0.38271605000000003 0.197222221875 0.4432098765625 0.1879629625 0.48271604999999995 0.1740740734375 0.5851851859375 0.1666666671875 0.604938271875 0.16851851874999998 0.6604938265625 0.1824074078125 0.7246913578124999 0.21944444375 0.7851851859375001 0.24907407343750002 0.8246913578124999 0.3009259265625 0.877777778125 0.34444444375 0.9086419749999999 0.36666666718749996 0.932098765625 0.39351851875 0.950617284375 0.42870370312499995 0.9604938265625 0.5388888890625 0.977777778125 0.5990740734375 0.98148148125 0.60555555625 0.9753086421875 0.6972222218749999 0.9481481484375 0.7675925921875 0.9037037031249999 0.8111111109375001 0.8617283953125 0.8638888890624999 0.791358025 0.8768518515625001 0.7629629625 0.9111111109375001 0.63580246875 0.9138888890624999 0.5246913578125 0.9101851859375 0.5012345671875 0.9101851859375 0.4617283953125 0.902777778125 0.40493827187500003 0.8898148140625001 0.38148148125 0.8731481484374999 0.35925925937500003 0.847222221875 0.3382716046875 0.821296296875 0.3024691359375 0.7916666671875 0.2802469140625 0.7768518515625 0.2629629625 0.7194444437499999 0.2259259265625 0.6675925921875 0.20987654375 0.647222221875 0.1987654328125 0.525 0.1851851859375 0.45555555625000005 0.1925925921875 0.4018518515625 0.21111111093749999 0.3018518515625 0.2802469140625
0 0.54609375 0.32890625 0.04453125 0.05859375
0 0.45546875 0.23515625 0.04453125 0.04453125
0 0.70078125 0.2734375 0.04375 0.05546875
0 0.7 0.46015625 0.04375 0.084375
0 0.8234375 0.56640625 0.06796875 0.0734375
0 0.57890625 0.49296875 0.06171875 0.0515625
0 0.3953125 0.475 0.04921875 0.06328125
0 0.2875 0.41640625 0.0421875 0.05625
0 0.38984375 0.7328125 0.05078125 0.06171875
0 0.6515625 0.6796875 0.05546875 0.0453125
3 0.7515625 0.72109375 0.07578125 0.2296875
3 0.43359375 0.81328125 0.0671875 0.20859375
3 0.2859375 0.56328125 0.12734375 0.09765625
3 0.3046875 0.475 0.12265625 0.19375
3 0.44296875 0.4875 0.08046875 0.1046875
3 0.48515625 0.36875 0.02890625 0.05859375
3 0.61640625 0.31015625 0.03515625 0.03828125
3 0.559375 0.5625 0.18515625 0.06484375
3 0.7328125 0.515625 0.0375 0.04140625
3 0.83359375 0.42734375 0.11484375 0.0625
3 0.7734375 0.3484375 0.1 0.0515625
3 0.68515625 0.309375 0.05859375 0.04765625
3 0.3625 0.2953125 0.07734375 0.028125
3 0.378125 0.3984375 0.05625 0.0578125