4 0.3204849890625 0.26092912031250004 0.26618181406249997 0.299429421875 0.23840997343749998 0.3290131421875 0.175147275 0.41080957187499995 0.1588557296875 0.42421254218750004 0.132681703125 0.473250990625 0.11261106875 0.535792128125 0.11443916875 0.6066998375 0.12034609375000001 0.6557280015625 0.13870790625 0.727628115625 0.1609639484375 0.7761165531249999 0.1684805640625 0.8075418421875 0.182475690625 0.8370052749999999 0.20800868281249998 0.863151203125 0.2947898765625 0.9332121375 0.34505992343749997 0.96651223125 0.353759471875 0.9644071375 0.44672537968750003 0.9867187921875 0.52989013125 0.9834139593750001 0.588565928125 0.9688215343750001 0.669458009375 0.9342678953125001 0.6948817953125 0.91615853125 0.78813143125 0.82316394375 0.8460926140625 0.7283277874999999 0.8546135078124999 0.706161759375 0.8743665937499999 0.6719484109375 0.8963466515625 0.6190630171875 0.8968487906249999 0.592267359375 0.893526146875 0.5646890171875001 0.8815674625 0.5335502125 0.8770161875 0.48958140156249996 0.8624672859375 0.45552157812500005 0.8582792546875 0.4331458296875 0.8270815 0.3723671125 0.7902011703125 0.3325420125 0.7781154671875 0.3127343234375 0.6790580421875 0.2398623734375 0.6152136859375 0.211555153125 0.5594456546875 0.200740809375 0.43827521249999996 0.21061417031250002 0.3971831015625 0.222528534375 0.3204849890625 0.26092912031250004
0 0.62578125 0.375 0.0671875 0.0734375
0 0.59375 0.2484375 0.0609375 0.0609375
0 0.7875 0.40390625 0.065625 0.0703125
0 0.69296875 0.565625 0.0796875 0.0953125
0 0.746875 0.71953125 0.0953125 0.096875
0 0.571875 0.53359375 0.0796875 0.075
0 0.421875 0.42578125 0.075 0.0796875
0 0.3578125 0.32109375 0.0640625 0.0703125
0 0.28828125 0.646875 0.075 0.078125
0 0.54140625 0.73125 0.0703125 0.0671875
3 0.60703125 0.8171875 0.18125 0.2375
3 0.2859375 0.73828125 0.1625 0.2140625
3 0.2828125 0.44765625 0.159375 0.1484375
3 0.34296875 0.38046875 0.203125 0.2296875
3 0.45703125 0.4609375 0.121875 0.13125
3 0.553125 0.37890625 0.0546875 0.065625
3 0.69609375 0.39375 0.05 0.05
3 0.5203125 0.58359375 0.1921875 0.1484375
3 0.69375 0.6296875 0.053125 0.0546875
3 0.825 0.60390625 0.13125 0.1109375
3 0.8125 0.50546875 0.1125 0.0953125
3 0.75546875 0.42734375 0.075 0.0703125
3 0.48359375 0.25390625 0.08125 0.0625
3 0.4453125 0.35078125 0.078125 0.078125