4 0.394371784375 0.20238271718749998 0.2798290109375 0.24713366718750002 0.2630285109375 0.263138415625 0.2170973546875 0.292061175 0.171231946875 0.3426943359375 0.16139535 0.3632237078125 0.138526859375 0.39235743749999996 0.12275069999999999 0.43365009062500004 0.1031401828125 0.46063273125000004 0.092792953125 0.4864114 0.08634275625 0.51242398125 0.093886115625 0.56919620625 0.1041110640625 0.6073562390625 0.1066046265625 0.6309723468749999 0.138045425 0.737578496875 0.2040488875 0.851539153125 0.2239193296875 0.875611615625 0.293111940625 0.9299242796874999 0.3460116109375 0.9592058921875 0.42548723749999995 0.9839227375 0.521060090625 0.9864326812499999 0.5289183703125 0.9907176546875001 0.5860942062500001 0.9715630796875001 0.68805150625 0.9263500406249999 0.7194815484375 0.9077034375 0.7406254999999999 0.8828661515625 0.7560194546875 0.8544570968749999 0.7900668734375 0.8133811515625 0.826412140625 0.748683359375 0.8448072156249999 0.702854615625 0.8649252890625 0.6348361734375 0.8617253828125 0.5692314109375001 0.8491352984375 0.515089571875 0.83686781875 0.497926734375 0.7969312171875 0.40254385781249996 0.777762509375 0.36678029843750004 0.7352742828125 0.315537165625 0.671128396875 0.2585941171875 0.6345201296874999 0.2364503046875 0.520033884375 0.1955521515625 0.46336714375000004 0.1915641765625 0.394371784375 0.20238271718749998
0 0.4109375 0.346875 0.0578125 0.06875
0 0.47421875 0.2328125 0.0546875 0.0546875
0 0.24765625 0.3328125 0.05625 0.065625
0 0.296875 0.51328125 0.0640625 0.0921875
0 0.2046875 0.64765625 0.084375 0.0890625
0 0.421875 0.51328125 0.0734375 0.065625
0 0.59453125 0.4484375 0.0640625 0.0734375
0 0.68359375 0.3640625 0.0546875 0.065625
0 0.66640625 0.69609375 0.065625 0.0734375
0 0.4 0.7125 0.065625 0.0578125
3 0.3140625 0.77890625 0.1328125 0.2421875
3 0.6453125 0.78515625 0.11875 0.21875
3 0.7234375 0.50546875 0.1484375 0.1265625
3 0.68203125 0.425 0.16875 0.21875
3 0.5515625 0.4734375 0.1046875 0.121875
3 0.48046875 0.36953125 0.04375 0.0640625
3 0.33828125 0.346875 0.04375 0.0453125
3 0.45859375 0.57578125 0.1953125 0.1109375
3 0.27890625 0.575 0.046875 0.05
3 0.15859375 0.51640625 0.1265625 0.090625
3 0.196875 0.42421875 0.109375 0.075
3 0.271875 0.3640625 0.06875 0.0609375
3 0.5796875 0.26640625 0.08125 0.046875
3 0.59140625 0.3703125 0.06875 0.0703125