4 1 0.5315203953125 0.9712962968750001 0.500618046875 0.9009259265624999 0.44252163125 0.847222221875 0.402966625 0.8129629625 0.3881334984375 0.759259259375 0.3695920890625 0.7212962968750001 0.36341161875 0.675 0.3695920890625 0.6296296296875 0.3671199015625 0.5333333328125 0.4004944375 0.48981481406249994 0.4264524109375 0.440740740625 0.47095179218750005 0.40277777812500004 0.5142150796875 0.3759259265625 0.556242275 0.352777778125 0.6056860328125 0.32685185156249996 0.68355995 0.31851851875000003 0.7503090234375 0.315740740625 0.83559950625 0.325 0.88133498125 0.334259259375 0.8986402968749999 0.340740740625 0.923362175 0.3509259265625 0.9295426453125 0.353703703125 0.9530284296874999 0.3574074078125 0.9542645234375 0.3611111109375 0.9493201484375 0.3620370375 0.935723115625 0.36851851875 0.9332509265625 0.3796296296875 0.9431396781249999 0.397222221875 0.9715698390625 0.40092592656250003 0.9901112484375 0.3925925921875 1 1 1 1 0.5315203953125
4 0.1101851859375 0.2509270703125 0.1324074078125 0.31520395625000003 0.1416666671875 0.3263288015625 0.16944444375 0.3250927078125 0.1879629625 0.31891223750000003 0.23333333281250002 0.29171817031249997 0.2546296296875 0.28677379531249997 0.31759259218749997 0.2546353515625 0.3333333328125 0.2546353515625 0.3398148140625 0.2669962921875 0.34629629687499996 0.2682323859375 0.384259259375 0.221260815625 0.396296296875 0.1940667484375 0.4018518515625 0.16440049375000002 0.4 0.135970334375 0.3861111109375 0.0729295421875 0.3509259265625 0.063040790625 0.2953703703125 0.056860321874999994 0.2296296296875 0.0679851671875 0.1648148140625 0.0927070453125 0.0824074078125 0.14833127343750002 0.078703703125 0.16192830625000001 0.08796296249999999 0.23609394374999998 0.10092592656249999 0.24103831874999998 0.1101851859375 0.2509270703125
1 0.840625 0.4984375 0.08046875 0.09140625
1 0.690625 0.47421875 0.0734375 0.0859375
1 0.7234375 0.58125 0.1078125 0.12734375
1 0.7671875 0.47578125 0.0359375 0.06171875
1 0.83359375 0.6640625 0.0984375 0.1125
1 0.775 0.63203125 0.04609375 0.0734375
1 0.80390625 0.7515625 0.09296875 0.0828125
1 0.8296875 0.85 0.06953125 0.09140625
1 0.7703125 0.8265625 0.06328125 0.1140625
1 0.58359375 0.9140625 0.08828125 0.15625
1 0.4234375 0.7671875 0.08515625 0.0859375
1 0.48515625 0.7015625 0.0546875 0.09296875
1 0.5296875 0.64921875 0.10859375 0.134375
1 0.6265625 0.83984375 0.05390625 0.06015625
1 0.640625 0.734375 0.05390625 0.075
1 0.67578125 0.68828125 0.0796875 0.0796875
1 0.70078125 0.79296875 0.06015625 0.07578125
1 0.68671875 0.8609375 0.0765625 0.128125
1 0.91875 0.93203125 0.06640625 0.09375