4 0.8977179578125 1 0.9800944859375 0.64318805625 0.9590779734374999 0.6066208046875 0.9035800406250001 0.5341835078125 0.8601506984375 0.4835615890625 0.8301062296874999 0.46140197812499995 0.7819498578124999 0.4312550796875 0.7463501875 0.4166932046875 0.6998501578125 0.41230087031249996 0.6561987484375 0.39968593124999996 0.5548628828125 0.41054312656249997 0.5066204671875 0.4260462625 0.4487939765625 0.4583658625 0.4020718796875 0.49198050625 0.36645417812500003 0.5268901953125 0.33277688906249997 0.5698595125 0.2899976234375 0.6399054625 0.26686259843750004 0.70306916875 0.24496983125 0.7855487984375 0.24370353281249998 0.8321949562500001 0.248832628125 0.8511396171875001 0.249586778125 0.8766858921875 0.2581206140625 0.884999125 0.2555440453125 0.908507834375 0.25887476249999997 0.9105453984375 0.2635957828125 0.9065609 0.2675566453125 0.893520646875 0.274428128125 0.8925698359375 0.2830299765625 0.9047045953125 0.2937762765625 0.936363565625 0.29321414687499997 0.9552629109374999 0.282869909375 0.9630236234374999 0.44303219374999997 1 0.8977179578125 1
4 0.189918246875 0.250172521875 0.21726214062500002 0.25521675 0.236696334375 0.2533604453125 0.2870212 0.237069471875 0.308883915625 0.23704244531250002 0.37746271875000004 0.21989129218749998 0.392800025 0.2234321890625 0.39633477968749997 0.23693433593750002 0.40237208124999996 0.2395967640625 0.44992836093750005 0.20236888125000002 0.46777422343749997 0.178579540625 0.47986084531250006 0.1509233578125 0.48445185 0.1228052859375 0.48510002500000005 0.058255904687500006 0.45304112031250005 0.04070565625 0.40029975156250003 0.0221863125 0.333741396875 0.018237579687499998 0.26502656875 0.0277456765625 0.1722185296875 0.0634066265625 0.165551084375 0.075822015625 0.15788939062500001 0.1501696734375 0.169407871875 0.15790335625000002 0.1762053328125 0.16962154062499998 0.18339884687500002 0.23724992500000003 0.189918246875 0.250172521875
1 0.83203125 0.575 0.0984375 0.1078125
1 0.69140625 0.51796875 0.090625 0.1
1 0.69921875 0.6296875 0.134375 0.1484375
1 0.765625 0.53671875 0.0484375 0.06875
1 0.78828125 0.73515625 0.121875 0.13125
1 0.73828125 0.690625 0.0609375 0.08125
1 0.73984375 0.81328125 0.109375 0.1015625
1 0.7421875 0.91484375 0.0890625 0.1046875
1 0.68984375 0.87890625 0.0875 0.125
1 0.4875 0.91796875 0.121875 0.1640625
1 0.365625 0.74296875 0.1015625 0.103125
1 0.43984375 0.69296875 0.0734375 0.103125
1 0.4953125 0.65234375 0.1359375 0.1546875
1 0.546875 0.859375 0.065625 0.0703125
1 0.584375 0.76015625 0.06875 0.0859375
1 0.62890625 0.72265625 0.0953125 0.0953125
1 0.6296875 0.83046875 0.075 0.0875
1 0.60078125 0.89375 0.103125 0.1421875
1 0.81015625 0.98046875 0.0859375 0.0390625