4 0.800430309375 1 0.9266758671875 0.7625666390625 0.915839775 0.7218059125 0.8809810406249999 0.6374729343750001 0.8521334359375 0.577335575 0.8288480359375001 0.548154953125 0.7901351453125 0.5065714984375 0.75951739375 0.48329193593750003 0.715738634375 0.467014171875 0.6768395968750001 0.44353126249999997 0.5761466171875 0.42779085468750006 0.525535515625 0.43027967812499995 0.4613144875 0.4465314171875 0.407484296875 0.4669081015625 0.364044946875 0.4914097328125 0.32039390624999997 0.5241985812500001 0.2609430828125 0.580785684375 0.22224839531249999 0.6358093546875 0.17975430625 0.70981229375 0.1664582421875 0.7545412796875001 0.166509328125 0.7741679265625 0.16062591875 0.7990389203125 0.1667173484375 0.80927760625 0.158144071875 0.8313184109374999 0.1608339375 0.8341486 0.1664253578125 0.8315217593750001 0.173626321875 0.8199509890625001 0.180509753125 0.8208110468750001 0.18567779375 0.834758646875 0.187863978125 0.868120209375 0.1824294921875 0.8862300875000001 0.17042910625000002 0.8910490734375 0.3753359984375 1 0.800430309375 1
4 0.29022450312500003 0 0.2867324953125 0.00371378125 0.260089278125 0.0735451109375 0.269213653125 0.083996478125 0.27274660625 0.0970746859375 0.26219149375 0.164260509375 0.2651441359375 0.1784301234375 0.2902507671875 0.19037959375 0.309503203125 0.1936164796875 0.3623297046875 0.1909056421875 0.3834544609375 0.196538025 0.45413554375 0.1977207828125 0.4680337921875 0.2051106140625 0.46795349062499997 0.219067546875 0.4730959890625 0.223201825 0.5286671125 0.199550921875 0.5520620265625 0.18119103281249999 0.5708947531249999 0.15760545937499998 0.5826068171875 0.1316337265625 0.5999395140625 0.06945157187499999 0.573515328125 0.0442018796875 0.5273642374999999 0.0126630953125 0.4892869796875 0 0.29022450312500003 0
1 0.8015625 0.65859375 0.1140625 0.11875
1 0.68046875 0.56640625 0.1046875 0.1109375
1 0.659375 0.6765625 0.1546875 0.1625
1 0.74765625 0.60390625 0.0609375 0.071875
1 0.7171875 0.8015625 0.1390625 0.1453125
1 0.68046875 0.7453125 0.075 0.0859375
1 0.65 0.86484375 0.1203125 0.1171875
1 0.62578125 0.953125 0.1046875 0.09375
1 0.58515625 0.915625 0.109375 0.1296875
1 0.3796875 0.9046875 0.1515625 0.1796875
1 0.30703125 0.7 0.115625 0.115625
1 0.3921875 0.67109375 0.0921875 0.1078125
1 0.45625 0.6453125 0.159375 0.1703125
1 0.45234375 0.859375 0.0765625 0.078125
1 0.5140625 0.77265625 0.0828125 0.0921875
1 0.5671875 0.7484375 0.1078125 0.1078125
1 0.53984375 0.853125 0.0890625 0.0953125
1 0.4953125 0.90625 0.128125 0.1484375