4 0.1851851859375 0.1768518515625 0.1620370375 0.1879629625 0.13148148125 0.21203703749999997 0.08055555625000001 0.2666666671875 0.0731481484375 0.27777777812500004 0.0666666671875 0.29907407343750003 0.0351851859375 0.34444444375 0.034259259375000004 0.38333333281250004 0.0388888890625 0.44351851875000003 0.047222221875 0.4861111109375 0.060185185937499996 0.5231481484375 0.0861111109375 0.5731481484375001 0.1120370375 0.597222221875 0.11944444375 0.6111111109375 0.1324074078125 0.6203703703125 0.16851851874999998 0.6333333328124999 0.172222221875 0.6490740734375 0.1675925921875 0.6564814812499999 0.1675925921875 0.66944444375 0.177777778125 0.684259259375 0.20370370312500002 0.7009259265625001 0.253703703125 0.7129629625 0.2796296296875 0.7240740734375 0.3648148140625 0.784259259375 0.40277777812500004 0.8055555562500001 0.5046296296875 0.83148148125 0.5453703703125 0.834259259375 0.5879629625 0.8296296296874999 0.6601851859375001 0.83148148125 0.6925925921875 0.827777778125 0.7583333328124999 0.8120370375 0.797222221875 0.7981481484375 0.81851851875 0.7851851859375001 0.847222221875 0.7490740734375 0.8731481484374999 0.6953703703125 0.8870370375000001 0.634259259375 0.9037037031249999 0.5944444437499999 0.9148148140625001 0.5046296296875 0.915740740625 0.3861111109375 0.9120370375 0.3583333328125 0.8990740734375 0.3240740734375 0.8768518515625001 0.2888888890625 0.8361111109375001 0.252777778125 0.7870370375 0.2259259265625 0.7379629624999999 0.19351851874999998 0.684259259375 0.171296296875 0.6546296296875 0.1546296296875 0.5824074078125 0.1379629625 0.46851851875 0.1296296296875 0.397222221875 0.1324074078125 0.2916666671875 0.1490740734375 0.1851851859375 0.1768518515625
0 0.35859375 0.6484375 0.05078125 0.0484375
0 0.784375 0.6 0.03828125 0.04609375
0 0.49296875 0.628125 0.03515625 0.05078125
0 0.83671875 0.46640625 0.03203125 0.053125
0 0.440625 0.2625 0.0484375 0.0359375
0 0.73203125 0.23359375 0.0484375 0.0453125
0 0.2046875 0.48671875 0.05546875 0.04765625
0 0.0890625 0.37109375 0.04453125 0.0609375
0 0.22421875 0.35390625 0.053125 0.03671875
0 0.384375 0.18046875 0.03984375 0.0359375
0 0.5390625 0.1984375 0.0453125 0.04140625
1 0.4984375 0.66953125 0.0875 0.0515625
1 0.290625 0.62421875 0.06484375 0.071875
1 0.546875 0.45078125 0.03359375 0.0484375
2 0.7734375 0.546875 0.08125 0.07734375
2 0.66875 0.37734375 0.08203125 0.06171875
2 0.6375 0.3109375 0.0578125 0.04921875
2 0.58203125 0.49765625 0.0671875 0.06171875
2 0.28984375 0.47109375 0.07265625 0.0703125
2 0.2 0.4421875 0.08125 0.04765625
2 0.3625 0.259375 0.05234375 0.0453125
2 0.57734375 0.175 0.05234375 0.04296875
2 0.46875 0.69609375 0.0984375 0.09140625
2 0.24375 0.63515625 0.10703125 0.08984375
2 0.1546875 0.53046875 0.09765625 0.08984375
2 0.12734375 0.425 0.1015625 0.08671875