4 0.21209260156249998 0.13143807031250002 0.149463290625 0.17212486875 0.13958789375 0.18111391875 0.1281469 0.2002096109375 0.0866244671875 0.236616228125 0.076317971875 0.2741259484375 0.06624996718750001 0.3336433859375 0.0640316828125 0.3769868125 0.067649521875 0.416059715625 0.080709240625 0.4708465515625 0.1000410109375 0.5004775703125001 0.10386835937500001 0.5157459140625 0.11420625 0.527866159375 0.1461086828125 0.549180134375 0.145894340625 0.565349315625 0.139610215625 0.5714166828125 0.1364741921875 0.5839945890625 0.14277280625 0.6008333609375 0.1638965890625 0.62327700625 0.20949935156250002 0.6470525859375 0.23196714687500003 0.6641056984375 0.300061853125 0.7431112875 0.33174511406249996 0.772959065625 0.42429948125 0.8227550734375001 0.4631580421875 0.8353064171875 0.5056054624999999 0.8411183875000001 0.5752343734375 0.86038736875 0.6075751484375 0.8646337421875 0.6751711375 0.86526469375 0.7162648859375 0.8611964375 0.7400646171874999 0.8537705703125 0.7766517656249999 0.8256761671874999 0.8147996828125 0.7798397421875001 0.8430601281250001 0.72390391875 0.8688637984375 0.6893038046875 0.9013730328125 0.6048448953125 0.9309436796874999 0.49007088593750003 0.9340700453125 0.46222221875 0.9297802015625001 0.42584458124999996 0.9167301406249999 0.38632850625000004 0.8859356437500001 0.341433971875 0.8448153296875001 0.3035076421875 0.8050390265624999 0.2601907796875 0.7583065953125 0.2256365515625 0.7335891234374999 0.20229689843749998 0.6675442421875 0.168653165625 0.5590543546875 0.133015153125 0.4892038578125 0.11846228437499999 0.3827517234375 0.109097678125 0.27271314375 0.11029013593749999 0.2475645734375 0.11547115625 0.21209260156249998 0.13143807031250002
0 0.3265625 0.61015625 0.0609375 0.059375
0 0.7515625 0.665625 0.0484375 0.0546875
0 0.4625 0.62265625 0.046875 0.0578125
0 0.83515625 0.54921875 0.04375 0.059375
0 0.5 0.25546875 0.05625 0.046875
0 0.78984375 0.29765625 0.0578125 0.05625
0 0.21640625 0.415625 0.065625 0.059375
0 0.1328125 0.27578125 0.0578125 0.0703125
0 0.26796875 0.29140625 0.0609375 0.0484375
0 0.46484375 0.16171875 0.046875 0.04375
0 0.6109375 0.2171875 0.0546875 0.0515625
1 0.4578125 0.6640625 0.096875 0.071875
1 0.26640625 0.56953125 0.0796875 0.0859375
1 0.55703125 0.46328125 0.04375 0.0546875
2 0.75390625 0.61171875 0.096875 0.0953125
2 0.69375 0.421875 0.09375 0.0796875
2 0.67890625 0.35 0.06875 0.0625
2 0.58046875 0.5171875 0.0796875 0.0765625
2 0.303125 0.42109375 0.0875 0.0859375
2 0.22265625 0.37109375 0.090625 0.065625
2 0.425 0.23359375 0.0625 0.05625
2 0.65390625 0.203125 0.0609375 0.0546875
2 0.421875 0.6828125 0.1171875 0.1125
2 0.21875 0.56953125 0.125 0.1125
2 0.1578125 0.44609375 0.1171875 0.1109375
2 0.15625 0.33671875 0.11875 0.109375