4 0.1033999390625 0.25213520312500004 0.0584633421875 0.311788775 0.052257940625 0.32361330312500003 0.048038034375 0.345470434375 0.02147150625 0.393882971875 0.024615648437500002 0.43265560937499997 0.035510981250000004 0.492027165625 0.0482508015625 0.5335153609375001 0.065014178125 0.5689945078124999 0.0960245015625 0.6160106046875 0.12432482812500001 0.6372428 0.133143440625 0.6502813203125 0.14700324843749998 0.6581348578124999 0.1842715375 0.6672521687499999 0.18960030625 0.6825195374999999 0.1857703234375 0.6903702953125 0.187125321875 0.7032622453124999 0.19880328281249998 0.7169312609375 0.22632932343749998 0.7307966296874999 0.27731363125 0.737541303125 0.3042589609375 0.7458815484375 0.39526855625 0.7968327578125 0.435249625 0.8140441796875001 0.5392535171875 0.8291816624999999 0.5800614328125 0.8276856578125 0.6219367703125 0.8186292515625 0.693956925 0.8129216796875 0.7257996578125 0.8058507687500001 0.7895349078125 0.7833244796875001 0.8267589750000001 0.7654466796875 0.8465836109374999 0.7503286609375001 0.8713554328124999 0.7114150140625 0.89152576875 0.6552955078125 0.8989507218749999 0.5930673859375 0.9113643046875 0.5517285390625 0.91302634375 0.46124431250000003 0.9015586390625 0.343278265625 0.8949716562500001 0.3160398 0.8784986375000001 0.2833232140625 0.8527202984375 0.2506536328125 0.8084281000000001 0.218998909375 0.7568160765624999 0.1974237921875 0.7046233375 0.170323553125 0.648890975 0.15383663281249998 0.61768151875 0.1403584078125 0.544112796875 0.1313323203125 0.42997673125 0.13494926875 0.35936136093750004 0.145164321875 0.25612619062499997 0.1727732453125 0.1531315953125 0.21152920000000003 0.13127168125 0.2249990828125 0.1033999390625 0.25213520312500004
0 0.375 0.6625 0.05625 0.053125
0 0.79296875 0.56953125 0.0421875 0.05
0 0.50625 0.628125 0.040625 0.0546875
0 0.83125 0.43125 0.0375 0.05625
0 0.41640625 0.2703125 0.0515625 0.040625
0 0.703125 0.2109375 0.053125 0.05
0 0.2046875 0.51796875 0.059375 0.053125
0 0.078125 0.41484375 0.05 0.065625
0 0.21015625 0.38359375 0.05625 0.0421875
0 0.3515625 0.19453125 0.04375 0.040625
0 0.50703125 0.19609375 0.05 0.0453125
1 0.51640625 0.66875 0.0921875 0.0609375
1 0.3046875 0.6453125 0.071875 0.078125
1 0.54140625 0.44609375 0.0390625 0.0515625
2 0.7765625 0.51796875 0.0890625 0.0859375
2 0.6546875 0.36015625 0.0875 0.0703125
2 0.6171875 0.29765625 0.0625 0.0546875
2 0.58125 0.4890625 0.0734375 0.06875
2 0.28828125 0.49296875 0.0796875 0.078125
2 0.1953125 0.47421875 0.0859375 0.05625
2 0.33828125 0.275 0.05625 0.05
2 0.54296875 0.16875 0.05625 0.0484375
2 0.4890625 0.6984375 0.1078125 0.1015625
2 0.259375 0.6609375 0.115625 0.1
2 0.159375 0.56640625 0.10625 0.1
2 0.121875 0.4640625 0.109375 0.096875