4 0.3400509640625 0.97930558125 0.3688830421875 0.972408190625 0.43283196874999996 0.9484691359375 0.526754653125 0.8986629515625 0.61398603125 0.8414253171875 0.691987275 0.7801635671875 0.7010273703125 0.765295665625 0.7397328296875 0.7304451140625 0.8332100015625 0.6272147578125 0.8828713421875 0.557829553125 0.908568015625 0.51787175625 0.9388439109375 0.45809175937499996 0.9587152781249999 0.40543732187500003 0.9662927890624999 0.359366878125 0.9658862484374999 0.341791159375 0.958853834375 0.332424125 0.9567417515625 0.30517047656249996 0.9464228609375 0.27969946874999996 0.928795878125 0.2585659765625 0.90553363125 0.24362785625 0.8553286312499999 0.2361286953125 0.815377090625 0.23846040624999998 0.7354475468749999 0.26333214374999997 0.7158720625 0.254045334375 0.6969196171875 0.26101794843750004 0.6833532203125 0.255291415625 0.669078146875 0.2659020296875 0.6648992078125 0.2752715640625 0.65660050625 0.2816223890625 0.6426011093749999 0.27852845312499996 0.6318554734374999 0.2837184265625 0.5880723578125 0.3253836421875 0.5692445203125 0.3356081390625 0.517687596875 0.3764233984375 0.47526266093749997 0.39780257343750003 0.392059153125 0.462627103125 0.3816219078125 0.46193259375 0.36827201249999997 0.45488976406250003 0.35607004999999997 0.4569055765625 0.30095722812500003 0.52334979375 0.27398801562499997 0.5509970625 0.23721085312499998 0.6222376281249999 0.23882450312499998 0.636483740625 0.24440059062500002 0.6426766140625 0.25505433593750004 0.6420548234375001 0.2562941609375 0.6465452828125 0.24548935 0.6641235046875 0.23320175 0.69873588125 0.22084871874999998 0.7177081249999999 0.2088695109375 0.7464360203125 0.19571591093750001 0.7863135906250001 0.1881056828125 0.82456396875 0.1763102609375 0.8441555 0.17136346875 0.8822504296875 0.2483134875 0.967712084375 0.310753165625 0.9810155015625 0.3400509640625 0.97930558125
0 0.4765625 0.7484375 0.1046875 0.1015625
0 0.31328125 0.75390625 0.0765625 0.0765625
0 0.38203125 0.540625 0.0625 0.0609375
0 0.35078125 0.6296875 0.0515625 0.05
0 0.69921875 0.56171875 0.078125 0.0765625
0 0.63125 0.365625 0.065625 0.0640625
0 0.49296875 0.6578125 0.065625 0.065625
3 0.4421875 0.7578125 0.1625 0.1609375
3 0.58359375 0.521875 0.15625 0.1484375
3 0.64296875 0.57734375 0.1109375 0.1109375
3 0.69921875 0.45625 0.0734375 0.0734375
3 0.40625 0.55234375 0.1078125 0.10625
3 0.3046875 0.6296875 0.0734375 0.071875
3 0.59765625 0.43671875 0.1375 0.1296875
3 0.47109375 0.46328125 0.0703125 0.06875
3 0.48125 0.50546875 0.096875 0.0921875
3 0.34453125 0.66953125 0.040625 0.0390625
3 0.4171875 0.6859375 0.1890625 0.1859375
3 0.74296875 0.47265625 0.2046875 0.2