4 1 0.4827710625 0.971163609375 0.46502990000000005 0.94851503125 0.4618673140625 0.9139996328125 0.44370983124999996 0.8747311109375 0.42883632968749996 0.844866584375 0.4200668703125 0.8223483671875 0.417727359375 0.7877166609375 0.40549434375000004 0.767256128125 0.4028289265625 0.7645466328125 0.3990394640625 0.7717344734375 0.3911512546875 0.7704308531249999 0.38292051875 0.7603750484375 0.3727011078125 0.6818661125000001 0.35644919062499997 0.643407871875 0.3600092140625 0.5570873953125 0.3610252203125 0.5478418703125 0.369239334375 0.544913815625 0.38404635 0.5388851796874999 0.3925946796875 0.4361453953125 0.41646055156250006 0.3928317765625 0.43597656875 0.328666540625 0.45035795 0.308871871875 0.4585554421875 0.2489383109375 0.46636054375 0.23814249531249998 0.471445315625 0.231736828125 0.4842719671875 0.2215787703125 0.486724565625 0.21166738125 0.484075771875 0.19443779218749999 0.4884921125 0.1903505328125 0.50263900625 0.173004634375 0.512979815625 0.1679025890625 0.534037203125 0.0982723265625 0.58050183125 0.071317928125 0.6100826171875 0.045550840625 0.65381860625 0.042520534375 0.6812976296875 0.047851321875000005 0.7082961078125 0.0611521234375 0.732344815625 0.0810030109375 0.7511374890625 0.083856921875 0.7624975671875001 0.09725997656249999 0.7738742671875001 0.13783211875 0.7969785046875 0.191257759375 0.8146720625 0.2567687796875 0.82876404375 0.3039932609375 0.8339402343750001 0.3891685875 0.8390116484375 0.52822073125 0.8313312093749999 0.5796628328125 0.82318358125 0.596906478125 0.8255147812500001 0.693603571875 0.8034496984375 0.792982053125 0.7716789953125 0.8907961906249999 0.7300314078125 0.9496446921875 0.6953990937500001 0.9731495875 0.677333028125 0.992916146875 0.6556404515625001 1 0.641721028125 1 0.4827710625
0 0.7078125 0.63828125 0.09375 0.0734375
0 0.81484375 0.51484375 0.06875 0.05625
0 0.60546875 0.434375 0.0578125 0.0421875
0 0.69453125 0.465625 0.053125 0.0296875
0 0.42265625 0.69375 0.06875 0.0578125
0 0.31328125 0.51796875 0.0640625 0.040625
0 0.62734375 0.59375 0.0546875 0.0515625
3 0.73671875 0.6171875 0.1390625 0.121875
3 0.4640625 0.578125 0.16875 0.078125
3 0.4703125 0.66015625 0.0921875 0.0890625
3 0.340625 0.62734375 0.0625 0.0578125
3 0.6 0.46015625 0.103125 0.0703125
3 0.7234375 0.4296875 0.0703125 0.046875
3 0.3890625 0.5359375 0.1453125 0.0703125
3 0.48984375 0.4546875 0.0609375 0.0515625
3 0.515625 0.4890625 0.1046875 0.046875
3 0.7296875 0.4859375 0.034375 0.0296875
3 0.696875 0.55234375 0.171875 0.1328125
3 0.3265625 0.67109375 0.196875 0.13125