4 1 0.5641666671875 0.9708333328125001 0.5391666671875 0.9489583328125001 0.5325 0.9177083328125001 0.5091666671875 0.88125 0.4883333328125 0.853125 0.475 0.83125 0.4691666671875 0.7989583328125 0.4516666671875 0.7791666671875 0.4458333328125 0.7770833328125 0.44166666718750003 0.7854166671875 0.43499999999999994 0.7854166671875 0.4266666671875 0.7770833328125 0.41500000000000004 0.7020833328125 0.3866666671875 0.6635416671875001 0.38416666718750003 0.578125 0.3716666671875 0.5677083328125 0.3783333328125 0.5625 0.39249999999999996 0.5552083328124999 0.4 0.45 0.40750000000000003 0.40416666718750005 0.42000000000000004 0.3385416671875 0.42416666718749996 0.3177083328125 0.4291666671875 0.25729166718749996 0.42750000000000005 0.24583333281250003 0.4308333328125 0.2375 0.4425 0.2270833328125 0.44333333281250004 0.21770833281250002 0.43916666718749997 0.2 0.4408333328125 0.19375 0.45416666718750004 0.175 0.46166666718749994 0.1666666671875 0.48166666718749995 0.090625 0.5166666671875 0.059375 0.5416666671875 0.0270833328125 0.5808333328125 0.0197916671875 0.6075 0.0208333328125 0.635 0.0302083328125 0.6608333328125 0.046875 0.6825 0.0479166671875 0.6941666671875 0.059375 0.7075 0.0958333328125 0.7366666671875 0.1458333328125 0.7625 0.20833333281250002 0.7866666671875 0.2541666671875 0.7991666671875 0.3375 0.8175000000000001 0.4760416671875 0.8316666671874999 0.528125 0.8316666671874999 0.5447916671875 0.8366666671875 0.64375 0.8300000000000001 0.746875 0.8141666671875001 0.85 0.7883333328125001 0.9135416671875 0.7633333328125 0.9395833328125001 0.7491666671874999 0.9625 0.7308333328125001 1 0.6791666671875001 1 0.5641666671875
0 0.68359375 0.66875 0.084375 0.06171875
0 0.80859375 0.5640625 0.06171875 0.046875
0 0.61484375 0.4515625 0.05234375 0.03515625
0 0.69765625 0.496875 0.05 0.021875
0 0.39296875 0.67890625 0.06171875 0.0484375
0 0.3125 0.48828125 0.06015625 0.03125
0 0.6109375 0.6125 0.0484375 0.0453125
3 0.715625 0.653125 0.125 0.103125
3 0.45234375 0.571875 0.16171875 0.053125
3 0.4453125 0.653125 0.08125 0.0765625
3 0.32265625 0.60078125 0.05546875 0.04921875
3 0.6046875 0.4765625 0.09609375 0.05546875
3 0.73203125 0.465625 0.065625 0.03671875
3 0.38515625 0.51796875 0.13984375 0.04921875
3 0.496875 0.45390625 0.0546875 0.04375
3 0.5171875 0.49140625 0.1015625 0.03203125
3 0.72890625 0.521875 0.03046875 0.02578125
3 0.6859375 0.5828125 0.15625 0.11015625
3 0.3015625 0.6421875 0.18203125 0.1046875