4 1 0.3985405296875 0.9824491546875 0.34265519375000003 0.9573836375000001 0.293136125 0.9255467546875 0.260168065625 0.9174409234375 0.2470616390625 0.858266803125 0.1886126 0.8271294687499999 0.1686216890625 0.7674543984375 0.13887198125 0.692918290625 0.11164107187500001 0.6061207453125 0.097161078125 0.5043975234375 0.088903025 0.48310447187500005 0.088531353125 0.4134443671875 0.10028036874999999 0.372806790625 0.09401463593750001 0.3539032609375 0.1159102796875 0.28676195937500004 0.142520334375 0.24273296093750002 0.1713859484375 0.22485217343750002 0.1877430421875 0.20524909375 0.1966615390625 0.1513481796875 0.26054538437499997 0.10577933125000001 0.3245746640625 0.09351789218749999 0.3373255765625 0.07857605625 0.3444733015625 0.0390352296875 0.434537678125 0.023996437500000002 0.4472401125 0.01449619375 0.4609652890625 0.0124183890625 0.47389395937499995 0.0177791828125 0.4851003359375 0.014339282812500001 0.5230090374999999 0 0.5756047984375 0 0.7975135140625 0.0021012734375 0.7996894453125 0.0154709390625 0.8295569578125 0.0470815875 0.8754860046875 0.061377037499999995 0.9053696765625 0.071382915625 0.9157310671875001 0.078498321875 0.9325244703125 0.11308024218749999 0.967392578125 0.1209598359375 0.9934599937499999 0.4956365734375 1 0.763552178125 1 0.8572773390625 0.9350053062500001 0.9026037953125 0.8848628 0.9119424437499999 0.8803954718749999 0.9346137499999999 0.8548613250000001 0.96087508125 0.8358723124999999 0.99522139375 0.778129609375 1 0.5043634171875 1 0.3985405296875
0 0.73515625 0.2109375 0.053125 0.05
0 0.83828125 0.39375 0.0421875 0.0484375
0 0.77421875 0.4421875 0.05625 0.0609375
0 0.76015625 0.6328125 0.075 0.078125
0 0.646875 0.85703125 0.065625 0.08125
0 0.52109375 0.73359375 0.05625 0.0625
0 0.55 0.57265625 0.071875 0.0515625
0 0.4265625 0.675 0.05 0.0703125
0 0.415625 0.86796875 0.0421875 0.0515625
0 0.26640625 0.79921875 0.06875 0.0625
0 0.31328125 0.5203125 0.053125 0.0640625
0 0.178125 0.55234375 0.06875 0.053125
0 0.32265625 0.359375 0.0640625 0.08125
0 0.44609375 0.409375 0.0546875 0.0546875
0 0.45546875 0.21171875 0.05625 0.0453125
0 0.41796875 0.234375 0.0375 0.0515625
0 0.3578125 0.1703125 0.065625 0.05625
0 0.43203125 0.146875 0.065625 0.0875
0 0.6828125 0.2828125 0.0734375 0.059375
0 0.70859375 0.496875 0.06875 0.0703125
0 0.38984375 0.33671875 0.0296875 0.0453125
0 0.121875 0.48828125 0.046875 0.05
0 0.13125 0.53984375 0.0515625 0.0453125
0 0.3734375 0.6328125 0.06875 0.0671875
3 0.59921875 0.7328125 0.1171875 0.1546875
3 0.86953125 0.471875 0.0734375 0.096875
3 0.68046875 0.58515625 0.0953125 0.096875
3 0.51875 0.59921875 0.046875 0.065625
3 0.44921875 0.571875 0.065625 0.1125
3 0.6015625 0.41640625 0.0578125 0.0578125
3 0.79375 0.534375 0.1203125 0.0640625
3 0.06015625 0.5984375 0.0796875 0.1046875
3 0.26796875 0.72265625 0.090625 0.0890625
3 0.7671875 0.24453125 0.1265625 0.05
3 0.51953125 0.27734375 0.1703125 0.1