4 1 0.5898148140624999 0.9851851859374999 0.5314814812499999 0.9824074078124999 0.49351851875 0.9879629624999999 0.4824074078125 0.9861111109375 0.46944444374999994 0.9768518515625001 0.45555555625000005 0.9620370375 0.44259259218749997 0.9240740734375 0.3518518515625 0.909259259375 0.34444444375 0.897222221875 0.33148148125 0.852777778125 0.2666666671875 0.8 0.2018518515625 0.7805555562500001 0.1925925921875 0.7629629625 0.1759259265625 0.7194444437499999 0.146296296875 0.652777778125 0.11851851875 0.634259259375 0.09629629687499999 0.5935185187500001 0.10185185156250001 0.5240740734375 0.0888888890625 0.502777778125 0.0888888890625 0.40092592656250003 0.0953703703125 0.3138888890625 0.10833333281249999 0.2388888890625 0.134259259375 0.178703703125 0.1629629625 0.147222221875 0.1824074078125 0.0870370375 0.2398148140625 0.078703703125 0.252777778125 0.046296296875 0.2851851859375 0.0203703703125 0.334259259375 0 0.3953703703125 0 0.76944444375 0.0333333328125 0.827777778125 0.059259259375 0.847222221875 0.08148148125 0.8731481484374999 0.09074074062500001 0.877777778125 0.1351851859375 0.928703703125 0.234259259375 1 0.8703703703125001 1 0.878703703125 0.9740740734375001 0.9138888890624999 0.9398148140625 0.921296296875 0.9231481484374999 0.93148148125 0.9129629625 0.946296296875 0.8833333328125 0.978703703125 0.8379629625 0.9925925921875001 0.8083333328125001 1 0.8009259265625 1 0.5898148140624999
0 0.26953125 0.20703125 0.0515625 0.0484375
0 0.16328125 0.3875 0.04140625 0.04765625
0 0.2265625 0.4375 0.0546875 0.059375
0 0.2375 0.628125 0.07421875 0.07734375
0 0.346875 0.8546875 0.06484375 0.08046875
0 0.475 0.7328125 0.0546875 0.0609375
0 0.4484375 0.571875 0.0703125 0.05078125
0 0.5703125 0.6765625 0.04921875 0.06875
0 0.578125 0.86953125 0.04140625 0.05078125
0 0.728125 0.803125 0.0671875 0.06171875
0 0.68671875 0.5234375 0.05234375 0.0625
0 0.82109375 0.5578125 0.06796875 0.05234375
0 0.6796875 0.3625 0.0625 0.08046875
0 0.55546875 0.41015625 0.053125 0.053125
0 0.54921875 0.2125 0.05546875 0.04453125
0 0.58671875 0.2359375 0.0359375 0.05078125
0 0.64765625 0.17265625 0.06484375 0.0546875
0 0.57421875 0.1484375 0.0640625 0.08671875
0 0.32109375 0.2796875 0.071875 0.05859375
0 0.29140625 0.49296875 0.06796875 0.06875
0 0.61328125 0.33828125 0.02890625 0.04453125
0 0.878125 0.49453125 0.04609375 0.0484375
0 0.86796875 0.54609375 0.0515625 0.04453125
0 0.62421875 0.63515625 0.06796875 0.065625
3 0.396875 0.73125 0.11484375 0.153125
3 0.13125 0.465625 0.07109375 0.0953125
3 0.31796875 0.58203125 0.09296875 0.0953125
3 0.4796875 0.59921875 0.0453125 0.06484375
3 0.54921875 0.57265625 0.0640625 0.1109375
3 0.4 0.41484375 0.05625 0.05625
3 0.20546875 0.52890625 0.11953125 0.06171875
3 0.93828125 0.60625 0.078125 0.103125
3 0.728125 0.7265625 0.08984375 0.0875
3 0.2375 0.23984375 0.12578125 0.04765625
3 0.484375 0.27734375 0.16796875 0.09765625