4 1 0.4921173515625 0.984136540625 0.45519420625 0.9754542453124999 0.418133171875 0.979203240625 0.40628977656250004 0.975346334375 0.3937761015625 0.964028371875 0.38150667656250004 0.9473680984374999 0.37102085625000003 0.8956775421875 0.287336 0.8798863484374999 0.2823373375 0.8659696531250001 0.271416978125 0.8119331234375 0.214352784375 0.74966585625 0.1585922109375 0.7290123390625001 0.1524887296875 0.7090290984375 0.1387793453125 0.66141126875 0.11632230156250001 0.591219978125 0.099315478125 0.5694531328125 0.08026378437500001 0.5300830578125 0.092124196875 0.459465734375 0.090184334375 0.4384316328125 0.09351580937500001 0.3388476734375 0.1158506328125 0.254910059375 0.1422695921875 0.18488914375 0.1796089125 0.129935184375 0.2173742625 0.101883075 0.24150410312499998 0.051419367187499995 0.30761976562500004 0.045216484375 0.3217267546875 0.018277701562500002 0.358804809375 0.0003478421875 0.4113304078125 0 0.413423628125 0 0.5393508515625001 0.0483062265625 0.8443443687500001 0.09035451562499999 0.896745040625 0.11900303125 0.9118943828124999 0.1450073703125 0.9340247968750001 0.154876865625 0.9371489593750001 0.206740696875 0.980495259375 0.2454545734375 1 0.53935085625 1 0.9440277296874999 0.9359054796875 0.9482027562500001 0.9089951234375 0.977595425 0.8696534765624999 0.9823043953124999 0.8520332312500001 0.99077086875 0.8403801281250001 1 0.8112245296875 1 0.4921173515625
0 0.2265625 0.246875 0.0578125 0.05625
0 0.15 0.44140625 0.0484375 0.053125
0 0.2203125 0.48125 0.0640625 0.0671875
0 0.2609375 0.66796875 0.0859375 0.0875
0 0.40390625 0.87421875 0.0765625 0.0890625
0 0.51171875 0.73359375 0.0640625 0.06875
0 0.46015625 0.57890625 0.078125 0.0609375
0 0.596875 0.66328125 0.059375 0.075
0 0.63515625 0.853125 0.0484375 0.05625
0 0.77265625 0.7640625 0.0765625 0.071875
0 0.68828125 0.49375 0.0609375 0.0703125
0 0.8265625 0.50703125 0.075 0.0625
0 0.65625 0.3359375 0.075 0.0890625
0 0.540625 0.40234375 0.0609375 0.0609375
0 0.50390625 0.20859375 0.0625 0.053125
0 0.54453125 0.22578125 0.04375 0.05625
0 0.59453125 0.15390625 0.071875 0.0640625
0 0.51796875 0.14140625 0.0765625 0.0953125
0 0.2890625 0.31015625 0.0796875 0.06875
0 0.29296875 0.52578125 0.078125 0.078125
0 0.58671875 0.32265625 0.0359375 0.0484375
0 0.87265625 0.43515625 0.053125 0.0546875
0 0.8703125 0.48828125 0.0578125 0.0515625
0 0.64375 0.6140625 0.078125 0.075
3 0.434375 0.74453125 0.1375 0.16875
3 0.13046875 0.5234375 0.084375 0.1046875
3 0.3328125 0.609375 0.10625 0.109375
3 0.4953125 0.6015625 0.0546875 0.071875
3 0.56015625 0.5640625 0.08125 0.1203125
3 0.38828125 0.43125 0.0640625 0.0640625
3 0.21328125 0.575 0.128125 0.0796875
3 0.94921875 0.53671875 0.09375 0.1140625
3 0.7609375 0.68828125 0.103125 0.1
3 0.2 0.284375 0.13125 0.0671875
3 0.45 0.2828125 0.18125 0.1234375