4 0.37066049218749997 0.14966735 0.347789196875 0.16593423125 0.24400305000000003 0.2050324234375 0.1568758015625 0.2583208828125 0.1437806671875 0.27164055781249996 0.1273736796875 0.302671878125 0.1278134578125 0.3270624453125 0.10702719375 0.347855303125 0.0981021234375 0.370226928125 0.083138290625 0.38754632187500004 0.060114709375 0.4613401171875 0.061001378125000005 0.5174604281249999 0.051246565625 0.542425171875 0.03937825625 0.5335072249999999 0.0360521703125 0.5365405156249999 0.0431512375 0.5622036796875001 0.051693459374999993 0.5741549171875 0.07133117343749999 0.656330646875 0.0880114203125 0.692538446875 0.119279765625 0.75308889375 0.16717854375000002 0.798472890625 0.25711097656250004 0.8486792765625 0.354518209375 0.8828867890625001 0.40862226875 0.8904744593749999 0.4348481140625 0.9005310015625 0.46730058750000003 0.8948087546875 0.4883174140625 0.89721995 0.6225065843750001 0.884569428125 0.649959253125 0.8723883484374999 0.7248495765625 0.8591831640625 0.758947303125 0.8335963265625 0.8396315937500001 0.787560965625 0.8807928078125 0.7509413984375 0.927971434375 0.697356528125 0.955179309375 0.6472930406249999 0.9680225328125 0.588751778125 0.9825750515625 0.5763985328125 0.9879719359375001 0.563212859375 0.98732294375 0.5376357781250001 0.9708163328125 0.4659185984375 0.927239903125 0.3720596375 0.89514893125 0.3214414875 0.864710328125 0.2582979234375 0.6835972921875 0.1581052390625 0.56580799375 0.1323852578125 0.4453487171875 0.1426148296875 0.416849975 0.14886333125 0.39356025 0.1627571828125 0.37066049218749997 0.14966735
2 0.1640625 0.55234375 0.121875 0.1046875
2 0.15078125 0.45390625 0.1171875 0.0890625
2 0.1984375 0.359375 0.1171875 0.0890625
2 0.3 0.26484375 0.1 0.0875
2 0.3765625 0.22421875 0.1 0.1
2 0.4828125 0.190625 0.1296875 0.10625
2 0.615625 0.18671875 0.128125 0.09375
2 0.82265625 0.28125 0.1140625 0.096875
2 0.88828125 0.4 0.10625 0.0984375
2 0.821875 0.5515625 0.10625 0.096875
2 0.74765625 0.66953125 0.1234375 0.115625
2 0.61953125 0.57421875 0.1015625 0.1203125
2 0.565625 0.74296875 0.109375 0.1078125
2 0.43515625 0.6484375 0.1203125 0.0859375
2 0.38359375 0.7484375 0.1265625 0.13125
2 0.2234375 0.67109375 0.1296875 0.1
2 0.26171875 0.56484375 0.06875 0.0828125
2 0.2859375 0.44921875 0.1046875 0.103125
2 0.5 0.28359375 0.0765625 0.05625
2 0.4609375 0.3515625 0.0515625 0.06875
3 0.43046875 0.4734375 0.084375 0.0984375
3 0.7703125 0.3859375 0.0796875 0.046875
3 0.63515625 0.47421875 0.1328125 0.0734375
3 0.70390625 0.275 0.0609375 0.0703125
3 0.28984375 0.54921875 0.090625 0.1703125
3 0.11328125 0.53984375 0.1265625 0.0796875
3 0.5203125 0.6453125 0.05 0.0609375
3 0.68828125 0.6203125 0.05625 0.053125
3 0.784375 0.5015625 0.134375 0.0640625