4 0.25370317343750004 0.21928742968749998 0.23818050937500002 0.2426702109375 0.1552993328125 0.316365146875 0.0930559140625 0.397337821875 0.0856038984375 0.4144656859375 0.08140728750000001 0.44931565781250005 0.09055865156250001 0.4719286125 0.078604496875 0.498789546875 0.0782895 0.52287371875 0.0705262734375 0.5444053234374999 0.0754772390625 0.6215486796875 0.0964167375 0.67362375 0.0962563984375 0.7004261578125 0.081980471875 0.696353759375 0.07996233593749999 0.7003775421875 0.0957867421875 0.7217920921875 0.10804453437499999 0.729888275 0.1558270671875 0.7995684 0.184375134375 0.8273936281250001 0.2352659890625 0.8727167671875 0.296247521875 0.8979209921875 0.3981990390625 0.9125637890625 0.5013954 0.909591621875 0.5546250703125 0.8972861625 0.5827129484375 0.8972762515625 0.610959271875 0.8803041484374999 0.631444265625 0.875023434375 0.75218710625 0.8151240578125 0.7734510718750001 0.793913884375 0.8386348984374999 0.754747490625 0.861298365625 0.7186405875 0.920126040625 0.6467482109375 0.945430065625 0.597810040625 0.9702720093750001 0.5308769453125 0.9777315984375001 0.4743882234375 0.96874246875 0.41513264687499996 0.9779014078125 0.39838474218750003 0.9782145109375 0.3841407859375 0.9684426187499999 0.36049510156250003 0.9273312312499999 0.2994567875 0.8530130859374999 0.22744829375000003 0.8049136593749999 0.19169255624999998 0.753868146875 0.14365117968750002 0.5488787140625 0.1150183578125 0.42969571406249996 0.13321859687499998 0.320903240625 0.18593746718749998 0.2965366359375 0.2019839828125 0.279772915625 0.2233013015625 0.25370317343750004 0.21928742968749998
2 0.2046875 0.66875 0.1375 0.1296875
2 0.15703125 0.58203125 0.128125 0.115625
2 0.16796875 0.47734375 0.128125 0.115625
2 0.22890625 0.35234375 0.1140625 0.1078125
2 0.2859375 0.28671875 0.11875 0.11875
2 0.37265625 0.2171875 0.1453125 0.134375
2 0.4953125 0.16640625 0.1390625 0.125
2 0.72265625 0.18046875 0.128125 0.121875
2 0.8265625 0.2671875 0.1234375 0.1203125
2 0.81875 0.4328125 0.121875 0.11875
2 0.79140625 0.56953125 0.1421875 0.1390625
2 0.63828125 0.5265625 0.128125 0.1359375
2 0.6484375 0.703125 0.1296875 0.128125
2 0.49296875 0.6625 0.1296875 0.1140625
2 0.48046875 0.7734375 0.1515625 0.1546875
2 0.303125 0.75859375 0.1421875 0.1296875
2 0.30078125 0.64609375 0.0859375 0.0921875
2 0.28203125 0.52890625 0.1234375 0.121875
2 0.42265625 0.29765625 0.0828125 0.075
2 0.41015625 0.375 0.06875 0.075
3 0.425 0.5 0.1046875 0.1109375
3 0.7109375 0.29609375 0.08125 0.0671875
3 0.6171875 0.428125 0.134375 0.109375
3 0.61015625 0.2171875 0.075 0.0796875
3 0.32109375 0.62109375 0.1375 0.171875
3 0.153125 0.67578125 0.13125 0.1125
3 0.57109375 0.62890625 0.0625 0.0671875
3 0.71953125 0.5453125 0.065625 0.0640625
3 0.765625 0.39921875 0.13125 0.103125