4 0.4917617234375 0.1385542171875 0.371356146875 0.149397590625 0.2598225609375 0.19518072343749998 0.098859315625 0.3253012046875 0.079847909375 0.39277108437499997 0.057034220312499995 0.4481927703125 0.0304182515625 0.5481927703125 0.026615970312499997 0.621686746875 0.0304182515625 0.6469879515625 0.0380228140625 0.6590361453125 0.054499365625 0.6686746984374999 0.07731305468750001 0.7240963859375 0.11280101406250001 0.7686746984374999 0.1685678078125 0.8132530125 0.21546261093750002 0.8421686749999999 0.3029150828125 0.8734939765625 0.3409378953125 0.8927710843750001 0.4169835234375 0.8927710843750001 0.446134346875 0.9 0.580481621875 0.8891566265625 0.60076045625 0.8831325296875001 0.6337135609375 0.8831325296875001 0.6577946765625 0.8686746984375 0.7097591890625 0.8518072296874999 0.7997465140625 0.8012048187499999 0.8795944234374999 0.736144578125 0.9188846640625 0.6831325296874999 0.9391634984375001 0.6180722890625 0.9493029156249999 0.579518071875 0.9543726234375001 0.49518072343749997 0.960709759375 0.48192771093750003 0.9632446140625 0.4554216875 0.9594423328125 0.4530120484375 0.9493029156249999 0.46385542187500006 0.9353612171875 0.4409638546875 0.9264892265625001 0.38554216874999997 0.8910012671875001 0.3168674703125 0.8732572875000001 0.3024096390625 0.8605830171875001 0.2819277109375 0.8365019015625 0.265060240625 0.8326996203125001 0.2409638546875 0.811153359375 0.2132530125 0.7959442328125 0.2024096390625 0.7008871984375 0.165060240625 0.5918884671875 0.1445783125 0.5665399234375 0.1325301203125 0.5462610906250001 0.149397590625 0.520912546875 0.1397590359375 0.4917617234375 0.1385542171875
2 0.83984375 0.49296875 0.10859375 0.08671875
2 0.8359375 0.39375 0.10703125 0.07109375
2 0.77265625 0.309375 0.10703125 0.07109375
2 0.65625 0.23359375 0.0890625 0.07265625
2 0.5734375 0.20703125 0.08671875 0.08671875
2 0.46328125 0.1921875 0.11640625 0.0875
2 0.33203125 0.21171875 0.1171875 0.075
2 0.14453125 0.340625 0.1015625 0.08046875
2 0.1 0.46875 0.09375 0.08359375
2 0.1921875 0.60625 0.09296875 0.08203125
2 0.2859375 0.71015625 0.1078125 0.09765625
2 0.3953125 0.59375 0.084375 0.1078125
2 0.47734375 0.75078125 0.0953125 0.0921875
2 0.58984375 0.63515625 0.1109375 0.0671875
2 0.6578125 0.72421875 0.10859375 0.11484375
2 0.80234375 0.6203125 0.11796875 0.08046875
2 0.74609375 0.52265625 0.05625 0.0734375
2 0.7015625 0.4125 0.08984375 0.0890625
2 0.4625 0.28671875 0.06953125 0.0453125
2 0.5125 0.346875 0.04140625 0.06328125
3 0.5640625 0.46171875 0.06953125 0.08828125
3 0.2140625 0.434375 0.07421875 0.034375
3 0.3625 0.4984375 0.1265625 0.0515625
3 0.26015625 0.3140625 0.05078125 0.0625
3 0.715625 0.51171875 0.0640625 0.16171875
3 0.8875 0.471875 0.1171875 0.06015625
3 0.50546875 0.646875 0.04140625 0.05390625
3 0.33515625 0.6515625 0.0484375 0.04609375
3 0.2203125 0.55078125 0.128125 0.04296875