4 0.1702242203125 0.1991059734375 0.1269394578125 0.235240203125 0.0685062828125 0.33097303125 0.0637910125 0.3460145453125 0.0452276796875 0.34885184062499996 0.0362322859375 0.360748146875 0.008767678125000001 0.48126602187499995 0.002057371875 0.5597409453125 0.015421928125000001 0.6395314703125 0.052133785937499996 0.7210142015625001 0.0919857671875 0.7809741578125 0.1418408296875 0.831806403125 0.1952813265625 0.8774144515625 0.2988160984375 0.9314402703125 0.3741508984375 0.9596733531250001 0.40278601406250003 0.9672793640625 0.4382790015625 0.9700377921875001 0.5462644109375 0.9652233203125 0.6226552625 0.946825415625 0.705585909375 0.9119380828124999 0.7737244203125 0.8644063046875001 0.8217880703124999 0.8155589296875 0.84455774375 0.779053171875 0.8993953171875001 0.6540592375000001 0.912215359375 0.5945242578125 0.9138287 0.5171206359375 0.9046908203124999 0.472632253125 0.8640703640625 0.3674892234375 0.8310813421875001 0.3199243328125 0.7409391546874999 0.22731885312500003 0.70619430625 0.200772896875 0.60933164375 0.1521570390625 0.4886865375 0.1200356953125 0.41021161250000004 0.11332538750000001 0.35955496249999996 0.1184376046875 0.25610922812500003 0.152953409375 0.1702242203125 0.1991059734375
4 0.64296875 0.765625 0.1625 0.16875
4 0.7421875 0.66875 0.190625 0.1625
4 0.8 0.5328125 0.1390625 0.1359375
4 0.78125 0.396875 0.1296875 0.13125
4 0.67578125 0.25859375 0.165625 0.1484375
4 0.51796875 0.21953125 0.146875 0.1375
4 0.35859375 0.25390625 0.203125 0.1859375
4 0.2171875 0.34921875 0.1921875 0.1703125
4 0.14765625 0.4953125 0.19375 0.1984375
4 0.1890625 0.6234375 0.2234375 0.2140625
4 0.39296875 0.7625 0.1890625 0.209375
4 0.4859375 0.79140625 0.1578125 0.16875
4 0.33828125 0.6296875 0.1578125 0.1609375
4 0.484375 0.67734375 0.1375 0.125
4 0.5171875 0.59296875 0.1453125 0.128125
4 0.36640625 0.3578125 0.1828125 0.165625
4 0.45390625 0.321875 0.1359375 0.1328125
4 0.57890625 0.39765625 0.1234375 0.1390625
4 0.5484375 0.4890625 0.146875 0.115625
4 0.5140625 0.53671875 0.125 0.1171875
4 0.63125 0.6578125 0.0828125 0.0875
4 0.67109375 0.74140625 0.075 0.0859375
4 0.79140625 0.46796875 0.121875 0.1125
4 0.7390625 0.571875 0.1125 0.09375
4 0.74453125 0.32421875 0.1046875 0.096875
4 0.58359375 0.2359375 0.0953125 0.1015625
4 0.46796875 0.22734375 0.1171875 0.1390625
4 0.334375 0.2390625 0.096875 0.1078125
4 0.28046875 0.3078125 0.103125 0.1140625
4 0.09296875 0.3734375 0.0796875 0.078125
4 0.1859375 0.42578125 0.0859375 0.08125
4 0.18515625 0.5140625 0.1359375 0.1203125
4 0.26171875 0.61796875 0.071875 0.078125
4 0.2734375 0.7671875 0.1578125 0.1359375
4 0.28515625 0.44140625 0.1140625 0.109375
4 0.35703125 0.51171875 0.096875 0.09375
4 0.44375 0.49765625 0.0859375 0.09375
4 0.40625 0.56015625 0.103125 0.0875
4 0.48046875 0.434375 0.065625 0.071875
4 0.65546875 0.51015625 0.1046875 0.1265625
4 0.7234375 0.47421875 0.0625 0.0609375
4 0.63671875 0.428125 0.1078125 0.1515625
4 0.5578125 0.3375 0.096875 0.121875