4 1 0.63471284375 0.9978388328125 0.6151032015625 0.986969496875 0.56915825 0.9849131312500001 0.5368028984375 0.9750778546875001 0.5204695296875 0.9717201109375001 0.5039099578124999 0.9461742421875 0.462183484375 0.9320881734375 0.4302482203125 0.8874210953125001 0.37158615781250004 0.877424246875 0.35062597812499996 0.8678474843749999 0.341695503125 0.8452187125 0.3304413421875 0.8327689218750001 0.318831725 0.8151429765625 0.29165252656249996 0.7857781578125 0.273221671875 0.76078163125 0.24722634999999998 0.7446627078125 0.2366713515625 0.73026525 0.22235027812500002 0.711552371875 0.190576584375 0.7038909624999999 0.1834322046875 0.687965925 0.17842937812499998 0.6765061234374999 0.16863816874999998 0.6334870765625 0.1571695625 0.5574781453125001 0.156117890625 0.4949089953125 0.1684942484375 0.4675359109375 0.18056802031250002 0.44172272343749996 0.1842489078125 0.417921828125 0.19249197499999998 0.40251382031249994 0.2022949375 0.38012300312499997 0.2243861203125 0.34187177812499997 0.2433251984375 0.320406321875 0.26538406718749996 0.2683716109375 0.2875839453125 0.21066722499999999 0.333144071875 0.164184684375 0.355150065625 0.1456040125 0.40675588281249997 0.131144875 0.47026215000000005 0.08414825468750001 0.5571404171875 0.06506230625000001 0.6208082562499999 0.058144125000000005 0.634947196875 0.0384001375 0.653239990625 0.0311382546875 0.6840677609375 0.0075106859375 0.7238054468749999 0.0171556125 1 0.508727534375 1 0.7922822265625 0.9900980515625 0.8082601390624999 0.9700837953124999 0.8281010703125 0.9545670890625001 0.9130698421875 0.8672892937500001 0.933803821875 0.8508149125 0.9792199890625 0.7982719765625 0.9844167015625 0.7878991109375 1 0.7750218671875 1 0.63471284375
4 0.49127246874999997 0 0.27064238125 0.007704571875000001 0.25581603125 0.03416405 0.2501140421875 0.056598934375 0.2507603296875 0.075106171875 0.259100340625 0.1016831515625 0.271808646875 0.12069566406250001 0.271368 0.13460840624999998 0.29779516250000004 0.14850939531250001 0.384693990625 0.16956356875 0.4948443671875 0.166643525 0.54643843125 0.1583563875 0.6502082203125 0.158438628125 0.6583102765625 0.151670265625 0.6821111703125 0.143427196875 0.7079566734375 0.14067167187500002 0.7482201953125001 0.126294775 0.8115736968749999 0.08331684687499999 0.8230863703125 0.0680909703125 0.8255069984375 0.057815046875 0.8209653781249999 0.0338848953125 0.79415044375 0.008879564062500001 0.7810014921875 0.0037797937500000005 0.7777549671874999 0 0.49127246874999997 0
1 0.7625 0.37265625 0.0875 0.08125
1 0.76015625 0.46875 0.115625 0.096875
1 0.64765625 0.45625 0.096875 0.06875
1 0.5328125 0.47265625 0.08125 0.071875
1 0.40546875 0.52578125 0.1203125 0.0984375
1 0.16484375 0.759375 0.0734375 0.096875
1 0.525 0.59296875 0.1125 0.084375
1 0.44296875 0.2734375 0.0890625 0.096875
0 0.6984375 0.29921875 0.0578125 0.0671875
0 0.50546875 0.21796875 0.0546875 0.05625
0 0.3765625 0.31171875 0.0578125 0.0546875
0 0.60859375 0.41171875 0.0765625 0.0640625
0 0.63515625 0.49921875 0.075 0.071875
0 0.63046875 0.85546875 0.090625 0.1125
0 0.5546875 0.8578125 0.0859375 0.096875
0 0.22890625 0.653125 0.0890625 0.0765625
0 0.2078125 0.70546875 0.10625 0.0703125