4 0.5225858859375 0.1360796640625 0.414734434375 0.146754003125 0.3727841046875 0.1590853484375 0.25544228750000003 0.213235940625 0.2075986484375 0.24581938281250001 0.13199629375 0.3294217875 0.10752213749999999 0.3676805484375 0.08128934531250001 0.440521225 0.07192245625 0.500696209375 0.07832392187500001 0.6370401265625001 0.08649875 0.679281109375 0.1138646984375 0.742108534375 0.1604436125 0.8109019312499999 0.2253635390625 0.873191746875 0.2900873234375 0.917743703125 0.3891750359375 0.9609369109375001 0.4232991265625 0.9710812453125 0.4527580609375 0.974242328125 0.5332069875000001 0.9748820531250001 0.6492261453125 0.9615481515625 0.7154616109374999 0.9381207312500001 0.7802219703125 0.9085311984375 0.8389147250000001 0.8668354296875 0.902388996875 0.8039210984375 0.9434602515625 0.73421965625 0.9653185375 0.6585522453125 0.9828678625 0.5361966812500001 0.9787331921875 0.521866859375 0.9624196234375001 0.5125655140625 0.9634079375000001 0.49683325 0.943163446875 0.386518378125 0.9157029874999999 0.33727229687500004 0.8520620265625001 0.2634067328125 0.7678564703124999 0.194111815625 0.72239646875 0.17118543125000002 0.64672905625 0.14932714375 0.5225858859375 0.1360796640625
4 0.27109375 0.696875 0.128125 0.1375
4 0.21328125 0.57109375 0.16875 0.115625
4 0.2078125 0.4234375 0.1140625 0.10625
4 0.275 0.30234375 0.103125 0.10625
4 0.42265625 0.21171875 0.1421875 0.1109375
4 0.58359375 0.23203125 0.121875 0.10625
4 0.7203125 0.32109375 0.1734375 0.1390625
4 0.81796875 0.46015625 0.1671875 0.1234375
4 0.83046875 0.621875 0.153125 0.1625
4 0.74609375 0.7265625 0.1859375 0.1671875
4 0.50546875 0.7828125 0.140625 0.1796875
4 0.40859375 0.77734375 0.121875 0.140625
4 0.60390625 0.67890625 0.125 0.13125
4 0.45078125 0.67109375 0.1171875 0.09375
4 0.45078125 0.58125 0.1265625 0.09375
4 0.67578125 0.41484375 0.1578125 0.1234375
4 0.60703125 0.35 0.1109375 0.1046875
4 0.46328125 0.3765625 0.0890625 0.1203125
4 0.45859375 0.47265625 0.134375 0.075
4 0.47421875 0.52890625 0.1046875 0.090625
4 0.3203125 0.6 0.0625 0.0734375
4 0.25390625 0.6640625 0.053125 0.0765625
4 0.2390625 0.365625 0.103125 0.0859375
4 0.2515625 0.48125 0.1 0.065625
4 0.334375 0.2484375 0.0875 0.0734375
4 0.51640625 0.2234375 0.0734375 0.084375
4 0.628125 0.25703125 0.0828125 0.1234375
4 0.74765625 0.315625 0.071875 0.09375
4 0.77421875 0.39921875 0.078125 0.0984375
4 0.92578125 0.52734375 0.065625 0.0609375
4 0.81953125 0.54375 0.0703125 0.0625
4 0.7890625 0.6265625 0.1171875 0.0875
4 0.68046875 0.6953125 0.0546875 0.0671875
4 0.615625 0.83046875 0.1390625 0.096875
4 0.721875 0.521875 0.0921875 0.0859375
4 0.6296875 0.5625 0.0796875 0.0734375
4 0.553125 0.51796875 0.0640625 0.0796875
4 0.565625 0.5890625 0.0921875 0.0609375
4 0.54140625 0.4453125 0.05 0.0609375
4 0.35078125 0.45390625 0.0734375 0.1125
4 0.30078125 0.3953125 0.05 0.0484375
4 0.39765625 0.384375 0.0625 0.146875
4 0.5046875 0.32734375 0.0640625 0.1125