4 0.2114583328125 0.21354166718749998 0.13229166718750002 0.28854166718749996 0.0739583328125 0.36666666718749996 0.05 0.41770833281249997 0.0375 0.5291666671875 0.0395833328125 0.5447916671875 0.0239583328125 0.5552083328124999 0.0208333328125 0.5697916671875001 0.046875 0.690625 0.0739583328125 0.7645833328125 0.1197916671875 0.83125 0.1875 0.8895833328125 0.24895833281250002 0.9270833328125001 0.315625 0.9520833328125 0.38333333281250004 0.9708333328125001 0.5 0.9760416671875 0.5802083328125 0.9697916671875 0.609375 0.9645833328125001 0.6427083328125 0.9520833328125 0.7385416671875 0.9020833328125001 0.8 0.853125 0.8604166671875 0.7864583328125 0.9020833328125001 0.7145833328125 0.925 0.65 0.9302083328125 0.6072916671875 0.9270833328125001 0.47083333281249995 0.9135416671875 0.4114583328125 0.8822916671875 0.340625 0.8552083328125001 0.30416666718749996 0.7739583328124999 0.2260416671875 0.7239583328125 0.196875 0.603125 0.1510416671875 0.5604166671875 0.1416666671875 0.45208333281249996 0.1385416671875 0.3291666671875 0.1604166671875 0.2552083328125 0.1875 0.2114583328125 0.21354166718749998
4 0.7421875 0.68046875 0.11953125 0.1296875
4 0.790625 0.55078125 0.16171875 0.10390625
4 0.7859375 0.403125 0.1078125 0.09921875
4 0.7109375 0.2875 0.096875 0.1
4 0.55703125 0.20703125 0.13515625 0.1015625
4 0.39765625 0.23828125 0.115625 0.0984375
4 0.26796875 0.33671875 0.16484375 0.128125
4 0.1796875 0.4828125 0.16015625 0.1125
4 0.17890625 0.64453125 0.1421875 0.15234375
4 0.2703125 0.74296875 0.175 0.1546875
4 0.5140625 0.7828125 0.12890625 0.17109375
4 0.61015625 0.7703125 0.1125 0.13359375
4 0.40859375 0.6859375 0.11640625 0.1234375
4 0.5609375 0.6671875 0.11171875 0.0859375
4 0.5546875 0.57734375 0.1203125 0.08515625
4 0.31875 0.42734375 0.15 0.1125
4 0.3828125 0.3578125 0.10390625 0.09765625
4 0.528125 0.37421875 0.08203125 0.11484375
4 0.5390625 0.46953125 0.13046875 0.06640625
4 0.528125 0.52734375 0.0984375 0.08359375
4 0.6859375 0.5875 0.05859375 0.06875
4 0.75703125 0.646875 0.0484375 0.07265625
4 0.75078125 0.34765625 0.0984375 0.07890625
4 0.746875 0.4640625 0.096875 0.05859375
4 0.64765625 0.2375 0.08359375 0.06796875
4 0.4640625 0.225 0.06796875 0.08046875
4 0.35546875 0.26640625 0.07421875 0.11875
4 0.23984375 0.33359375 0.065625 0.0890625
4 0.21953125 0.41875 0.07109375 0.09296875
4 0.07734375 0.55703125 0.06171875 0.05703125
4 0.184375 0.565625 0.0671875 0.0578125
4 0.2203125 0.64609375 0.11171875 0.08046875
4 0.33359375 0.7078125 0.05 0.06328125
4 0.4078125 0.8375 0.1328125 0.0875
4 0.28046875 0.5375 0.0875 0.08046875
4 0.375 0.57109375 0.07578125 0.06796875
4 0.4484375 0.521875 0.059375 0.075
4 0.440625 0.59375 0.0890625 0.0546875
4 0.4546875 0.4484375 0.04609375 0.0578125
4 0.6453125 0.44375 0.065625 0.10859375
4 0.69140625 0.38203125 0.04765625 0.04453125
4 0.59375 0.37734375 0.053125 0.14296875
4 0.48359375 0.328125 0.05703125 0.10859375