4 0.775 1 0.7916666671875 0.98055555625 0.8120370375 0.965740740625 0.9 0.88148148125 0.921296296875 0.865740740625 0.9685185187500001 0.8148148140625 0.9740740734375001 0.8046296296875 0.9981481484374999 0.7861111109375 1 0.675 0.996296296875 0.66944444375 0.99351851875 0.6324074078125 0.984259259375 0.5861111109375 0.9833333328125 0.553703703125 0.9740740734375001 0.5370370375 0.9712962968750001 0.5203703703125 0.9472222218749999 0.477777778125 0.934259259375 0.4453703703125 0.8916666671875 0.3851851859375 0.8824074078124999 0.3638888890625 0.8731481484374999 0.3546296296875 0.8509259265625 0.3425925921875 0.8388888890624999 0.33055555625 0.8222222218749999 0.302777778125 0.79351851875 0.2833333328125 0.76944444375 0.25648148125 0.753703703125 0.2453703703125 0.7398148140624999 0.23055555625 0.722222221875 0.1981481484375 0.7148148140624999 0.190740740625 0.6990740734374999 0.1851851859375 0.6879629625 0.175 0.6453703703125 0.1620370375 0.5694444437499999 0.1583333328125 0.50648148125 0.16851851874999998 0.478703703125 0.17962962968750001 0.45277777812500003 0.1824074078125 0.42870370312499995 0.1898148140625 0.4129629625 0.1990740734375 0.3898148140625 0.2203703703125 0.3509259265625 0.2379629625 0.328703703125 0.259259259375 0.2759259265625 0.2796296296875 0.2166666671875 0.3231481484375 0.16944444375 0.34351851875 0.1490740734375 0.39444444375 0.1324074078125 0.4574074078125 0.0824074078125 0.5425925921875 0.061111110937500004 0.60555555625 0.053703703125 0.61944444375 0.0333333328125 0.6370370375000001 0.025 0.6675925921875 0 0.70648148125 0 0.9851851859374999 0.065740740625 0.99351851875 0.09074074062500001 1 0.775 1
4 0.28796296250000003 0 0.272222221875 0.0259259265625 0.26574074062499997 0.048148148437499996 0.26574074062499997 0.0666666671875 0.2731481484375 0.09351851875 0.2851851859375 0.1129629625 0.284259259375 0.1268518515625 0.3101851859375 0.1416666671875 0.396296296875 0.165740740625 0.50648148125 0.1666666671875 0.5583333328125 0.1601851859375 0.6620370375 0.16388888906250001 0.6703703703125 0.1574074078125 0.6944444437499999 0.15 0.7203703703125 0.1481481484375 0.7611111109375 0.1351851859375 0.8259259265625 0.09444444375 0.8379629625 0.07962962968750001 0.840740740625 0.06944444375 0.8370370375 0.045370370312500005 0.8111111109375001 0.019444443750000002 0.7981481484375 0.013888889062500001 0.7870370375 0 0.28796296250000003 0
1 0.76640625 0.38203125 0.084375 0.078125
1 0.7609375 0.478125 0.1125 0.09296875
1 0.64921875 0.46171875 0.09453125 0.06484375
1 0.53359375 0.4734375 0.078125 0.06875
1 0.4046875 0.52265625 0.11640625 0.09453125
1 0.15625 0.74765625 0.0703125 0.09375
1 0.521875 0.59375 0.11015625 0.08125
1 0.45078125 0.271875 0.08515625 0.09453125
0 0.70546875 0.30625 0.05625 0.06484375
0 0.515625 0.21796875 0.05234375 0.0546875
0 0.3828125 0.3078125 0.05546875 0.05234375
0 0.61171875 0.415625 0.075 0.06171875
0 0.63515625 0.50390625 0.071875 0.06875
0 0.61796875 0.86015625 0.0875 0.109375
0 0.5421875 0.859375 0.08203125 0.09375
0 0.2234375 0.64375 0.08671875 0.07421875
0 0.20078125 0.6953125 0.10390625 0.0671875