4 1 0.4338017328125 0.982954428125 0.40684865 0.970476225 0.37692555 0.9558591625 0.3646841 0.9472930859375 0.3501198921875 0.9095541812500001 0.3189836578125 0.8858384359375 0.293374246875 0.824506384375 0.25245035625 0.8082302109375 0.235886771875 0.7962677265625 0.23056073124999998 0.77120780625 0.2272869203125 0.7556565749999999 0.2203630671875 0.7301422359374999 0.2004030765625 0.6963767546875 0.19253661093750002 0.6642788265624999 0.176095625 0.6456017125 0.1713634859375 0.6273261640625 0.1625099984375 0.5992882875000001 0.1385596984375 0.5897182984375 0.1342988640625 0.57303211875 0.134753284375 0.5590089593750001 0.129226459375 0.5145998390625001 0.1323883125 0.44238959062500005 0.1561400234375 0.3872586453125 0.188212621875 0.365307721875 0.208540403125 0.3420992515625 0.220424703125 0.32227874375 0.2359674890625 0.31090171875 0.2502527296875 0.2969229703125 0.278430090625 0.2669216875 0.3087907203125 0.2538073640625 0.33663625937499997 0.211835153125 0.37456750156249996 0.1721075109375 0.4364321578125 0.1353218546875 0.47237246875 0.1345546953125 0.527216003125 0.14155893125000002 0.5919697937499999 0.12540754999999998 0.6894154109375 0.12808965156250002 0.7558283125 0.1261515734375 0.7714492828124999 0.113438815625 0.795173471875 0.1166091109375 0.8266859390624999 0.10720613125 0.87195104375 0.1563595203125 1 0.5926695234375 1 0.9359185921875 0.8682390265625 0.9445100015625 0.844113275 0.9582182250000001 0.8229823656249999 1 0.7343200484375 1 0.4338017328125
4 0.407330478125 0 0.122862396875 0.109197065625 0.117458171875 0.1390419796875 0.11937091875000001 0.162110965625 0.1260073625 0.1793994921875 0.1425456171875 0.201813278125 0.160751425 0.21565254218750002 0.16486433125 0.22895075937499998 0.1943774234375 0.233490559375 0.283396446875 0.22510618125 0.38659500156250004 0.18648377031250002 0.4326801203125 0.16185074375 0.53082315625 0.12814436406250002 0.5362802375 0.11910698125000001 0.55610074375 0.10356419375 0.5796410375 0.0925443203125 0.6130302859375 0.0658421765625 0.658939953125 0.004579864062499999 0.660436340625 0 0.407330478125 0
1 0.70625 0.29453125 0.10625 0.103125
1 0.7359375 0.3859375 0.1390625 0.1265625
1 0.62578125 0.4109375 0.1109375 0.09375
1 0.521875 0.46328125 0.096875 0.0921875
1 0.41875 0.55546875 0.1421875 0.1296875
1 0.26796875 0.8546875 0.1 0.1125
1 0.55390625 0.5796875 0.13125 0.115625
1 0.37265625 0.3046875 0.1140625 0.11875
0 0.62265625 0.2453125 0.075 0.08125
0 0.41328125 0.23125 0.06875 0.0703125
0 0.321875 0.3625 0.0703125 0.06875
0 0.57421875 0.38125 0.0921875 0.084375
0 0.62734375 0.45546875 0.0921875 0.090625
0 0.7390625 0.79375 0.1203125 0.1328125
0 0.66796875 0.8203125 0.1109375 0.1171875
0 0.29296875 0.73359375 0.1078125 0.1
0 0.290625 0.78984375 0.1203125 0.1