4 0.43402593281249996 0.2265832828125 0.3622409125 0.2449379390625 0.2865579265625 0.27933762500000003 0.22443505468749997 0.3230791546875 0.1444438 0.3923272640625 0.1191156328125 0.42668317812499995 0.08796399687499999 0.4810922171875 0.0573042515625 0.5540963609375 0.047313390625 0.58491138125 0.038521346875 0.6332674125 0.0373917921875 0.7065810859375 0.044179284375 0.7442131859375001 0.053255621875000006 0.7670626390625 0.067038203125 0.789716459375 0.099356565625 0.8267996265625 0.16401305625 0.8804709515625 0.2277401515625 0.9218843984375 0.30865590468750004 0.9513115296875 0.375546846875 0.965267875 0.46872254375000005 0.9695923515624999 0.53022008125 0.964303415625 0.62185338125 0.941366425 0.6583045046875 0.9222603515625 0.6979269078125 0.908658353125 0.7046797671875 0.9008631093749999 0.7314761765625 0.8893313375 0.7549060375 0.8714496828125 0.7603661625 0.8621711124999999 0.7822610609375 0.849989165625 0.7895255765625 0.8402940187500001 0.8011799484375001 0.83314895 0.8552300296875 0.7832531687500001 0.8902598703125 0.7332941109375 0.8937203359374999 0.723586309375 0.9217550875 0.688605528125 0.9228995109374999 0.6812142062500001 0.932163684375 0.6719482906249999 0.9444236296874999 0.6468456359375 0.9540041875 0.634834009375 0.9639283265625 0.6325428421875 0.9637058609375 0.61923086875 0.9714820312500001 0.6076358187500001 0.979863771875 0.578083184375 0.9818485625 0.5125900624999999 0.9757877562499999 0.4534088578125 0.9677816859374999 0.4187307578125 0.9432864515625001 0.3620237 0.8889174453124999 0.295286653125 0.872186053125 0.2804407328125 0.8330678703125001 0.2591816515625 0.7611271046875 0.23570048125 0.70564830625 0.22178210156249997 0.6404406375 0.211000696875 0.5250264625 0.20913771093750003 0.43402593281249996 0.2265832828125
1 0.83203125 0.6359375 0.0703125 0.0484375
1 0.7828125 0.67578125 0.0515625 0.0609375
1 0.65859375 0.55078125 0.084375 0.0875
1 0.48125 0.60390625 0.0515625 0.0703125
1 0.65703125 0.73984375 0.05625 0.0609375
1 0.73046875 0.3046875 0.0609375 0.059375
1 0.66171875 0.278125 0.0515625 0.05
1 0.3171875 0.33984375 0.04375 0.04375
1 0.24921875 0.45 0.0703125 0.06875
1 0.4234375 0.440625 0.075 0.0484375
1 0.53046875 0.384375 0.075 0.0703125
1 0.57109375 0.52890625 0.0625 0.0453125
1 0.26015625 0.59296875 0.084375 0.0796875
1 0.31484375 0.74453125 0.1046875 0.096875
1 0.25546875 0.696875 0.065625 0.046875
1 0.42890625 0.5046875 0.065625 0.05625
1 0.59375 0.43828125 0.0578125 0.0546875