4 0.2370370375 0.2751736109375 0.1861111109375 0.30121527812500004 0.12129629687500001 0.34027777812500004 0.08796296249999999 0.3697916671875 0.075 0.3880208328125 0.037037037499999995 0.46527777812500004 0.0259259265625 0.5260416671875 0.0259259265625 0.5616319437499999 0.0333333328125 0.620659721875 0.05 0.684027778125 0.0648148140625 0.7109375 0.075 0.7204861109375 0.077777778125 0.7335069437499999 0.08796296249999999 0.7335069437499999 0.1 0.7430555562500001 0.1175925921875 0.7647569437499999 0.12870370312499999 0.7717013890625 0.13148148125 0.7786458328125 0.1666666671875 0.8064236109375 0.172222221875 0.8151041671874999 0.2175925921875 0.855902778125 0.28148148125 0.8923611109375 0.29444444375 0.8967013890625 0.303703703125 0.9045138890625 0.32777777812500003 0.9114583328125001 0.3351851859375 0.9192708328125001 0.3620370375 0.9314236109375 0.39074074062499997 0.9366319437499999 0.3990740734375 0.9427083328125001 0.440740740625 0.9470486109375 0.48055555625 0.957465278125 0.575 0.9592013890625 0.6361111109375 0.9505208328125001 0.7259259265625 0.925347221875 0.7879629625 0.8967013890625 0.8601851859374999 0.8498263890625 0.9129629625 0.7951388890625 0.9638888890624999 0.7282986109375 0.9870370375 0.6848958328125 0.9953703703125001 0.659722221875 0.9990740734375001 0.6354166671875 0.997222221875 0.597222221875 0.9796296296874999 0.5260416671875 0.9601851859374999 0.48090277812500004 0.94351851875 0.453125 0.897222221875 0.3888888890625 0.8546296296874999 0.34288194375000003 0.8222222218749999 0.3151041671875 0.728703703125 0.265625 0.6583333328125 0.23697916718749998 0.5768518515625 0.22048611093749998 0.502777778125 0.21875 0.41018518593750003 0.222222221875 0.29814814843750004 0.25 0.2370370375 0.2751736109375
1 0.20703125 0.70703125 0.06484375 0.034375
1 0.2640625 0.73515625 0.04140625 0.053125
1 0.35703125 0.58515625 0.0703125 0.0734375
1 0.54140625 0.596875 0.0390625 0.06328125
1 0.40078125 0.76875 0.04609375 0.05234375
1 0.23125 0.36171875 0.05078125 0.0484375
1 0.2921875 0.3203125 0.04296875 0.04140625
1 0.6421875 0.303125 0.0359375 0.03671875
1 0.7328125 0.3953125 0.05859375 0.0578125
1 0.5609375 0.425 0.06875 0.034375
1 0.44453125 0.39375 0.0640625 0.0578125
1 0.4375 0.54375 0.05625 0.03359375
1 0.7546875 0.53671875 0.07109375 0.06484375
1 0.73515625 0.696875 0.08984375 0.078125
1 0.7828125 0.63671875 0.059375 0.034375
1 0.5703125 0.48828125 0.0578125 0.04453125
1 0.39453125 0.4609375 0.0484375 0.04453125