4 1 0.5123516984375 0.9785862062499999 0.4590366890625 0.953048875 0.41704323125 0.9326784874999999 0.3918553359375 0.8778928046875001 0.334687565625 0.829311790625 0.2950561 0.7933538515625 0.2720588953125 0.6938592781249999 0.23607651718749997 0.62018701875 0.21750312656249998 0.5372031203125001 0.21251061093749998 0.4636083109375 0.22110051406250003 0.3724000625 0.23742534218750003 0.26531928125 0.28052533125 0.2083063890625 0.3139589765625 0.1615003703125 0.346834728125 0.10275277812500001 0.394537553125 0.07385138125 0.4284033171875 0.0635515828125 0.448259175 0.0367101625 0.5300476828125 0.034163882812500004 0.591766590625 0.0391170921875 0.6270105046875 0.0546674890625 0.6844329171875 0.0799910859375 0.744864728125 0.0984068328125 0.7694507421875 0.10982180625 0.7774889234375 0.1143847015625 0.789996446875 0.12447076406249999 0.7885789421875 0.13771956875 0.796359396875 0.1581612 0.815401171875 0.1701306578125 0.8207316671875 0.17384788281250002 0.8272219359375 0.21255656875 0.8498325515625 0.21926615625 0.8576554453125 0.2698730546875 0.8917426718750001 0.3382142015625 0.9189545796875 0.35165505937499997 0.9214485218749999 0.361911496875 0.9278963515624999 0.386717765625 0.93142275 0.395140375 0.93812830625 0.42342224531249995 0.9464257593750001 0.452571465625 0.947588621875 0.46166936875 0.9524461000000001 0.5035345890625 0.950945259375 0.54441165 0.9557194015625001 0.6381785859375 0.944294490625 0.69748686875 0.9271933890625 0.7829241234375 0.8897649609375 0.8403706890624999 0.8527640203125 0.9053663125 0.7962938140625 0.9500194296875 0.73479328125 0.9911473796875001 0.6615159687500001 1 0.63728900625 1 0.5123516984375
1 0.2390625 0.74609375 0.06875 0.04375
1 0.29921875 0.765625 0.0484375 0.0578125
1 0.3703125 0.60390625 0.0796875 0.0828125
1 0.5546875 0.58984375 0.046875 0.06875
1 0.4390625 0.7796875 0.053125 0.0578125
1 0.21484375 0.40078125 0.05625 0.0546875
1 0.26953125 0.35078125 0.0484375 0.046875
1 0.61328125 0.28515625 0.040625 0.040625
1 0.715625 0.3640625 0.065625 0.065625
1 0.55 0.4171875 0.0734375 0.04375
1 0.43046875 0.40234375 0.071875 0.065625
1 0.44453125 0.55234375 0.0609375 0.040625
1 0.75703125 0.50078125 0.0796875 0.0734375
1 0.76015625 0.6625 0.1 0.090625
1 0.79921875 0.59609375 0.0640625 0.0421875
1 0.56796875 0.47890625 0.0640625 0.0515625
1 0.38984375 0.47578125 0.0546875 0.0515625