4 0.41632869375 0 0.2067693796875 0.072157059375 0.20455989375 0.085648465625 0.2114932890625 0.1057845078125 0.244694578125 0.176611775 0.24936073749999998 0.20438344062499997 0.24649059687500002 0.2102681015625 0.21183059375000002 0.2290574453125 0.16705290781249998 0.261123371875 0.12263442656250001 0.2999205640625 0.0820770703125 0.3442432125 0.0069336421875 0.444542328125 0 0.4757283375 0 0.5836713078125 0.1433534671875 1 0.5836713046875001 1 1 0.856646534375 1 0.41632869531249994 0.9311589124999999 0.216399659375 0.8988077156250001 0.2020778328125 0.8843542031249999 0.1913861203125 0.8229100296875 0.16651696093749999 0.7263022718750001 0.13906641875 0.687607890625 0.1347629515625 0.6309580734375 0.1209735828125 0.6183998984375 0.1243184296875 0.6035744890625 0.1352988984375 0.593010975 0.1330605375 0.5705499421875 0.1417737703125 0.5637898015625 0.13920508125 0.5622825406249999 0.1348276796875 0.5657555859375 0.13069397968750002 0.5844132453124999 0.122311075 0.589608375 0.11464657812500001 0.58481401875 0.10356678906250001 0.5704760078125 0.104586646875 0.5593095906250001 0.1005973265625 0.553350996875 0.060540062500000005 0.5587031984374999 0.039111582812500004 0.554094790625 0.0171957046875 0.5413922375 0.005901090625 0.51888273125 0 0.41632869375 0
2 0.86953125 0.6609375 0.1484375 0.14375
2 0.48984375 0.79296875 0.1375 0.1453125
2 0.64140625 0.828125 0.1484375 0.14375
2 0.60625 0.68671875 0.14375 0.140625
2 0.73125 0.61484375 0.14375 0.1265625
2 0.69921875 0.49921875 0.121875 0.096875
2 0.87734375 0.3859375 0.1140625 0.090625
2 0.82265625 0.328125 0.1109375 0.1015625
2 0.6203125 0.25546875 0.1296875 0.134375
2 0.3890625 0.190625 0.1125 0.1
2 0.371875 0.1171875 0.096875 0.0875
2 0.24375 0.35078125 0.1078125 0.096875
2 0.209375 0.43046875 0.10625 0.1046875
2 0.31484375 0.42265625 0.103125 0.103125
2 0.2453125 0.52265625 0.109375 0.1046875
2 0.10859375 0.59921875 0.1171875 0.1015625
2 0.18203125 0.63125 0.109375 0.1
2 0.28671875 0.66484375 0.1109375 0.11875
2 0.37890625 0.6890625 0.1203125 0.125
2 0.321875 0.796875 0.1421875 0.146875
2 0.64140625 0.39296875 0.090625 0.0796875
2 0.45625 0.565625 0.0875 0.1078125
0 0.81640625 0.75859375 0.0984375 0.1109375
0 0.24609375 0.80625 0.0625 0.059375
0 0.2609375 0.88125 0.0640625 0.075
0 0.27578125 0.67421875 0.075 0.1
0 0.2171875 0.68671875 0.0453125 0.0484375
0 0.0984375 0.5375 0.0828125 0.078125
0 0.15 0.53203125 0.046875 0.0484375
0 0.196875 0.46171875 0.084375 0.0734375
0 0.2328125 0.35546875 0.0546875 0.0484375
0 0.34609375 0.375 0.0625 0.0703125
0 0.29609375 0.17421875 0.053125 0.04375
0 0.4765625 0.19375 0.0375 0.04375
0 0.56953125 0.215625 0.0484375 0.046875
0 0.75859375 0.296875 0.046875 0.04375
0 0.73984375 0.35 0.04375 0.0390625
0 0.7375 0.39453125 0.034375 0.0390625
0 0.7890625 0.37890625 0.0328125 0.0328125
0 0.825 0.4234375 0.0578125 0.0578125
0 0.89140625 0.4375 0.084375 0.06875
0 0.834375 0.32890625 0.0640625 0.065625
0 0.59921875 0.44453125 0.08125 0.0859375
0 0.48203125 0.43515625 0.059375 0.0609375
0 0.69296875 0.55703125 0.0609375 0.0671875
0 0.68125 0.64609375 0.05625 0.0640625
0 0.68828125 0.72109375 0.065625 0.0578125
0 0.61640625 0.74921875 0.0609375 0.05625
0 0.51875 0.653125 0.0609375 0.0640625
0 0.3828125 0.62578125 0.0828125 0.065625
0 0.25703125 0.55078125 0.05 0.0546875
2 0.515625 0.17265625 0.090625 0.1109375
3 0.85390625 0.553125 0.171875 0.16875
3 0.21171875 0.7390625 0.18125 0.165625
3 0.4921875 0.8578125 0.2171875 0.1671875
3 0.50625 0.746875 0.171875 0.146875
3 0.728125 0.7671875 0.1453125 0.1546875
3 0.509375 0.63203125 0.121875 0.1234375
3 0.5421875 0.3765625 0.1515625 0.1453125
3 0.4625 0.321875 0.1046875 0.1546875
3 0.31953125 0.24296875 0.1 0.1125
3 0.4875 0.09609375 0.109375 0.1
3 0.175 0.515625 0.1234375 0.1203125
3 0.30625 0.36328125 0.0609375 0.04375
3 0.74609375 0.41015625 0.1484375 0.140625
3 0.7390625 0.2796875 0.1625 0.146875