4 1 0.30806798281250003 0.7854528265625 0.06978920625 0.7703091296875 0.058505525 0.7363784390625 0.0554160390625 0.690538940625 0.041868034375 0.5663851015625 0.0589639796875 0.5079570421875 0.07294819687500001 0.452489746875 0.09298822500000001 0.402735603125 0.1166058015625 0.36949856875 0.1378108671875 0.36296025625 0.13746820937499998 0.34093280937500003 0.1199231234375 0.29508219062499996 0.0565468828125 0.2808321875 0.0407206515625 0.26796115781249996 0.036112346875 0.0945607 0.1922428203125 0.0855496859375 0.21406189375 0.0705486140625 0.22507700625 0.062297010937499994 0.25742590781249997 0.053560123437499996 0.2740143296875 0.0477840015625 0.2966585625 0.0515041734375 0.313244203125 0.06843803281250001 0.3278998359375 0.0897746015625 0.333607428125 0.121920690625 0.358239078125 0.1199962421875 0.36993950781249996 0.1121530484375 0.381985378125 0.1195193 0.3915502046875 0.12874146875 0.3907222640625 0.1451187359375 0.37846802031250004 0.1504179171875 0.377434484375 0.15351574375000002 0.3808749703125 0.15248498906250002 0.388032846875 0.1339748984375 0.40345345000000005 0.130811321875 0.41377768593750003 0.114020084375 0.4214208453125 0.10500629218749999 0.43078285781250003 0.0896023703125 0.48701512343750003 0.074606859375 0.5229443546875 0.051779273437499995 0.620747690625 0.043741604687500005 0.6865447828125 0.046085584375 0.7043695546875 0.042927565625000004 0.7396079078125 0.2773856578125 1 0.69193201875 1 1 0.7226143421875 1 0.30806798281250003
2 0.46171875 0.9015625 0.1625 0.1609375
2 0.7609375 0.6328125 0.15625 0.1578125
2 0.71875 0.7828125 0.1625 0.1625
2 0.61171875 0.68359375 0.1578125 0.1578125
2 0.48828125 0.7578125 0.1515625 0.1484375
2 0.403125 0.6734375 0.1234375 0.1203125
2 0.2171875 0.77421875 0.115625 0.1125
2 0.19296875 0.6984375 0.11875 0.1171875
2 0.22734375 0.48671875 0.146875 0.146875
2 0.2828125 0.253125 0.11875 0.1171875
2 0.2265625 0.20234375 0.103125 0.1015625
2 0.49375 0.20390625 0.115625 0.1140625
2 0.58046875 0.2125 0.1171875 0.1171875
2 0.521875 0.3 0.1140625 0.1140625
2 0.64296875 0.28828125 0.11875 0.11875
2 0.7765625 0.20546875 0.1234375 0.1203125
2 0.76875 0.2859375 0.1171875 0.115625
2 0.74765625 0.39375 0.1265625 0.128125
2 0.7234375 0.4859375 0.1359375 0.1359375
2 0.84609375 0.48828125 0.1609375 0.1609375
2 0.33828125 0.57265625 0.0953125 0.09375
2 0.578125 0.49375 0.1078125 0.1109375
0 0.57265625 0.90234375 0.115625 0.1171875
0 0.89140625 0.4265625 0.06875 0.0671875
0 0.94921875 0.47578125 0.0765625 0.078125
0 0.7609375 0.38828125 0.0953125 0.0984375
0 0.8 0.34296875 0.0515625 0.053125
0 0.72734375 0.16640625 0.0890625 0.0890625
0 0.69765625 0.209375 0.0515625 0.053125
0 0.61328125 0.21640625 0.0890625 0.0875
0 0.503125 0.19609375 0.0578125 0.05625
0 0.465625 0.30546875 0.0734375 0.0734375
0 0.3140625 0.1640625 0.0546875 0.053125
0 0.24296875 0.33046875 0.04375 0.0453125
0 0.2171875 0.4234375 0.053125 0.053125
0 0.196875 0.628125 0.05 0.05
0 0.25234375 0.63671875 0.046875 0.0453125
0 0.29296875 0.65625 0.040625 0.0421875
0 0.25390625 0.69375 0.0359375 0.0359375
0 0.27578125 0.746875 0.0640625 0.0640625
0 0.25546875 0.8125 0.0859375 0.084375
0 0.18828125 0.709375 0.071875 0.071875
0 0.403125 0.559375 0.0921875 0.09375
0 0.45234375 0.45234375 0.0671875 0.0671875
0 0.45625 0.69609375 0.0703125 0.071875
0 0.5390625 0.7296875 0.065625 0.0671875
0 0.6015625 0.771875 0.06875 0.0671875
0 0.66171875 0.72265625 0.0640625 0.0640625
0 0.625 0.590625 0.06875 0.0703125
0 0.66640625 0.45859375 0.0828125 0.08125
0 0.66171875 0.31171875 0.0578125 0.0578125
2 0.20625 0.3546875 0.1109375 0.1125
3 0.375 0.83515625 0.190625 0.1890625
3 0.8484375 0.3640625 0.19375 0.1921875
3 0.8171875 0.66640625 0.215625 0.209375
3 0.71328125 0.62578125 0.178125 0.175
3 0.6234375 0.8296875 0.165625 0.1671875
3 0.6109375 0.571875 0.1359375 0.1359375
3 0.37109375 0.47734375 0.165625 0.1640625
3 0.3625 0.38125 0.1421875 0.146875
3 0.3625 0.21796875 0.1171875 0.11875
3 0.153125 0.29296875 0.1171875 0.115625
3 0.67109375 0.22265625 0.1359375 0.1359375
3 0.475 0.2640625 0.059375 0.05625
3 0.30234375 0.671875 0.1609375 0.1609375
3 0.19140625 0.60234375 0.171875 0.1703125