4 0.3620370375 0 0.35555555625 0.0120370375 0.35555555625 0.0333333328125 0.3638888890625 0.1111111109375 0.35925925937500003 0.13888888906250002 0.3546296296875 0.14351851875 0.315740740625 0.15 0.2629629625 0.165740740625 0.20833333281250002 0.1879629625 0.15555555625 0.2166666671875 0.051851851562499995 0.2870370375 0.0268518515625 0.32777777812500003 0.003703703125 0.352777778125 0 0.371296296875 0 0.89444444375 0.018518518749999997 0.9120370375 0.0231481484375 0.9425925921875 0.0351851859375 0.95 0.0574074078125 0.95555555625 0.07962962968750001 0.977777778125 0.1129629625 1 0.9120370375 1 0.965740740625 0.9509259265625 0.9824074078124999 0.9277777781250001 1 0.91851851875 1 0.372222221875 0.9740740734375001 0.3481481484375 0.9638888890624999 0.3333333328125 0.9138888890624999 0.2898148140625 0.83148148125 0.23240740781250002 0.796296296875 0.21574074062499998 0.747222221875 0.184259259375 0.734259259375 0.1833333328125 0.7166666671875 0.1888888890625 0.7074074078125 0.1833333328125 0.6833333328125 0.184259259375 0.6777777781250001 0.17962962968750001 0.6777777781250001 0.175 0.6824074078125 0.172222221875 0.702777778125 0.1703703703125 0.7101851859375 0.1648148140625 0.709259259375 0.15277777812499999 0.6953703703125 0.1490740734375 0.6861111109375 0.1416666671875 0.69351851875 0.10185185156250001 0.70555555625 0.08333333281250001 0.7083333328125 0.061111110937500004 0.7 0.046296296875 0.6805555562500001 0.0333333328125 0.6629629625 0.0268518515625 0.6351851859375001 0.0083333328125 0.6166666671875001 0.0101851859375 0.5953703703125 0 0.3620370375 0
2 0.796875 0.77265625 0.11796875 0.1109375
2 0.3953125 0.7734375 0.1046875 0.11796875
2 0.5265625 0.85625 0.11953125 0.11015625
2 0.53984375 0.7109375 0.1140625 0.109375
2 0.68125 0.68359375 0.12109375 0.09140625
2 0.68828125 0.5640625 0.10703125 0.06484375
2 0.89375 0.51484375 0.0984375 0.0625
2 0.8609375 0.4421875 0.090625 0.07578125
2 0.69375 0.3078125 0.1 0.1078125
2 0.49609375 0.17109375 0.09375 0.07265625
2 0.50390625 0.09609375 0.08046875 0.06484375
2 0.30625 0.27578125 0.08984375 0.071875
2 0.24765625 0.33984375 0.084375 0.08125
2 0.35 0.36640625 0.08125 0.08125
2 0.2515625 0.43828125 0.0875 0.08046875
2 0.09765625 0.46640625 0.0984375 0.07421875
2 0.15703125 0.5203125 0.08984375 0.075
2 0.24453125 0.58671875 0.08359375 0.096875
2 0.32421875 0.6390625 0.09296875 0.1
2 0.23515625 0.72265625 0.11015625 0.11796875
2 0.66875 0.4453125 0.07578125 0.05859375
2 0.4375 0.54765625 0.0609375 0.09375
0 0.71484375 0.84765625 0.07265625 0.09296875
0 0.16015625 0.70703125 0.0515625 0.04453125
0 0.15 0.7828125 0.04609375 0.0640625
0 0.23125 0.59140625 0.0484375 0.08828125
0 0.171875 0.584375 0.03515625 0.0390625
0 0.1078125 0.4046875 0.06796875 0.05859375
0 0.15859375 0.41640625 0.0359375 0.03828125
0 0.22578125 0.36484375 0.07109375 0.053125
0 0.29453125 0.2765625 0.0453125 0.0359375
0 0.3953125 0.33203125 0.04609375 0.0578125
0 0.41328125 0.12578125 0.04609375 0.0296875
0 0.57734375 0.20234375 0.0265625 0.03671875
0 0.65859375 0.25390625 0.03828125 0.03671875
0 0.8109375 0.3921875 0.03828125 0.0328125
0 0.77578125 0.4359375 0.03671875 0.028125
0 0.75859375 0.47734375 0.02578125 0.0328125
0 0.8125 0.4796875 0.025 0.0265625
0 0.83203125 0.53359375 0.0453125 0.04609375
0 0.890625 0.56875 0.07265625 0.0484375
0 0.871875 0.446875 0.05078125 0.0515625
0 0.61171875 0.4796875 0.0609375 0.0703125
0 0.50390625 0.4328125 0.0453125 0.04921875
0 0.6640625 0.61640625 0.04609375 0.0546875
0 0.62421875 0.696875 0.03984375 0.0546875
0 0.60625 0.7703125 0.05546875 0.04140625
0 0.52890625 0.7734375 0.04921875 0.0421875
0 0.46796875 0.65078125 0.04609375 0.05234375
0 0.3484375 0.58046875 0.071875 0.04453125
0 0.25390625 0.46875 0.03671875 0.0453125
2 0.62109375 0.1953125 0.0640625 0.09453125
3 0.8171875 0.665625 0.13671875 0.13203125
3 0.15 0.63203125 0.1484375 0.12421875
3 0.37578125 0.8359375 0.19140625 0.11015625
3 0.42578125 0.7359375 0.1453125 0.1046875
3 0.62890625 0.82734375 0.109375 0.1265625
3 0.465625 0.628125 0.0953125 0.09765625
3 0.58046875 0.396875 0.12265625 0.1109375
3 0.52265625 0.31953125 0.06171875 0.14296875
3 0.41328125 0.1984375 0.07265625 0.09453125
3 0.61953125 0.1140625 0.08984375 0.07421875
3 0.1875 0.40859375 0.0984375 0.09375
3 0.3609375 0.3078125 0.05546875 0.0265625
3 0.76171875 0.4953125 0.1203125 0.1078125
3 0.79765625 0.36953125 0.13359375 0.109375