4 0.290740740625 0.0333333328125 0.2453703703125 0.0620370375 0.20555555625 0.10555555624999999 0.1648148140625 0.13333333281249998 0.13703703750000001 0.1611111109375 0.1148148140625 0.1898148140625 0.0703703703125 0.2601851859375 0.04444444375 0.3148148140625 0.0268518515625 0.36759259218749996 0.025 0.40092592656250003 0.03148148125 0.42314814843750004 0.03148148125 0.4370370375 0.028703703125 0.45648148125 0.0175925921875 0.47407407343749997 0.009259259374999999 0.5083333328124999 0 0.58055555625 0.0009259265625 0.621296296875 0.0101851859375 0.6916666671875 0.061111110937500004 0.8111111109375001 0.1046296296875 0.8703703703125001 0.1120370375 0.8870370375000001 0.1379629625 0.9129629625 0.2296296296875 0.94351851875 0.275 0.9666666671874999 0.3416666671875 0.9861111109375 0.434259259375 0.99351851875 0.48333333281249996 0.990740740625 0.565740740625 0.9796296296874999 0.652777778125 0.9768518515625001 0.7212962968750001 0.9629629625 0.746296296875 0.9518518515625001 0.8111111109375001 0.9138888890624999 0.8481481484375 0.86944444375 0.9388888890624999 0.775 0.9620370375 0.734259259375 0.9759259265625 0.6777777781250001 0.9768518515625001 0.6425925921875 0.9648148140625 0.60555555625 0.972222221875 0.5166666671875 0.9638888890624999 0.4546296296875 0.9703703703125001 0.42592592656250006 0.972222221875 0.3925925921875 0.977777778125 0.38240740781250004 0.9768518515625001 0.36851851875 0.9620370375 0.33148148125 0.925 0.259259259375 0.8981481484374999 0.2175925921875 0.8509259265625 0.1675925921875 0.8416666671874999 0.13981481406250001 0.8138888890624999 0.13148148125 0.771296296875 0.1 0.7333333328125 0.08425925937499999 0.6972222218749999 0.0620370375 0.68148148125 0.0574074078125 0.6703703703125 0.0490740734375 0.6537037031249999 0.045370370312500005 0.6166666671875001 0.025 0.56851851875 0.027777778125000003 0.5453703703125 0.0240740734375 0.51851851875 0.0083333328125 0.48703703750000005 0.00555555625 0.3851851859375 0.009259259374999999 0.34351851875 0.0166666671875 0.290740740625 0.0333333328125
0 0.8796875 0.55078125 0.059375 0.06875
0 0.81640625 0.3 0.06875 0.0546875
0 0.66328125 0.271875 0.05234375 0.05546875
0 0.66171875 0.1546875 0.0625 0.0625
0 0.5296875 0.1984375 0.0640625 0.078125
0 0.22734375 0.21640625 0.06796875 0.0671875
0 0.425 0.1890625 0.07421875 0.07578125
0 0.4796875 0.30078125 0.0546875 0.05234375
0 0.146875 0.59296875 0.07265625 0.07265625
0 0.14609375 0.5453125 0.07421875 0.0515625
0 0.36171875 0.58828125 0.07890625 0.075
0 0.4203125 0.51484375 0.0671875 0.07890625
0 0.3109375 0.44921875 0.0359375 0.04609375
0 0.49921875 0.484375 0.0640625 0.0640625
0 0.49453125 0.62578125 0.04296875 0.05546875
0 0.28828125 0.7484375 0.065625 0.05859375
0 0.1828125 0.8046875 0.059375 0.0578125
0 0.38203125 0.79453125 0.0625 0.07265625
0 0.4671875 0.78125 0.0703125 0.07421875
0 0.66171875 0.73203125 0.0546875 0.0625
0 0.6078125 0.62578125 0.07421875 0.0640625
0 0.61796875 0.57109375 0.06171875 0.065625
0 0.59140625 0.4765625 0.0453125 0.0625
0 0.796875 0.5703125 0.03984375 0.0484375
0 0.91171875 0.5890625 0.04921875 0.0484375
0 0.7265625 0.465625 0.04921875 0.04453125
0 0.53515625 0.35546875 0.04609375 0.04609375
0 0.29609375 0.38828125 0.03515625 0.04453125