4 1 0.4386590828125 0.9911000828125 0.4191232796875 0.9640452984375001 0.39111130312500003 0.9317367078125001 0.3079713046875 0.8970515109375 0.25586587656250004 0.8902941515625 0.227225865625 0.8773462125 0.1964542640625 0.8778746234374999 0.1848644859375 0.8709539171875 0.17278713437499998 0.8414024828125 0.14599285312500002 0.7764536750000001 0.09731591875 0.7340539265625 0.0716372421875 0.6696923171875 0.0473984 0.6491931734375 0.026490890625000003 0.6205735796875 0.031177917187499998 0.5684910375000001 0.0215539125 0.527469865625 0.024048096875 0.4852718328125 0.019904965625 0.469094653125 0.02264416875 0.455454959375 0.020025007812500002 0.4388514609375 0.024002326562500002 0.3966330109375 0.021929526562500003 0.3545754390625 0.045532937499999995 0.332146425 0.052351550000000004 0.301111853125 0.049974942187499996 0.2715987890625 0.061278867187499995 0.181678546875 0.10925664531249998 0.14747598906249998 0.13417984375 0.107345821875 0.172296 0.079150078125 0.2179837796875 0.06244202343750001 0.27455163125 0.0380014625 0.317377696875 0.0252119390625 0.354521175 0.0178216125 0.3900614734375 0.0087235515625 0.47279310625 0.0093695359375 0.53325906875 0.0166936734375 0.58840750625 0.029641612499999997 0.6191791078125 0.0452087109375 0.6363110140625 0.051297198437500004 0.6487942640625 0.057324431249999995 0.6674885125000001 0.055049915625 0.6881714203125 0.0625782359375 0.72261653125 0.0859162078125 0.7915884281250001 0.104607990625 0.8278000640625001 0.14377849843749999 0.886989540625 0.2419114140625 0.972021040625 0.2951868265625 1 0.5868996515625 1 0.6572568921874999 0.9723903500000001 0.7001466796875 0.9483810421875001 0.7693431765625001 0.9022694124999999 0.8463538500000001 0.8616182359375 0.9018493984375 0.8190984421874999 0.919448459375 0.7981525640625 0.9610617609375 0.735618734375 0.9748672671874999 0.6794363640625 1 0.6014109078125001 1 0.4386590828125
0 0.86328125 0.37890625 0.0828125 0.0875
0 0.696875 0.18125 0.0859375 0.0796875
0 0.546875 0.2234375 0.071875 0.0734375
0 0.49375 0.11875 0.0828125 0.0828125
0 0.39453125 0.215625 0.0921875 0.0984375
0 0.13046875 0.36484375 0.090625 0.090625
0 0.29609375 0.253125 0.1 0.1
0 0.39453125 0.3296875 0.071875 0.0703125
0 0.2234375 0.73828125 0.096875 0.096875
0 0.2015625 0.69609375 0.0890625 0.078125
0 0.4140625 0.63984375 0.103125 0.1015625
0 0.43515625 0.5484375 0.0953125 0.1
0 0.3078125 0.5375 0.053125 0.0578125
0 0.4921875 0.4859375 0.0859375 0.0859375
0 0.55 0.615625 0.0625 0.06875
0 0.41875 0.81640625 0.084375 0.08125
0 0.3484375 0.91328125 0.078125 0.078125
0 0.5234375 0.81640625 0.0875 0.0921875
0 0.59375 0.7671875 0.0953125 0.096875
0 0.746875 0.6375 0.0765625 0.0796875
0 0.65234375 0.565625 0.0953125 0.090625
0 0.6375 0.5125 0.084375 0.0859375
0 0.571875 0.4390625 0.06875 0.0765625
0 0.79765625 0.4328125 0.0578125 0.0609375
0 0.909375 0.39921875 0.065625 0.065625
0 0.68828125 0.36953125 0.0640625 0.0609375
0 0.46796875 0.3546875 0.0609375 0.0609375
0 0.26796875 0.4890625 0.0515625 0.0546875