4 0.42186406875 0 0.3966615609375 0.0067150078125 0.3027871828125 0.046402765624999995 0.27542920937500004 0.062224934375 0.2577454921875 0.0878389734375 0.2383313984375 0.1009785 0.1935204171875 0.11880926562500001 0.168562353125 0.15292361875 0.155022475 0.16332395156249999 0.1484742078125 0.175572275 0.13616481875 0.18642046875 0.1128285546875 0.22182185625 0.0850747484375 0.2521316546875 0.0597774 0.2986639734375 0.038124001562499996 0.31795593437499997 0.041471659375 0.3470442828125 0.0198047046875 0.4123166453125 0.013077757812499998 0.46142755312499995 0.01003323125 0.54253564375 0.012258978125 0.5823636109375 0.0172895015625 0.5953425328125 0.026628990624999998 0.6022255640624999 0.0423946140625 0.6316531984375 0.060399540625000005 0.6549283953125 0.0790649609375 0.7146748640625 0.1233444203125 0.7921050515625 0.1280876875 0.8307590765624999 0.1437967625 0.8622563718749999 0.1802544765625 0.9075762812500001 0.21845160468749997 0.9347171015625 0.34060459062500004 0.9819641421874999 0.378942415625 1 0.5495317562500001 1 0.5630626109375 0.9967412250000001 0.6431188953125 0.96247530625 0.7225011296875 0.9377185171875 0.768151284375 0.9194964390625 0.848938165625 0.8736517265625 0.9011411078125 0.827854525 0.932477796875 0.78770083125 1 0.7237701953125 1 0.3908651453125 0.9871981421875 0.361698996875 0.9482839734375 0.300156565625 0.9262528203124999 0.27262895 0.9087477828124999 0.26138040625 0.898012684375 0.24493169531249998 0.8921429859375 0.23234408593749997 0.8886256859375001 0.209464721875 0.8728600625 0.1800370875 0.83461090625 0.1396391265625 0.788026559375 0.10108463906250001 0.718006409375 0.05609045625 0.6857355265625 0.039467584374999996 0.6488209140625 0.0260317640625 0.6001578671875001 0.018074329687499998 0.55661890625 0 0.42186406875 0
0 0.17734375 0.70625 0.0828125 0.0875
0 0.12890625 0.45234375 0.0859375 0.078125
0 0.25546875 0.3625 0.0703125 0.071875
0 0.2078125 0.25546875 0.0828125 0.0828125
0 0.3453125 0.2390625 0.090625 0.0984375
0 0.62734375 0.128125 0.090625 0.0890625
0 0.43671875 0.18671875 0.1 0.1
0 0.434375 0.3109375 0.071875 0.0703125
0 0.859375 0.43515625 0.096875 0.096875
0 0.83984375 0.39140625 0.0890625 0.078125
0 0.6625 0.521875 0.103125 0.1015625
0 0.578125 0.4796875 0.09375 0.1
0 0.65 0.37421875 0.0515625 0.05625
0 0.49375 0.48515625 0.084375 0.084375
0 0.5578125 0.61171875 0.0625 0.06875
0 0.796875 0.6359375 0.084375 0.08125
0 0.91640625 0.6421875 0.078125 0.078125
0 0.73125 0.7171875 0.0875 0.0921875
0 0.6484375 0.74140625 0.0953125 0.096875
0 0.4515625 0.77890625 0.0765625 0.0796875
0 0.45546875 0.659375 0.09375 0.0890625
0 0.4234375 0.6140625 0.084375 0.0859375
0 0.40703125 0.5171875 0.0671875 0.0765625
0 0.2609375 0.6890625 0.05625 0.0609375
0 0.16484375 0.7546875 0.065625 0.0640625
0 0.28046875 0.56484375 0.0640625 0.0609375
0 0.40703125 0.38359375 0.0609375 0.0609375
0 0.6375 0.3125 0.05 0.0546875