4 0.3327269265625 0.8500609890625 0.3562403328125 0.8627269125 0.37878065156249996 0.8696181781250001 0.38942074375 0.8975183718749999 0.44643354375 0.9081024937500001 0.5031871031249999 0.9083376921875 0.5493325046875001 0.8984832109375 0.6252923421875 0.8717274375 0.634285328125 0.8669457828124999 0.648307184375 0.8479547921874999 0.6665723078125 0.8329996734374999 0.6960557421875 0.8194204046875001 0.7406058843750001 0.778953859375 0.7684542296875 0.7662439828125 0.793642553125 0.746559059375 0.8171439390625 0.7256737421875 0.839185696875 0.696126440625 0.853422840625 0.6361226171875 0.8651156765625 0.6068345546875 0.860808546875 0.5671776578125 0.8694585109374999 0.5321667875 0.8726648203125 0.4948069796875 0.8703038640624999 0.46669939375 0.8424194593750001 0.37875555 0.813781378125 0.326867425 0.7894703421875 0.29889546875 0.7762340937500001 0.299641253125 0.75222625 0.33337996875 0.737789609375 0.3358126875 0.6785954359375 0.3704328140625 0.6379256234375 0.40044674531249996 0.614476084375 0.42340184687500004 0.5666756796875 0.4498664484375 0.5021734796875 0.5040877203125 0.4907278625 0.5101734625 0.48484950937500004 0.50700698125 0.469531459375 0.4742533703125 0.4497428390625 0.44492548125000003 0.41091138125000004 0.3995059453125 0.36404800625 0.331091484375 0.326903484375 0.2868723421875 0.3130450640625 0.262780715625 0.30123651093750003 0.2543779703125 0.2909593546875 0.240966265625 0.2780022578125 0.23632023906250002 0.264921553125 0.2432753734375 0.250361303125 0.2573092515625 0.223278653125 0.267514646875 0.210995578125 0.2897758140625 0.1823296890625 0.3029203859375 0.13237984375 0.39239974843750003 0.11602106718750001 0.4503856359375 0.1055485375 0.46224603281250004 0.087127871875 0.4709918 0.08150875937499999 0.4781742390625 0.093197825 0.5810213531249999 0.12200346875000001 0.67267006875 0.16063955624999998 0.7433617078125 0.1907770953125 0.7724303609375001 0.240184778125 0.8101290625 0.26119370468750003 0.822029290625 0.3006033828125 0.8409244796875001 0.3327269265625 0.8500609890625
4 0.43964550156250004 0.0578564765625 0.4830933578125 0.3959654546875 0.49289060781250005 0.4012429234375 0.6399153859375 0.1890709765625 0.6806727890625 0.070688653125 0.5913144453125 0.0494547921875 0.43964550156250004 0.0578564765625
1 0.77734375 0.63359375 0.1265625 0.1265625
1 0.45234375 0.83671875 0.1578125 0.1671875
1 0.54375 0.6984375 0.0921875 0.10625
1 0.45625 0.72421875 0.0921875 0.084375
1 0.17578125 0.6875 0.084375 0.084375
1 0.234375 0.6796875 0.05625 0.0671875
1 0.3109375 0.7921875 0.075 0.0859375
1 0.24453125 0.51484375 0.10625 0.1078125
1 0.3140625 0.52734375 0.1265625 0.11875
1 0.23671875 0.396875 0.1109375 0.1015625
1 0.3203125 0.3484375 0.0984375 0.0875
1 0.33828125 0.4125 0.109375 0.103125
1 0.3875 0.49609375 0.0796875 0.08125
1 0.41796875 0.5484375 0.075 0.0796875
1 0.2796875 0.57890625 0.0734375 0.0796875
1 0.70234375 0.46640625 0.1203125 0.109375
1 0.78515625 0.4875 0.1140625 0.1203125
1 0.5390625 0.203125 0.1171875 0.128125
1 0.60078125 0.1109375 0.103125 0.090625
1 0.52109375 0.12734375 0.090625 0.0890625
1 0.50625 0.3109375 0.0765625 0.075
1 0.55078125 0.603125 0.1 0.1171875
1 0.6625 0.634375 0.1609375 0.1984375
1 0.63671875 0.77265625 0.0859375 0.109375
1 0.353125 0.7265625 0.090625 0.0890625
1 0.30078125 0.63515625 0.0703125 0.078125