4 0.1379629625 0.672222221875 0.16388888906250001 0.7074074078125 0.1879629625 0.73055555625 0.20277777812500003 0.752777778125 0.21944444375 0.76944444375 0.21574074062499998 0.7990740734374999 0.2611111109375 0.8351851859374999 0.3111111109375 0.8620370375 0.35648148125 0.875 0.4361111109375 0.8870370375000001 0.44629629687500005 0.8870370375000001 0.4675925921875 0.8768518515625001 0.490740740625 0.872222221875 0.5231481484375 0.8740740734375001 0.58148148125 0.859259259375 0.6120370375 0.8611111109375 0.64351851875 0.85555555625 0.6740740734374999 0.8481481484375 0.7074074078125 0.8324074078124999 0.7481481484375 0.7861111109375 0.772222221875 0.765740740625 0.7870370375 0.728703703125 0.8111111109375001 0.7018518515625 0.83148148125 0.6703703703125 0.8425925921875 0.64444444375 0.859259259375 0.553703703125 0.8583333328125 0.49444444374999996 0.85 0.4583333328125 0.8379629625 0.45277777812500003 0.8009259265625 0.471296296875 0.7870370375 0.46666666718750005 0.7185185187500001 0.46944444374999994 0.66851851875 0.4768518515625 0.6370370375000001 0.4861111109375 0.5824074078125 0.48703703750000005 0.5 0.5046296296875 0.48703703750000005 0.5046296296875 0.48333333281249996 0.4990740734375 0.48518518593750004 0.46296296249999996 0.48148148125 0.427777778125 0.46851851875 0.36944444375 0.459259259375 0.2870370375 0.447222221875 0.23055555625 0.44629629687500005 0.20277777812500003 0.43981481406249995 0.1898148140625 0.4370370375 0.17314814843749998 0.427777778125 0.1629629625 0.4129629625 0.1629629625 0.39351851875 0.16851851874999998 0.3648148140625 0.1648148140625 0.34351851875 0.178703703125 0.3120370375 0.1768518515625 0.2259259265625 0.23240740781250002 0.184259259375 0.2759259265625 0.16944444375 0.28148148125 0.1490740734375 0.28055555625 0.140740740625 0.284259259375 0.102777778125 0.38055555625 0.08518518593749999 0.475 0.0861111109375 0.5555555562500001 0.0990740734375 0.5953703703125 0.125 0.6518518515625 0.1379629625 0.672222221875
4 0.8610740734375 0.2057613171875 0.7921440328125 0.145061728125 0.6542839515625001 0.0812757203125 0.53391358125 0.4002057609375 0.54008641875 0.4094650203125 0.7695102875 0.2911522625 0.8610740734375 0.2057613171875
1 0.68203125 0.74765625 0.09296875 0.09375
1 0.3 0.775 0.1078125 0.1328125
1 0.4453125 0.6953125 0.05546875 0.090625
1 0.35625 0.67734375 0.075 0.05546875
1 0.12578125 0.51328125 0.0625 0.06171875
1 0.18125 0.53359375 0.0328125 0.059375
1 0.19609375 0.66953125 0.04609375 0.07265625
1 0.2671875 0.39296875 0.078125 0.08046875
1 0.32265625 0.43671875 0.10078125 0.08125
1 0.31640625 0.28515625 0.09140625 0.065625
1 0.4125 0.28203125 0.08203125 0.05546875
1 0.3984375 0.346875 0.08671875 0.07109375
1 0.40234375 0.44375 0.0578125 0.0609375
1 0.4046875 0.50390625 0.05234375 0.0625
1 0.26875 0.46640625 0.0484375 0.06484375
1 0.69453125 0.565625 0.0984375 0.071875
1 0.7578125 0.62265625 0.07890625 0.09375
1 0.6734375 0.25625 0.07734375 0.1046875
1 0.771875 0.20390625 0.0875 0.05546875
1 0.69375 0.18125 0.06875 0.06484375
1 0.59453125 0.3359375 0.0578125 0.0546875
1 0.49609375 0.61484375 0.059375 0.10078125
1 0.58046875 0.6953125 0.0875 0.178125
1 0.49296875 0.8046875 0.04453125 0.1
1 0.2640625 0.63125 0.06875 0.06484375
1 0.2609375 0.52578125 0.0453125 0.0640625