4 0.9172481078124999 0.482840490625 0.904171640625 0.40334797031249997 0.8704462140624999 0.3133932703125 0.8163383171874999 0.2251521296875 0.8074884453125 0.2229517625 0.78758833125 0.2274008984375 0.772033875 0.2245023109375 0.72344330625 0.1888802765625 0.6289932953124999 0.149121771875 0.598311659375 0.1564121921875 0.574927121875 0.14643236875 0.5473026328125 0.1550641515625 0.5271888812500001 0.15296948906250002 0.5125991359375 0.1555420546875 0.5052491859375 0.167180359375 0.5054077453125 0.1840761765625 0.5012757265625 0.19796770156250001 0.505187428125 0.22548425781249998 0.5031411671875 0.28319786874999997 0.508332471875 0.3659611734375 0.5056959234375 0.4256592890625 0.5081583296875001 0.4609530734375 0.5162526781250001 0.4961940046875 0.513569953125 0.5023082999999999 0.5008039265625001 0.5045592953125 0.4165935515625 0.5015438703124999 0.3626330828125 0.510118346875 0.33002202187499996 0.5064664578125 0.2794953515625 0.5078539937500001 0.211535428125 0.517016534375 0.19866146875 0.523987609375 0.1589714015625 0.5121818421875 0.14808194531250002 0.5197432046875 0.14614584375 0.556752775 0.155524246875 0.6152725390625 0.1876946734375 0.7017405875 0.203138971875 0.7253432171875 0.228666571875 0.7528091453125 0.25703768125000004 0.7750726390625 0.278058840625 0.808974434375 0.305304453125 0.8248549140625 0.35346551718749997 0.8633733109374999 0.38902579375 0.8730866421875 0.42040342500000005 0.8750755984374999 0.45237134375 0.8750800484375001 0.48214112187499997 0.8679504140625 0.5421608046874999 0.8724106812500001 0.5737543015625 0.8649594765625 0.5973547031249999 0.8654991375 0.6200961 0.8718315249999999 0.6301265500000001 0.8700628859374999 0.7064562171875 0.844381178125 0.7488863140625 0.8237366703125 0.7934639265625 0.78861035 0.8318743906250001 0.7451693640625 0.8230818234375 0.716633015625 0.8366011484375001 0.69732541875 0.8473320453125 0.6728682359375 0.867020746875 0.645891340625 0.88644295625 0.6067387078124999 0.8956717046874999 0.5844268140625 0.9113958515625 0.5243014234375 0.9172481078124999 0.482840490625
4 0.44927255468749994 0.407610890625 0.2753492609375 0.114428209375 0.1506599078125 0.2011843171875 0.0933174421875 0.27293131875 0.19831815 0.3411250984375 0.44480135 0.417801384375 0.44927255468749994 0.407610890625
1 0.3640625 0.77578125 0.1078125 0.1078125
1 0.74453125 0.7359375 0.1296875 0.15
1 0.5875 0.6828125 0.0703125 0.0984375
1 0.67265625 0.65 0.0828125 0.0671875
1 0.87109375 0.4484375 0.071875 0.071875
1 0.81953125 0.47734375 0.0421875 0.0640625
1 0.82890625 0.6140625 0.0578125 0.0796875
1 0.7109375 0.35390625 0.090625 0.0921875
1 0.66328125 0.40703125 0.1140625 0.096875
1 0.64375 0.25625 0.1015625 0.08125
1 0.5484375 0.2703125 0.090625 0.06875
1 0.5734375 0.33125 0.0984375 0.084375
1 0.58671875 0.42734375 0.0671875 0.0703125
1 0.59453125 0.4875 0.0625 0.0703125
1 0.721875 0.4265625 0.059375 0.071875
1 0.31953125 0.5984375 0.109375 0.0875
1 0.2671875 0.665625 0.09375 0.10625
1 0.28671875 0.28984375 0.09375 0.1171875
1 0.18046875 0.25546875 0.0953125 0.0703125
1 0.25390625 0.21953125 0.0796875 0.0765625
1 0.378125 0.3546875 0.0671875 0.0640625
1 0.5234375 0.6125 0.0765625 0.109375
1 0.4546875 0.70625 0.1171875 0.190625
1 0.56015625 0.79921875 0.0609375 0.10625
1 0.75546875 0.58828125 0.0796875 0.0765625
1 0.73984375 0.48359375 0.05625 0.0703125