4 1 0.49241171718750004 0.9884278984374999 0.4285498625 0.9201848515625001 0.36054932968750003 0.8511175921874999 0.31261888125000004 0.7150086703125 0.24572536562499997 0.59042558125 0.216231475 0.493108190625 0.21030137343750002 0.32504149843749996 0.24388550625 0.22240166718749999 0.289268371875 0.1364188953125 0.3498602875 0.06807498906250001 0.4237732828125 0.037385843749999995 0.47867937656250004 0.0024206734375 0.5520776171875 0.0277406265625 0.9141698312500001 0.21828796874999998 0.9790759546875 0.22779638906250002 1 0.5174603828125 1 0.7687515859375 0.9824280078125 0.7978879171875 0.9531008890624999 0.8769980546875 0.9057247531250001 0.91933963125 0.89002874375 0.9986693499999999 0.8935780390625 1 0.8929568921875 1 0.49241171718750004
0 0.6515625 0.41484375 0.0390625 0.0453125
0 0.425 0.490625 0.05 0.0421875
0 0.4296875 0.61171875 0.05 0.0703125
0 0.3546875 0.63515625 0.0375 0.0578125
0 0.2359375 0.51796875 0.0359375 0.0734375
0 0.09609375 0.5546875 0.0453125 0.0484375
0 0.121875 0.6875 0.0515625 0.059375
0 0.20625 0.82734375 0.0546875 0.05625
0 0.2125 0.40625 0.040625 0.0421875
0 0.3140625 0.40859375 0.0453125 0.0390625
0 0.42265625 0.35078125 0.0328125 0.0359375
0 0.49765625 0.43203125 0.0484375 0.0578125
0 0.5875 0.425 0.040625 0.0640625
0 0.6078125 0.4734375 0.0421875 0.0671875
0 0.5578125 0.56015625 0.0421875 0.0609375
0 0.675 0.58359375 0.046875 0.071875
0 0.81171875 0.65859375 0.0625 0.0640625
0 0.81484375 0.80234375 0.0546875 0.0640625
0 0.68125 0.70625 0.0546875 0.065625
0 0.596875 0.76328125 0.0328125 0.0703125
0 0.75234375 0.49140625 0.040625 0.0625
0 0.9046875 0.61640625 0.0359375 0.05
0 0.67109375 0.3453125 0.0484375 0.0609375
0 0.70625 0.34921875 0.0375 0.046875
0 0.45859375 0.32109375 0.034375 0.0390625
0 0.5703125 0.30859375 0.0390625 0.0375
0 0.51015625 0.68125 0.053125 0.046875
0 0.42734375 0.70546875 0.0609375 0.05625
0 0.37890625 0.9484375 0.0390625 0.0578125
0 0.18828125 0.6078125 0.04375 0.046875
0 0.33984375 0.50859375 0.0328125 0.040625