4 0.23182490156250002 0 0.231609871875 0.008845907812500001 0.225638740625 0.0248409328125 0.19405996718750002 0.0683677609375 0.18607165625 0.0874689734375 0.13241530625 0.1530917796875 0.0952892828125 0.20516062499999999 0 0.35189325312499997 0 0.77147785 0.35189325312499997 1 0.77147785 1 0.7902356609375001 0.9711155046875 0.81854741875 0.9122185671875 0.8352293734374999 0.889930753125 0.851205996875 0.8517283296875 0.8742117484374999 0.8214027968750001 0.8958160359375 0.781334821875 0.9365123343749999 0.7271683796875 0.9411222078125 0.70476914375 0.9840275234375 0.6421008968749999 1 0.6264205671874999 1 0.22852215 0.648106746875 0 0.23182490156250002 0
1 0.284375 0.43515625 0.128125 0.128125
1 0.4484375 0.35234375 0.13125 0.1265625
1 0.3765625 0.1578125 0.15625 0.1578125
1 0.74765625 0.28984375 0.1375 0.128125
1 0.98125 0.30390625 0.0375 0.1203125
1 0.79921875 0.4796875 0.11875 0.121875
1 0.58828125 0.709375 0.146875 0.1421875
1 0.46015625 0.659375 0.1515625 0.153125
1 0.0859375 0.603125 0.171875 0.1875
1 0.42578125 0.978125 0.1078125 0.04375
1 0.5 0.846875 0.1109375 0.1140625
3 0.525 0.54140625 0.13125 0.11875
3 0.35859375 0.64453125 0.1390625 0.14375
3 0.43515625 0.73984375 0.1484375 0.1421875
3 0.26015625 0.77890625 0.1015625 0.1078125
3 0.20703125 0.71171875 0.1015625 0.1015625
3 0.28046875 0.621875 0.1171875 0.1203125
3 0.1375 0.76875 0.13125 0.1453125
3 0.05 0.7171875 0.1 0.13125
3 0.06015625 0.42734375 0.1203125 0.1390625
3 0.04453125 0.3453125 0.0890625 0.11875
3 0.2375 0.29453125 0.1515625 0.14375
3 0.60546875 0.23203125 0.1390625 0.125
3 0.59375 0.30078125 0.125 0.1203125
3 0.65078125 0.39453125 0.1109375 0.1140625
3 0.70234375 0.6265625 0.0953125 0.1015625
3 0.5484375 0.609375 0.1390625 0.128125
3 0.62890625 0.5796875 0.10625 0.1015625
3 0.953125 0.390625 0.09375 0.13125
3 0.84296875 0.27109375 0.1 0.1
3 0.57890625 0.03515625 0.1078125 0.0703125
3 0.5359375 0.93046875 0.1625 0.1390625
3 0.703125 0.81875 0.1390625 0.1359375
3 0.2828125 0.8734375 0.0890625 0.0859375
3 0.425 0.86953125 0.13125 0.1234375
3 0.671875 0.4578125 0.1234375 0.1140625
3 0.675 0.3015625 0.09375 0.09375
3 0.43671875 0.0890625 0.1109375 0.1125
3 0.2828125 0.5375 0.1203125 0.1171875
3 0.65859375 0.5140625 0.0796875 0.075
3 0.85703125 0.6609375 0.096875 0.1
3 0.80546875 0.7359375 0.125 0.125
3 0.9671875 0.484375 0.065625 0.109375
3 0.92109375 0.56953125 0.103125 0.1109375
3 0.67109375 0.1078125 0.1265625 0.121875
3 0.8234375 0.20859375 0.115625 0.1125