4 0.018518518749999997 0 0.0175925921875 0.11388888906250001 0.0111111109375 0.1296296296875 0.0018518515625 0.20740740781250003 0.0120370375 0.2898148140625 0.0111111109375 0.33055555625 0.0166666671875 0.35555555625 0.018518518749999997 0.43148148124999997 0.0101851859375 0.45277777812500003 0.0148148140625 0.5203703703125 0.0111111109375 0.565740740625 0.013888889062500001 0.603703703125 0.00648148125 0.64444444375 0.0083333328125 0.672222221875 0 0.7370370375 0 1 1 1 1 0.4731481484375 0.997222221875 0.409259259375 0.9879629624999999 0.325 0.9916666671875 0.3046296296875 0.9888888890624999 0.2509259265625 0.9925925921875001 0.234259259375 1 0.222222221875 1 0.171296296875 0.9861111109375 0.1740740734375 0.975 0.1351851859375 0.9740740734375001 0.072222221875 0.977777778125 0.05 0.9685185187500001 0.013888889062500001 0.9685185187500001 0 0.018518518749999997 0
1 0.71640625 0.56328125 0.09375 0.09140625
1 0.6234375 0.40390625 0.103125 0.08359375
1 0.78984375 0.28046875 0.1109375 0.11640625
1 0.40703125 0.1890625 0.1109375 0.08046875
1 0.16640625 0.04921875 0.0984375 0.07890625
1 0.26015625 0.3203125 0.08203125 0.09296875
1 0.31171875 0.62734375 0.11328125 0.0953125
1 0.446875 0.65546875 0.1078125 0.11328125
1 0.8 0.81875 0.146875 0.12890625
1 0.87734375 0.95546875 0.08046875 0.06875
1 0.28671875 0.96328125 0.09453125 0.053125
1 0.3109375 0.790625 0.07734375 0.08515625
3 0.45625 0.52109375 0.1125 0.06875
3 0.53984375 0.6984375 0.09375 0.1109375
3 0.4234375 0.73671875 0.11640625 0.09453125
3 0.54921875 0.8640625 0.065625 0.08671875
3 0.63046875 0.83671875 0.07421875 0.07265625
3 0.61796875 0.721875 0.07890625 0.09296875
3 0.6578125 0.92265625 0.07734375 0.12265625
3 0.771875 0.9359375 0.096875 0.09296875
3 0.9109375 0.68125 0.07734375 0.11640625
3 0.971875 0.62265625 0.05546875 0.10625
3 0.83203125 0.4703125 0.11953125 0.09375
3 0.5578125 0.21796875 0.1203125 0.0703125
3 0.5296875 0.28203125 0.09765625 0.08046875
3 0.43125 0.3296875 0.07734375 0.08515625
3 0.2609375 0.49609375 0.0609375 0.08125
3 0.4 0.565625 0.1140625 0.07890625
3 0.3484375 0.496875 0.084375 0.065625
3 0.16796875 0.1546875 0.0703125 0.1109375
3 0.33671875 0.12109375 0.07265625 0.07265625
3 0.696875 0.05 0.075 0.08125
3 0.225 0.85625 0.1015625 0.1421875
3 0.15625 0.65703125 0.1046875 0.09453125
3 0.47890625 0.93125 0.06875 0.0578125
3 0.36171875 0.85078125 0.10625 0.078125
3 0.37890625 0.37109375 0.1 0.071875
3 0.46171875 0.23828125 0.06875 0.0671875
3 0.7765625 0.18984375 0.07890625 0.08359375
3 0.66171875 0.65 0.090625 0.08046875
3 0.359375 0.42578125 0.065625 0.04609375
3 0.1125 0.440625 0.0671875 0.075
3 0.115625 0.53125 0.08984375 0.09140625
3 0.0984375 0.22109375 0.07578125 0.08203125
3 0.109375 0.32890625 0.0640625 0.08984375
3 0.5703125 0.078125 0.0984375 0.08046875
3 0.3875 0.0796875 0.0875 0.07734375