4 0.73444444375 1 0.76555555625 0.97277676875 0.847777778125 0.9310344828125 0.8911111109375 0.9183303078125 0.97 0.9274047187500001 0.9888888890624999 0.920145190625 0.9966666671875 0.9092558984375 1 0.5335753171875 0.9922222218750001 0.46279491874999995 0.9288888890625 0.3901996375 0.8633333328124999 0.3375680578125 0.7322222218750001 0.26134301249999997 0.61 0.223230490625 0.5133333328125 0.210526315625 0.3433333328125 0.2323049 0.23777777812499998 0.27041742343749997 0.14777777812499998 0.32486388437499997 0.07444444375 0.3938294015625 0.04 0.4464609796875 0 0.5172413796875001 0 0.8802177859375 0.18555555625 0.9582577125 0.20111111093749998 1 0.73444444375 1
0 0.65703125 0.42578125 0.0359375 0.04296875
0 0.42578125 0.48515625 0.04765625 0.03828125
0 0.421875 0.60625 0.0453125 0.06796875
0 0.3453125 0.625 0.034375 0.05625
0 0.23515625 0.49921875 0.03125 0.071875
0 0.09296875 0.5265625 0.0421875 0.04609375
0 0.109375 0.6609375 0.04765625 0.05546875
0 0.184375 0.80625 0.0515625 0.053125
0 0.21953125 0.38671875 0.03828125 0.0390625
0 0.32109375 0.39609375 0.04296875 0.0359375
0 0.43359375 0.34609375 0.03046875 0.03359375
0 0.50234375 0.43203125 0.0453125 0.05546875
0 0.5921875 0.43125 0.03671875 0.06171875
0 0.609375 0.48125 0.0375 0.0640625
0 0.553125 0.5640625 0.03828125 0.05859375
0 0.66875 0.5953125 0.0421875 0.06953125
0 0.8 0.6796875 0.05859375 0.06015625
0 0.79296875 0.8234375 0.05078125 0.0609375
0 0.66640625 0.71875 0.05 0.06171875
0 0.578125 0.76953125 0.02890625 0.06796875
0 0.75234375 0.509375 0.0359375 0.059375
0 0.8953125 0.64453125 0.0328125 0.04765625
0 0.68125 0.3578125 0.04375 0.05859375
0 0.71640625 0.3640625 0.03515625 0.04453125
0 0.47109375 0.31875 0.03125 0.0375
0 0.58359375 0.3140625 0.0375 0.034375
0 0.49765625 0.68125 0.05 0.04296875
0 0.41328125 0.7 0.05703125 0.05234375
0 0.34765625 0.9390625 0.03515625 0.05546875
0 0.18125 0.5859375 0.040625 0.04453125
0 0.33984375 0.49765625 0.03046875 0.03828125