4 1 0.35378494374999997 0.9376217125 0.2558391125 0.8925489515624999 0.2007137578125 0.799894925 0.1743240375 0.716250196875 0.1658875953125 0.56477603125 0.173368121875 0.441514284375 0.2079712640625 0.35352360625 0.2499650875 0.2228110765625 0.36081878125 0.1550423078125 0.45027230781250005 0.10921562343749999 0.544952465625 0.085274428125 0.6427320109375 0.0850520984375 0.70563235625 0.09005504375 0.7867793546875 0.22852215 1 0.6481067484375 1 0.968941171875 0.7916476890624999 0.9802063125 0.7518720390625 1 0.7177043796875 1 0.35378494374999997
0 0.59140625 0.35234375 0.053125 0.05625
0 0.4296875 0.528125 0.0609375 0.0578125
0 0.4921875 0.63203125 0.075 0.08125
0 0.43828125 0.6890625 0.059375 0.065625
0 0.27734375 0.64375 0.065625 0.0765625
0 0.1734375 0.74375 0.0609375 0.0609375
0 0.26015625 0.84765625 0.0703125 0.071875
0 0.40234375 0.92890625 0.071875 0.071875
0 0.203125 0.5578125 0.053125 0.053125
0 0.29375 0.51015625 0.05625 0.053125
0 0.36015625 0.40703125 0.04375 0.0453125
0 0.46484375 0.44140625 0.06875 0.071875
0 0.53984375 0.3921875 0.0640625 0.071875
0 0.58125 0.425 0.065625 0.0734375
0 0.5796875 0.525 0.0640625 0.0703125
0 0.69375 0.48828125 0.0734375 0.08125
0 0.84921875 0.4875 0.08125 0.0828125
0 0.921875 0.61171875 0.075 0.078125
0 0.75859375 0.59296875 0.075 0.0796875
0 0.7125 0.68359375 0.0609375 0.0734375
0 0.71640625 0.3703125 0.0625 0.06875
0 0.91015625 0.40625 0.053125 0.0578125
0 0.57421875 0.28203125 0.06875 0.0734375
0 0.6078125 0.26796875 0.053125 0.05625
0 0.37734375 0.3640625 0.046875 0.0484375
0 0.46875 0.2984375 0.05 0.05
0 0.596875 0.653125 0.065625 0.0625
0 0.5359375 0.71484375 0.0765625 0.075
0 0.61171875 0.9515625 0.059375 0.065625
0 0.2796875 0.7453125 0.0578125 0.059375
0 0.3640625 0.58515625 0.046875 0.0484375