4 0.290100915625 0 0.278014190625 0.0172910140625 0.250065215625 0.0469477203125 0.2374655328125 0.0692437328125 0.1880373671875 0.126906821875 0.16759448906250002 0.13715696718749998 0.1258067015625 0.190485878125 0.09269561093749999 0.221724371875 0.069357721875 0.2517950484375 0.03659206875 0.2771147953125 0.0193813 0.2989968375 0 0.31565185156250003 0 0.7226143421875 0.30806798281250003 1 0.7226143421875 1 0.8895398078125 0.8146104890625001 0.930225528125 0.7652730953125 0.97972500625 0.6964606078125 0.996107834375 0.6838007359375 1 0.67900100625 1 0.2773856578125 0.6919320171875001 0 0.290100915625 0
1 0.61875 0.6921875 0.13125 0.13125
1 0.65625 0.5109375 0.1328125 0.13125
1 0.8625 0.53046875 0.1609375 0.1609375
1 0.6390625 0.20703125 0.1359375 0.134375
1 0.4421875 0.20625 0.1234375 0.1234375
1 0.275 0.46875 0.1484375 0.146875
1 0.35625 0.5796875 0.15625 0.15625
1 0.50859375 0.9203125 0.1953125 0.159375
1 0.0421875 0.7015625 0.084375 0.103125
1 0.16484375 0.58984375 0.1140625 0.115625
3 0.453125 0.48671875 0.1296875 0.1265625
3 0.396875 0.67421875 0.14375 0.1453125
3 0.284375 0.625 0.15 0.1484375
3 0.29296875 0.803125 0.10625 0.1078125
3 0.371875 0.8375 0.103125 0.103125
3 0.4390625 0.74375 0.1203125 0.121875
3 0.334375 0.91953125 0.1390625 0.1421875
3 0.409375 0.96953125 0.134375 0.0609375
3 0.684375 0.909375 0.1359375 0.1375
3 0.76875 0.90703125 0.1125 0.115625
3 0.76640625 0.7 0.1515625 0.15
3 0.73203125 0.32890625 0.1359375 0.1328125
3 0.66796875 0.3578125 0.1265625 0.125
3 0.5625 0.32734375 0.1140625 0.115625
3 0.325 0.3375 0.1 0.1015625
3 0.38203125 0.48203125 0.1375 0.134375
3 0.38984375 0.39609375 0.10625 0.1046875
3 0.48359375 0.04296875 0.1265625 0.0859375
3 0.63203125 0.109375 0.103125 0.103125
3 0.94609375 0.29765625 0.1078125 0.1109375
3 0.07109375 0.58046875 0.1421875 0.1734375
3 0.13984375 0.38671875 0.140625 0.140625
3 0.19609375 0.80625 0.0890625 0.0890625
3 0.1625 0.66796875 0.13125 0.1296875
3 0.49609375 0.3234375 0.121875 0.1203125
3 0.646875 0.2796875 0.0953125 0.0953125
3 0.91328125 0.4546875 0.1140625 0.115625
3 0.51953125 0.71953125 0.121875 0.1203125
3 0.4453125 0.35078125 0.0796875 0.078125
3 0.2515625 0.196875 0.1 0.1
3 0.19375 0.26640625 0.128125 0.128125
3 0.38828125 0.03984375 0.1109375 0.0796875
3 0.32421875 0.11171875 0.1078125 0.109375
3 0.834375 0.23359375 0.1265625 0.125
3 0.69765625 0.1125 0.1171875 0.115625