4 0.4912724609375 0 0.313209028125 0.006218112499999999 0.2664356578125 0.0198958484375 0.24825156406249999 0.0297957546875 0.23022904375 0.0443224703125 0.1820896640625 0.0719452625 0.1399871734375 0.1132545984375 0.11430324218750001 0.12063693281250001 0.10515832031250001 0.1506039703125 0.090901875 0.1668521515625 0.0885781890625 0.1799041609375 0.0946150765625 0.19359070312499999 0.0898384484375 0.2159932734375 0.0659846796875 0.249253428125 0.030500734374999998 0.32090581875 0.02572410625 0.3433083890625 0.0086710140625 0.38559596093750004 0.0002693234375 0.43684632187499994 0 0.43890248437499996 0 0.508727528125 0.001855675 0.5618671171875 0.01923780625 0.6881892953125 0.041458246875 0.714281559375 0.0585466015625 0.7525974140625 0.06723031562500001 0.762485565625 0.08715938437500001 0.8025551999999999 0.09335784375 0.8208685515624999 0.1060661484375 0.839881065625 0.1415324828125 0.8738491859374999 0.1600191609375 0.899145346875 0.1732327421875 0.9060958390625 0.203943009375 0.9365240859374999 0.21907194218749998 0.9452606749999999 0.22054665 0.9609595125 0.230188040625 0.9717407109374999 0.2832568109375 0.9791524125000001 0.32927814375 0.9970016078124999 0.3541258484375 1 0.5087275499999999 1 0.6284931734375 0.9958176921874999 0.6613861140624999 0.9826246703124999 0.6655282078125 0.9685826703125 0.680806959375 0.9550782609375 0.7425359375 0.9186424953125 0.8282479390624999 0.852648025 0.852230965625 0.8230893203124999 0.8863929718750001 0.7931751546875 0.917928709375 0.7411169359375 0.9333690328124999 0.732239334375 0.9463240984375 0.731786934375 0.9557392890624999 0.7360906 0.973224221875 0.732700540625 0.9799485156250001 0.713009428125 0.9840142265624999 0.6702488953125 0.9765437546875001 0.588978621875 0.9850306359375001 0.5136365374999999 0.9834883515625 0.41640891093750004 0.974437425 0.3694739703125 0.9520554140625 0.338754896875 0.9213010765625 0.28053348125 0.8127487671875 0.1434976828125 0.7982866796875 0.127325884375 0.77935935625 0.11594246875 0.7461197625 0.06614625156250001 0.6757687515625 0.014866525 0.6447361625 0 0.4912724609375 0
3 0.2 0.64765625 0.078125 0.1015625
3 0.1703125 0.46796875 0.1078125 0.1078125
3 0.25078125 0.20859375 0.059375 0.10625
3 0.375 0.2125 0.09375 0.078125
3 0.57265625 0.18671875 0.11875 0.0703125
3 0.71953125 0.32421875 0.1171875 0.0484375
3 0.60078125 0.5109375 0.046875 0.0765625
3 0.4796875 0.63125 0.0765625 0.10625
3 0.29140625 0.72421875 0.0578125 0.04375
3 0.57109375 0.78515625 0.0640625 0.10625
3 0.72734375 0.66953125 0.0765625 0.09375
3 0.8078125 0.49921875 0.084375 0.08125
3 0.721875 0.228125 0.0453125 0.06875
3 0.40546875 0.371875 0.0765625 0.053125
3 0.3390625 0.42734375 0.0703125 0.0765625
3 0.35625 0.6484375 0.0828125 0.06875
3 0.83359375 0.44375 0.1109375 0.0484375
3 0.2125 0.34375 0.0734375 0.0375
3 0.40546875 0.32109375 0.0953125 0.059375
3 0.56796875 0.3703125 0.0484375 0.0375
0 0.83203125 0.64453125 0.040625 0.046875
0 0.43359375 0.1359375 0.0421875 0.05
0 0.38046875 0.1203125 0.05 0.0390625
0 0.21328125 0.3 0.0421875 0.0375
0 0.2265625 0.3796875 0.0515625 0.059375
0 0.3046875 0.41171875 0.05 0.053125
0 0.30234375 0.4796875 0.046875 0.034375
0 0.3515625 0.4984375 0.0296875 0.040625
0 0.81796875 0.421875 0.0515625 0.04375
0 0.64921875 0.3359375 0.034375 0.0375
0 0.69609375 0.35625 0.0375 0.04375
0 0.81484375 0.26875 0.0375 0.0390625
0 0.35546875 0.25859375 0.046875 0.046875
0 0.315625 0.24609375 0.0328125 0.04375
0 0.2625 0.64765625 0.0484375 0.05
0 0.234375 0.68984375 0.0515625 0.0421875
0 0.4203125 0.83359375 0.040625 0.046875
0 0.2953125 0.75859375 0.04375 0.0390625
0 0.58046875 0.7421875 0.0609375 0.0578125
0 0.69296875 0.7703125 0.04375 0.046875
0 0.77265625 0.69453125 0.0359375 0.0375
0 0.71171875 0.56484375 0.040625 0.040625
0 0.6890625 0.5140625 0.040625 0.0375
0 0.56875 0.425 0.05 0.059375
0 0.80625 0.41875 0.0765625 0.053125
0 0.47734375 0.365625 0.04375 0.040625
0 0.36875 0.33984375 0.040625 0.0390625
0 0.4984375 0.53515625 0.0515625 0.071875
0 0.4921875 0.59609375 0.0359375 0.04375
0 0.4625 0.75546875 0.046875 0.046875
0 0.47734375 0.21953125 0.0421875 0.05625
1 0.38203125 0.578125 0.0734375 0.065625
1 0.3296875 0.3046875 0.04375 0.05
1 0.28359375 0.14765625 0.04375 0.065625
1 0.52734375 0.1046875 0.0453125 0.0546875
1 0.828125 0.5640625 0.0421875 0.0375
1 0.3734375 0.79140625 0.0546875 0.0546875
1 0.49453125 0.80078125 0.06875 0.05625
1 0.23125 0.4953125 0.053125 0.0703125