4 0.452935153125 0 0.42030244687499996 0.015964415625 0.401740675 0.018604414062499998 0.354710578125 0.0435378234375 0.33125717187500003 0.05043005625 0.228870721875 0.11612282656249999 0.16719318125 0.172192021875 0.09679206875 0.25915491562500004 0.08937476562499999 0.29013995625 0.0539458515625 0.336887071875 0.0345894578125 0.369662559375 0.026930065625 0.3947237265625 0.0251945453125 0.41954280468749994 0.0285927515625 0.4460335203125 0.022536643749999998 0.5138680734375 0.0240805234375 0.54810505 0.0184536671875 0.591029184375 0.039865585937499996 0.62271750625 0.0419575265625 0.6491168796875 0.055285275 0.7025550296875 0.0802461484375 0.767964209375 0.0983467265625 0.8000773078125001 0.1870361890625 0.9021028624999999 0.202985425 0.8992801781249999 0.24408269531250001 0.9310323796875 0.2894047375 0.9492971328124999 0.35878764687500003 0.9613684593749999 0.496128390625 0.9683469499999999 0.53856834375 0.9621260578124999 0.5705262203125 0.965017096875 0.59692559375 0.9629251578125 0.7114568109375 0.9394302515625 0.7497633359375 0.9453905406249999 1 0.727863128125 1 0.3130576609375 0.727863128125 0 0.452935153125 0
1 0.7046875 0.6359375 0.309375 0.309375
1 0.51328125 0.234375 0.1171875 0.1171875
1 0.20703125 0.49375 0.1390625 0.1390625
1 0.4296875 0.39296875 0.1578125 0.1546875
1 0.5953125 0.28046875 0.09375 0.0953125
1 0.359375 0.14765625 0.0953125 0.09375
1 0.39921875 0.23125 0.0890625 0.0890625
1 0.2125 0.246875 0.1515625 0.146875
1 0.80859375 0.31875 0.1703125 0.16875
1 0.78359375 0.17109375 0.1890625 0.1875
1 0.625 0.06015625 0.134375 0.1203125
1 0.7 0.54296875 0.2375 0.2421875
3 0.52734375 0.51171875 0.14375 0.15
3 0.4390625 0.7796875 0.3421875 0.3359375
3 0.28203125 0.6828125 0.140625 0.140625
3 0.7125 0.20546875 0.1859375 0.184375
3 0.83203125 0.32109375 0.3359375 0.3296875
3 0.60078125 0.0875 0.2453125 0.175
3 0.69296875 0.0875 0.1859375 0.175
3 0.22890625 0.278125 0.3125 0.3140625
1 0.3921875 0.6765625 0.2234375 0.2171875
2 0.19375 0.57578125 0.184375 0.1796875
2 0.10859375 0.37265625 0.196875 0.19375
2 0.43203125 0.08359375 0.1484375 0.1453125
2 0.6484375 0.23828125 0.146875 0.14375
2 0.34453125 0.778125 0.2703125 0.2671875