4 0.33055555625 0 0.2833333328125 0.0120370375 0.2648148140625 0.021296296875000002 0.246296296875 0.0351851859375 0.197222221875 0.061111110937500004 0.15370370312499998 0.10092592656249999 0.127777778125 0.1074074078125 0.1175925921875 0.13703703750000001 0.102777778125 0.15277777812499999 0.1 0.165740740625 0.10555555624999999 0.17962962968750001 0.1 0.2018518515625 0.075 0.234259259375 0.037037037499999995 0.3046296296875 0.03148148125 0.32685185156249996 0.0129629625 0.36851851875 0.002777778125 0.41944444374999995 0 0.4361111109375 0 0.54444444375 0.0129629625 0.671296296875 0.034259259375000004 0.6981481484375001 0.05 0.7370370375 0.058333332812500006 0.747222221875 0.07685185156249999 0.7879629625 0.0824074078125 0.80648148125 0.09444444375 0.8259259265625 0.12870370312499999 0.8611111109375 0.146296296875 0.8870370375000001 0.15925925937500002 0.89444444375 0.1888888890625 0.9259259265625 0.20370370312500002 0.9351851859375 0.2046296296875 0.9509259265625 0.2138888890625 0.9620370375 0.2666666671875 0.9712962968750001 0.3120370375 0.990740740625 0.3416666671875 0.9953703703125001 0.3490740734375 1 0.6111111109375 1 0.64444444375 0.9879629624999999 0.6490740734375 0.9740740734375001 0.6648148140625 0.9611111109375001 0.727777778125 0.9268518515625 0.815740740625 0.8638888890624999 0.840740740625 0.8351851859374999 0.8759259265624999 0.80648148125 0.909259259375 0.75555555625 0.925 0.747222221875 0.9379629625 0.747222221875 0.9472222218749999 0.7518518515625 0.9648148140625 0.7490740734375 0.972222221875 0.7296296296875 0.977777778125 0.6870370375 0.9731481484375 0.60555555625 0.984259259375 0.5305555562500001 0.9861111109375 0.43333333281249997 0.978703703125 0.3861111109375 0.9574074078124999 0.3546296296875 0.928703703125 0.2953703703125 0.825 0.1546296296875 0.8111111109375001 0.1379629625 0.7925925921875 0.12592592656249998 0.7611111109375 0.075 0.6925925921875 0.021296296875000002 0.6518518515625 0 0.33055555625 0
3 0.1953125 0.63671875 0.07421875 0.0984375
3 0.171875 0.45625 0.1046875 0.10390625
3 0.2609375 0.2 0.05546875 0.10390625
3 0.38515625 0.20859375 0.09140625 0.075
3 0.58359375 0.1890625 0.1171875 0.065625
3 0.72578125 0.33203125 0.11640625 0.04453125
3 0.6 0.5140625 0.04453125 0.075
3 0.475 0.63046875 0.07265625 0.103125
3 0.28359375 0.7171875 0.05625 0.04140625
3 0.5609375 0.7875 0.0609375 0.10390625
3 0.72109375 0.67734375 0.07421875 0.090625
3 0.8078125 0.51015625 0.08125 0.078125
3 0.73125 0.2359375 0.04296875 0.06796875
3 0.41015625 0.36875 0.07421875 0.05078125
3 0.34140625 0.421875 0.0671875 0.07421875
3 0.35078125 0.64296875 0.08046875 0.065625
3 0.83515625 0.45546875 0.109375 0.04453125
3 0.21796875 0.33359375 0.071875 0.03515625
3 0.41171875 0.31796875 0.09375 0.05546875
3 0.57265625 0.37265625 0.04765625 0.03515625
0 0.8265625 0.65625 0.03828125 0.04609375
0 0.44609375 0.13359375 0.03984375 0.0484375
0 0.39375 0.11640625 0.0484375 0.03671875
0 0.2203125 0.28984375 0.04140625 0.03671875
0 0.23125 0.3703125 0.04921875 0.0578125
0 0.3078125 0.4046875 0.04765625 0.05078125
0 0.303125 0.47265625 0.0453125 0.03359375
0 0.3515625 0.49296875 0.02890625 0.0390625
0 0.8203125 0.4328125 0.05078125 0.0421875
0 0.6546875 0.34140625 0.0328125 0.0359375
0 0.70078125 0.36328125 0.03671875 0.04296875
0 0.82265625 0.2796875 0.0359375 0.03828125
0 0.3640625 0.25390625 0.0453125 0.04609375
0 0.32421875 0.23984375 0.03125 0.0421875
0 0.2578125 0.6390625 0.04609375 0.0484375
0 0.228125 0.68046875 0.05078125 0.03984375
0 0.40859375 0.83046875 0.03984375 0.0453125
0 0.28671875 0.7515625 0.04296875 0.03828125
0 0.571875 0.74453125 0.059375 0.05625
0 0.68359375 0.7765625 0.0421875 0.04609375
0 0.765625 0.70390625 0.03515625 0.0359375
0 0.709375 0.571875 0.03984375 0.0390625
0 0.68828125 0.5203125 0.0390625 0.03671875
0 0.57109375 0.42734375 0.04765625 0.0578125
0 0.80859375 0.4296875 0.07421875 0.05078125
0 0.48203125 0.36484375 0.0421875 0.03984375
0 0.37421875 0.33515625 0.0390625 0.03828125
0 0.496875 0.53515625 0.04921875 0.0703125
0 0.4890625 0.59609375 0.03515625 0.0421875
0 0.45390625 0.75390625 0.04453125 0.04609375
0 0.4875 0.21875 0.03984375 0.05546875
1 0.3796875 0.57421875 0.071875 0.0625
1 0.33671875 0.29921875 0.04140625 0.0484375
1 0.29609375 0.140625 0.04140625 0.0640625
1 0.54140625 0.10625 0.04296875 0.053125
1 0.82578125 0.57578125 0.04140625 0.03671875
1 0.36328125 0.78671875 0.053125 0.053125
1 0.484375 0.80078125 0.0671875 0.0546875
1 0.23125 0.4859375 0.05078125 0.06796875