4 1 0.3982738484375 0.8423095125 0.026778340625 0.7772936625 0.01816391875 0.61647416875 0.0089742734375 0.57377834375 0.0150269046875 0.5553092453125 0.0118017890625 0.5028761187499999 0.020981771875 0.47844078593750006 0.0202891734375 0.360765303125 0.0511275578125 0.2847801421875 0.0853931234375 0.19095169218750002 0.146344609375 0.174322515625 0.1735210625 0.1261819625 0.207032075 0.0976447546875 0.23222196093749997 0.0826159125 0.253689665625 0.07329581874999999 0.27675770625 0.06834162499999999 0.303001978125 0.04161989375 0.3656450296875 0.032508403125 0.398683415625 0.0138926578125 0.43776789843749997 0.024464371874999998 0.47452192968749995 0.018296070312500003 0.500275671875 0.0144582171875 0.5552168734375 0.01798486875 0.625138034375 0.02527605 0.6612727921875 0.078097109375 0.7857114109375 0.09413799218749999 0.7879554625 0.1234118484375 0.8308533578124999 0.160871553125 0.8622294500000001 0.2231283765625 0.8951504625 0.3515907140625 0.9442280265624999 0.3938758703125 0.9514262718750001 0.42337623593749996 0.964051340625 0.44912997656250003 0.9702196437499999 0.5653159624999999 0.9832667515625 0.5983790453125 1 0.60172615 1 1 0.8309427812499999 1 0.3982738484375
1 0.653125 0.6921875 0.2875 0.2875
1 0.59453125 0.25078125 0.109375 0.1078125
1 0.2234375 0.40390625 0.13125 0.128125
1 0.46640625 0.37578125 0.153125 0.1375
1 0.65859375 0.3203125 0.084375 0.0921875
1 0.475 0.12109375 0.090625 0.084375
1 0.48671875 0.21328125 0.0859375 0.0796875
1 0.3046875 0.1703125 0.1484375 0.1296875
1 0.85 0.42265625 0.1625 0.153125
1 0.87109375 0.27421875 0.178125 0.171875
1 0.75703125 0.11328125 0.121875 0.13125
1 0.6765625 0.60234375 0.2109375 0.2359375
3 0.52265625 0.51953125 0.1203125 0.1546875
3 0.35546875 0.746875 0.33125 0.3
3 0.2359375 0.60625 0.13125 0.1296875
3 0.79296875 0.2859375 0.178125 0.1671875
3 0.8546875 0.43203125 0.290625 0.2953125
3 0.7328125 0.109375 0.2453125 0.203125
3 0.81171875 0.16484375 0.1875 0.1515625
3 0.31015625 0.20546875 0.2875 0.2953125
1 0.3421875 0.634375 0.2203125 0.1890625
2 0.18515625 0.47734375 0.1828125 0.1546875
2 0.1671875 0.2578125 0.190625 0.1734375
2 0.5640625 0.08359375 0.1421875 0.1296875
2 0.721875 0.296875 0.14375 0.1265625
2 0.265625 0.71640625 0.25625 0.24375