4 0.4694186875 0 0.28834535781250004 0.022233009375 0.2505036578125 0.0483356140625 0.1890407 0.109989325 0.1640001875 0.164372284375 0.1470866484375 0.1785764390625 0.135332440625 0.1968115046875 0.0495537109375 0.34914148749999996 0.028285845312500002 0.4114571390625 0.0109849171875 0.44529932812500006 0.009387664062499999 0.49307229843749995 0.023074121875 0.5893441578124999 0.0432426125 0.662431015625 0.0485775859375 0.7438693562500001 0.0592824625 0.7854674171875 0.0690043390625 0.8038641890625 0.086804325 0.8044772640625 0.09543035625 0.7987537234375 0.1082966953125 0.7971739359375001 0.124935684375 0.8035268406249999 0.164226865625 0.8500108609374999 0.2026478875 0.8742126171875 0.23095964218749998 0.8996556328124999 0.3259401984375 0.951429290625 0.39260899843749997 0.9777599312499999 0.4098121984375 0.9887079562500001 0.415182496875 1 0.5305813109375 1 0.71073561875 0.9778798328124999 0.7175236015625 0.972381975 0.7463681671875 0.9641759109375 0.789030671875 0.9393471453125001 0.8402866328125 0.9237249109375 0.8481227703125 0.9115681999999999 0.8471234828125 0.895831946875 0.8606994484375001 0.8848362328125001 0.8862715968750001 0.8499784640625 0.8982351984375001 0.8410464843750001 0.912537084375 0.8131698078125 0.9422529859375001 0.774071734375 0.9518306171875001 0.7533052796875 0.9550879234374999 0.73424774375 0.9685033609374999 0.6915538375 0.975533315625 0.6804289953125 0.9864173640624999 0.6399116640625 1 0.617675496875 1 0.46941869374999995 0.988486978125 0.3756526578125 0.98369875 0.359448746875 0.9673831749999999 0.310143678125 0.9439248015624999 0.271044428125 0.9357024484375 0.2496648984375 0.889446465625 0.1844455796875 0.8606833421875001 0.15532646562500002 0.8524609875 0.1339469359375 0.8562825046875 0.119484521875 0.85194564375 0.1069567078125 0.8353229437499999 0.09313876875 0.8216027328125 0.06497125625 0.7950801609375 0.06169766249999999 0.7470338171875001 0.027483193750000003 0.6951659578125 0.007731140625000001 0.6817047328125 0 0.4694186875 0
3 0.81875 0.5984375 0.0859375 0.10625
3 0.8203125 0.41640625 0.1171875 0.115625
3 0.70078125 0.1734375 0.0671875 0.109375
3 0.578125 0.196875 0.1 0.0859375
3 0.37890625 0.2015625 0.125 0.0796875
3 0.25546875 0.3609375 0.1203125 0.0578125
3 0.40234375 0.52578125 0.053125 0.0796875
3 0.540625 0.6265625 0.084375 0.1109375
3 0.74140625 0.6890625 0.0609375 0.0484375
3 0.47421875 0.79296875 0.0734375 0.1109375
3 0.30234375 0.703125 0.084375 0.0984375
3 0.19609375 0.54765625 0.090625 0.0875
3 0.23828125 0.26640625 0.0515625 0.0734375
3 0.5734375 0.35859375 0.0796875 0.059375
3 0.64765625 0.403125 0.075 0.08125
3 0.665625 0.6234375 0.0875 0.075
3 0.16171875 0.496875 0.1140625 0.0578125
3 0.759375 0.30078125 0.075 0.04375
3 0.565625 0.30859375 0.1 0.0671875
3 0.4125 0.3828125 0.0515625 0.040625
0 0.19453125 0.69453125 0.04375 0.05
0 0.50859375 0.1296875 0.0453125 0.053125
0 0.55859375 0.10625 0.053125 0.0421875
0 0.75234375 0.25703125 0.0453125 0.0421875
0 0.75078125 0.33828125 0.05625 0.0640625
0 0.67890625 0.38203125 0.053125 0.05625
0 0.6921875 0.44921875 0.0484375 0.0390625
0 0.64609375 0.475 0.0328125 0.0421875
0 0.17421875 0.47265625 0.05625 0.0484375
0 0.32734375 0.36171875 0.0375 0.0390625
0 0.284375 0.3890625 0.0421875 0.046875
0 0.153125 0.3203125 0.040625 0.0421875
0 0.6046875 0.2390625 0.05 0.0515625
0 0.64296875 0.2203125 0.0359375 0.0453125
0 0.75703125 0.60859375 0.0515625 0.053125
0 0.7921875 0.64609375 0.0546875 0.0453125
0 0.63125 0.8171875 0.0453125 0.05
0 0.7421875 0.7234375 0.046875 0.04375
0 0.45859375 0.7515625 0.065625 0.0625
0 0.3515625 0.796875 0.046875 0.0515625
0 0.2609375 0.734375 0.0390625 0.040625
0 0.30078125 0.596875 0.04375 0.04375
0 0.315625 0.54296875 0.04375 0.040625
0 0.4203125 0.43671875 0.0546875 0.0625
0 0.18515625 0.46796875 0.0796875 0.059375
0 0.5015625 0.36328125 0.046875 0.0453125
0 0.6046875 0.32109375 0.04375 0.0421875
0 0.50703125 0.534375 0.0578125 0.0765625
0 0.52265625 0.59375 0.040625 0.046875
0 0.5765625 0.74609375 0.05 0.0515625
0 0.478125 0.21953125 0.046875 0.059375
1 0.628125 0.559375 0.0796875 0.0703125
1 0.6375 0.28046875 0.046875 0.053125
1 0.65859375 0.11875 0.0484375 0.06875
1 0.4109375 0.1140625 0.0484375 0.0578125
1 0.1859375 0.61484375 0.0453125 0.0421875
1 0.6703125 0.76796875 0.059375 0.059375
1 0.55234375 0.796875 0.0734375 0.0625
1 0.76484375 0.453125 0.059375 0.0734375