4 1 0.46296296249999996 0.9925925921875001 0.4268518515625 0.9685185187500001 0.3611111109375 0.94351851875 0.3120370375 0.9277777781250001 0.290740740625 0.9231481484374999 0.252777778125 0.890740740625 0.22407407343750002 0.86944444375 0.197222221875 0.8203703703125 0.15 0.8055555562500001 0.127777778125 0.7879629625 0.1101851859375 0.765740740625 0.09629629687499999 0.7296296296875 0.08425925937499999 0.672222221875 0.072222221875 0.646296296875 0.053703703125 0.5361111109375 0.034259259375000004 0.45277777812500003 0.0324074078125 0.3324074078125 0.05 0.3101851859375 0.060185185937499996 0.25833333281250004 0.072222221875 0.24259259218749998 0.0824074078125 0.2009259265625 0.09351851875 0.05648148125 0.1648148140625 0 0.1981481484375 0 0.91851851875 0.0268518515625 0.934259259375 0.071296296875 0.9685185187500001 0.0981481484375 1 0.603703703125 1 0.628703703125 0.9703703703125001 0.73055555625 0.9129629625 0.7518518515625 0.897222221875 0.7740740734375 0.8740740734375001 0.8101851859375 0.8509259265625 0.909259259375 0.75555555625 0.953703703125 0.7009259265625001 0.9759259265625 0.6574074078125001 0.9861111109375 0.60648148125 1 0.5981481484375 1 0.46296296249999996
1 0.434375 0.73671875 0.2203125 0.21796875
1 0.315625 0.3078125 0.08515625 0.08125
1 0.7171875 0.303125 0.10078125 0.096875
1 0.4828125 0.37265625 0.12578125 0.0953125
1 0.28359375 0.396875 0.059375 0.075
1 0.375 0.14140625 0.07265625 0.0609375
1 0.4 0.23125 0.06875 0.0578125
1 0.55078125 0.1203125 0.1234375 0.08828125
1 0.14765625 0.565625 0.13046875 0.11015625
1 0.0703125 0.4375 0.13984375 0.1265625
1 0.1125 0.24453125 0.0875 0.1046875
1 0.37734375 0.66328125 0.14609375 0.19453125
3 0.48671875 0.5265625 0.071875 0.13671875
3 0.7296875 0.67109375 0.26953125 0.2109375
3 0.784375 0.49453125 0.1015625 0.09765625
3 0.146875 0.4171875 0.140625 0.12265625
3 0.13203125 0.58359375 0.26328125 0.20859375
3 0.1328125 0.23125 0.21171875 0.13046875
3 0.08203125 0.31328125 0.1640625 0.0953125
3 0.559375 0.1546875 0.2140625 0.23046875
1 0.69765625 0.5625 0.1859375 0.12578125
2 0.78125 0.35625 0.1546875 0.103125
2 0.71171875 0.146875 0.1546875 0.12265625
2 0.278125 0.14140625 0.11640625 0.09140625
2 0.21640625 0.4 0.11953125 0.08671875
2 0.8 0.6078125 0.20234375 0.178125