4 0.722087809375 1 0.9749712984375 0.71834543125 0.9682329515625 0.689850984375 0.9284659468750001 0.6316174 0.8944750640624999 0.596028046875 0.8544311499999999 0.545020871875 0.7923653515625 0.48664466093750003 0.6590689953125 0.42020020156250004 0.5925893671875 0.40270418750000003 0.5496448828125 0.3964316609375 0.5155085953125 0.3955981609375 0.5041536046874999 0.3916038625 0.4256966390625 0.383258703125 0.3729076390625 0.3893033921875 0.3141971125 0.40745970312499996 0.302976403125 0.41853778750000004 0.2955388390625 0.4392520109375 0.286313890625 0.450881128125 0.26573116875 0.4709730078125 0.2526545453125 0.4716583234375 0.2457022625 0.4766120671875 0.177689915625 0.542461009375 0.15799810625 0.5795524984375 0.14807949843749998 0.6154761703125 0.157016421875 0.660901696875 0.1699476421875 0.6949722328125 0.1816313890625 0.7677901390625 0.20762811406249998 0.8510035921875 0.22117055937500002 0.9217572078125 0.30806798281250003 1 0.722087809375 1
4 0.494489246875 0 0.5031293828125001 0.046797728125 0.513585121875 0.07116359375 0.5299596078125 0.0958748953125 0.5818410140625 0.1475729484375 0.622441521875 0.17167024687500002 0.6443920953125 0.1901886765625 0.655058990625 0.1935634109375 0.6666908890625 0.1903313 0.7173387250000001 0.21849142968750002 0.7445912609375 0.22558633593750002 0.760146146875 0.22214863125 0.7986166109374999 0.23062251250000002 0.8326927062499999 0.1927771734375 0.8627772828125 0.15382976718750002 0.69193201875 0 0.494489246875 0
2 0.4 0.61953125 0.140625 0.140625
2 0.490625 0.9375 0.225 0.125
2 0.58984375 0.7984375 0.1546875 0.1546875
2 0.67890625 0.78359375 0.159375 0.1578125
2 0.73125 0.6859375 0.1515625 0.1515625
2 0.55546875 0.53125 0.128125 0.1265625
2 0.4359375 0.48046875 0.1421875 0.14375
2 0.71171875 0.5765625 0.1046875 0.1015625
2 0.84609375 0.8296875 0.075 0.078125
1 0.47578125 0.83515625 0.1453125 0.1453125
1 0.5125 0.56640625 0.1296875 0.1296875
1 0.86328125 0.69375 0.096875 0.0953125
1 0.82421875 0.7578125 0.128125 0.1234375
1 0.34921875 0.928125 0.109375 0.1078125
1 0.5765625 0.66875 0.10625 0.1046875
1 0.67109375 0.575 0.1203125 0.1203125
1 0.5390625 0.871875 0.0953125 0.0953125
1 0.396875 0.76875 0.08125 0.08125
1 0.503125 0.7015625 0.121875 0.121875
1 0.70390625 0.12421875 0.096875 0.0953125
1 0.62578125 0.0296875 0.0765625 0.059375
1 0.3390625 0.78828125 0.0765625 0.0765625
1 0.79375 0.65625 0.109375 0.10625
1 0.7953125 0.83203125 0.06875 0.0671875