3 0.5054432390625 1 0.50651668125 0.9993028984375 0.55130664375 0.9444537046875 0.5830976703124999 0.928492415625 0.591362625 0.9207830703125 0.6246498875000001 0.8710617968750001 0.6500921546875 0.809260290625 0.68299849375 0.6856223390625 0.6959535828125001 0.6202199875 0.7024551 0.5629120046875 0.6936735734374999 0.49288939374999996 0.6797511171874999 0.44259950156250005 0.6611864765625 0.4007889984375 0.6351837859375 0.3583441015625 0.6128607265625 0.311948275 0.5722313125 0.2626079265625 0.5171896078125 0.2187236546875 0.48768678750000005 0.21055941093750002 0.3832389578125 0.167532884375 0.3166027546875 0.1514756984375 0.25081538281250004 0.1403319953125 0.22902190781249998 0.1404327078125 0.180871559375 0.1576497734375 0.1515831734375 0.1618370640625 0.1097726703125 0.1804017046875 0.091930125 0.1841820484375 0.051545984375 0.2049430953125 0 0.447447884375 0 0.904892015625 0.4474478796875 1 0.5054432390625 1
4 0.56953125 0.50234375 0.0796875 0.0671875
3 0.3625 0.3296875 0.04375 0.0375
3 0.1234375 0.73046875 0.0453125 0.0390625
3 0.00546875 0.628125 0.0109375 0.05625
3 0.14296875 0.51015625 0.0421875 0.0453125
3 0.1078125 0.5375 0.059375 0.04375
3 0.08984375 0.57265625 0.046875 0.04375
3 0.3296875 0.45234375 0.0421875 0.0328125
3 0.496875 0.6203125 0.0484375 0.040625
3 0.396875 0.6265625 0.0484375 0.04375
3 0.33828125 0.71796875 0.0421875 0.0546875
3 0.17421875 0.87109375 0.05625 0.0609375
3 0.24140625 0.65859375 0.053125 0.053125
3 0.08125 0.68125 0.0484375 0.0609375
3 0.1546875 0.70625 0.05625 0.0515625
3 0.2578125 0.490625 0.0375 0.0375
3 0.103125 0.43515625 0.040625 0.0421875
3 0.475 0.328125 0.0453125 0.04375
3 0.11796875 0.90703125 0.0453125 0.0515625
3 0.37890625 0.5546875 0.053125 0.0421875
3 0.15546875 0.346875 0.040625 0.0484375
3 0.31171875 0.30078125 0.0359375 0.040625