3 1 0.3046296296875 0.9648148140625 0.2759259265625 0.9481481484375 0.26851851875 0.9111111109375001 0.2416666671875 0.8833333328125 0.23148148124999998 0.8398148140625 0.2046296296875 0.81851851875 0.2 0.7518518515625 0.197222221875 0.6833333328125 0.1990740734375 0.5722222218749999 0.21944444375 0.5416666671875 0.221296296875 0.478703703125 0.252777778125 0.42870370312499995 0.2925925921875 0.397222221875 0.3333333328125 0.36296296250000004 0.36944444375 0.3361111109375 0.40648148125 0.3120370375 0.45277777812500003 0.2888888890625 0.51944444375 0.2833333328125 0.5768518515625 0.2824074078125 0.64351851875 0.2888888890625 0.771296296875 0.3009259265625 0.8370370375 0.3231481484375 0.8925925921875001 0.3296296296875 0.9018518515625 0.3574074078125 0.9240740734375 0.3898148140625 0.9870370375 0.40277777812500004 1 1 1 1 0.3046296296875
4 0.43125 0.4875 0.0703125 0.053125
3 0.6703125 0.36171875 0.03828125 0.0296875
3 0.8203125 0.80390625 0.0390625 0.03203125
3 0.97734375 0.73359375 0.0453125 0.0484375
3 0.846875 0.584375 0.03515625 0.0390625
3 0.87578125 0.61796875 0.053125 0.03359375
3 0.8859375 0.65625 0.03984375 0.03671875
3 0.6765625 0.4890625 0.03828125 0.02578125
3 0.478125 0.61796875 0.0421875 0.03203125
3 0.57421875 0.6453125 0.0421875 0.03515625
3 0.6125 0.746875 0.03203125 0.04921875
3 0.74140625 0.93046875 0.04609375 0.05234375
3 0.7203125 0.70859375 0.04453125 0.0453125
3 0.871875 0.7640625 0.03828125 0.0546875
3 0.79453125 0.7734375 0.0484375 0.04296875
3 0.7390625 0.54140625 0.03125 0.03125
3 0.9015625 0.51875 0.03359375 0.03671875
3 0.56015625 0.33671875 0.03828125 0.0359375
3 0.7890625 0.97734375 0.03671875 0.0453125
3 0.60703125 0.57890625 0.04765625 0.0328125
3 0.86875 0.421875 0.03203125 0.04296875
3 0.72578125 0.34453125 0.0296875 0.03515625