4 0.7326624015625 1 0.9823021046875 0.7016361609375 0.9745734203125 0.6733942390625 0.9327983171875 0.6165839765625 0.897586090625 0.58220256875 0.8557864468749999 0.5326239765625 0.7917211562500001 0.47644939375 0.6561871218750001 0.41469738593749994 0.5891373890625 0.399532134375 0.5460001578125 0.3947621703125 0.5118555765624999 0.39512051718749996 0.500368103125 0.39152493593750004 0.421667690625 0.38592296875 0.369121803125 0.3938062859375 0.3110806875 0.41400050312500003 0.30025343437499996 0.4254634359375 0.29354331718750004 0.446424609375 0.28472983749999997 0.4583685875 0.2648608515625 0.47916655468749997 0.2518161109375 0.48030782031249997 0.24504094687500003 0.485501178125 0.179368125 0.553683603125 0.16098278593749998 0.59143973125 0.1523239390625 0.6276876734375 0.16284074531249998 0.672773634375 0.1769531328125 0.706372121875 0.191171071875 0.7787379125 0.22005606718749998 0.8609934031250001 0.23605952812500003 0.9312312921875 0.3180148828125 1 0.7326624015625 1
4 0.47693305312499995 0 0.4873109453125 0.0469645921875 0.498610671875 0.0709507140625 0.5158375937499999 0.095075503125 0.5694916328125 0.14493142812499998 0.610908390625 0.167597109375 0.6334918765625 0.18533819375 0.64427005 0.188338603125 0.6557820640625 0.1847025140625 0.7073818203125 0.21107790468749998 0.7348653625 0.21721739062499998 0.7502907999999999 0.21323892031249997 0.7890335625 0.220365040625 0.8217681171875 0.18135351718749998 0.850475121875 0.1413799 0.6819851171875 0 0.47693305312499995 0
2 0.40390625 0.62265625 0.140625 0.140625
2 0.5078125 0.9375 0.225 0.125
2 0.6 0.7953125 0.1546875 0.1546875
2 0.68828125 0.77734375 0.159375 0.15625
2 0.7375 0.678125 0.1515625 0.1515625
2 0.55703125 0.5296875 0.1296875 0.125
2 0.43515625 0.48203125 0.140625 0.14375
2 0.7140625 0.56953125 0.10625 0.1015625
2 0.8578125 0.8171875 0.075 0.078125
1 0.4875 0.8359375 0.14375 0.1453125
1 0.51484375 0.565625 0.1296875 0.1296875
1 0.8703125 0.68125 0.096875 0.0953125
1 0.8328125 0.746875 0.128125 0.1234375
1 0.3640625 0.9328125 0.109375 0.10625
1 0.58203125 0.665625 0.10625 0.103125
1 0.6734375 0.56875 0.1203125 0.1203125
1 0.55234375 0.8703125 0.0953125 0.09375
1 0.40625 0.771875 0.0796875 0.08125
1 0.51015625 0.70078125 0.1203125 0.121875
1 0.690625 0.1171875 0.0984375 0.0953125
1 0.60859375 0.02734375 0.0765625 0.0546875
1 0.34921875 0.79375 0.078125 0.075
1 0.79921875 0.64609375 0.109375 0.1046875
1 0.80625 0.82109375 0.06875 0.0671875