3 0.45915852187499995 1 0.46297476875 0.997970865625 0.5123747140625 0.9472340921875 0.545435884375 0.9341043125 0.5543413015625 0.927144640625 0.591835390625 0.8805137484375001 0.6225671984375001 0.8211648546875001 0.6661240765625001 0.700865359375 0.6847300578125 0.63684099375 0.6962015546875 0.5803177296875 0.6935563171875 0.509796215625 0.6840698921875 0.4584842703125 0.669219921875 0.415214853125 0.6470154953125 0.3706651875 0.6288210453125 0.32250032968750003 0.5926465328125 0.2698066484375 0.5416390453125 0.22129216875000002 0.5129600515625 0.210587653125 0.4126596875 0.1586216265625 0.34767653125 0.136817815625 0.28311073750000004 0.1199827703125 0.261391415625 0.1181836734375 0.21192372812500002 0.13113864375 0.182381846875 0.1327573484375 0.13911242968749998 0.14760732031249998 0.1210083015625 0.1498181984375 0.078968390625 0.1669805328125 0 0.4252745 0 0.8699805375 0.4252744984375 1 0.45915852187499995 1
4 0.56953125 0.5078125 0.0828125 0.071875
3 0.37734375 0.31796875 0.0453125 0.0390625
3 0.1046875 0.696875 0.046875 0.0421875
3 0.14375 0.47890625 0.0453125 0.046875
3 0.10625 0.503125 0.0609375 0.0484375
3 0.08515625 0.53671875 0.0484375 0.046875
3 0.334375 0.43828125 0.04375 0.0359375
3 0.48671875 0.61953125 0.05 0.0421875
3 0.38671875 0.6171875 0.05 0.0453125
3 0.3203125 0.703125 0.0453125 0.05625
3 0.14296875 0.84140625 0.059375 0.0640625
3 0.228125 0.63515625 0.05625 0.05625
3 0.0671875 0.64375 0.053125 0.0640625
3 0.13828125 0.675 0.059375 0.0546875
3 0.259375 0.46953125 0.0390625 0.0390625
3 0.11015625 0.40078125 0.0421875 0.0453125
3 0.48984375 0.3265625 0.046875 0.0453125
3 0.084375 0.871875 0.0484375 0.0546875
3 0.37421875 0.54453125 0.0546875 0.0453125
3 0.1703125 0.3171875 0.04375 0.05
3 0.3296875 0.28515625 0.0390625 0.0421875