4 0.425 1 0.4824074078125 0.95648148125 0.5574074078125 0.9120370375 0.6148148140624999 0.865740740625 0.647222221875 0.8490740734375001 0.684259259375 0.821296296875 0.7009259265625001 0.7879629625 0.7111111109375 0.747222221875 0.7046296296875 0.652777778125 0.702777778125 0.64444444375 0.69351851875 0.6351851859375001 0.6916666671875 0.60648148125 0.6925925921875 0.5916666671875 0.7009259265625001 0.571296296875 0.7 0.5555555562500001 0.66851851875 0.502777778125 0.6333333328124999 0.46296296249999996 0.5694444437499999 0.4166666671875 0.5583333328125 0.41203703750000004 0.5324074078125001 0.3898148140625 0.49629629687500004 0.365740740625 0.43518518593750005 0.334259259375 0.2916666671875 0.29444444375 0.20648148125 0.296296296875 0.1425925921875 0.30740740781250003 0.09351851875 0.3111111109375 0.025 0.32777777812500003 0.0009259265625 0.34444444375 0 1 0.425 1
4 0.4620370375 0 0.4583333328125 0.0490740734375 0.4583333328125 0.1 0.49259259218749996 0.11944444375 0.5018518515625 0.1324074078125 0.5268518515625 0.1453703703125 0.5833333328125 0.1583333328125 0.5898148140624999 0.16851851874999998 0.6 0.17314814843749998 0.628703703125 0.1740740734375 0.675 0.1833333328125 0.7481481484375 0.17962962968750001 0.7768518515625 0.172222221875 0.8009259265625 0.1611111109375 0.8888888890625 0.09351851875 0.9064814812499999 0.0759259265625 0.9111111109375001 0.0629629625 0.8981481484374999 0 0.4620370375 0
2 0.49453125 0.65546875 0.0984375 0.10078125
2 0.1796875 0.86875 0.16015625 0.159375
2 0.23359375 0.66171875 0.1046875 0.11484375
2 0.17734375 0.59140625 0.11953125 0.1046875
2 0.20390625 0.48359375 0.11015625 0.1046875
2 0.4375 0.4859375 0.1078125 0.07265625
2 0.5609375 0.528125 0.09140625 0.11015625
2 0.29140625 0.415625 0.09375 0.053125
2 0.021875 0.51328125 0.03671875 0.071875
1 0.29375 0.765625 0.09765625 0.1078125
1 0.44609375 0.540625 0.09375 0.08984375
1 0.1 0.40078125 0.075 0.0609375
1 0.08671875 0.475 0.1109375 0.0671875
1 0.32578125 0.91875 0.08984375 0.0640625
1 0.33046875 0.57421875 0.084375 0.0640625
1 0.32265625 0.44140625 0.08828125 0.08203125
1 0.221875 0.75 0.0703125 0.0640625
1 0.396875 0.76875 0.05234375 0.0625
1 0.36328125 0.64765625 0.084375 0.0875
1 0.6 0.084375 0.08125 0.05546875
1 0.72578125 0.0609375 0.07109375 0.03515625
1 0.4265625 0.821875 0.0625 0.04609375
1 0.17734375 0.41953125 0.09453125 0.0578125
1 0.05859375 0.54921875 0.0578125 0.03828125