4 0 0.57919221875 0.065131871875 0.7796475125 0.11629565625 0.8204131421874999 0.149756671875 0.838235875 0.23155678906250002 0.8628982546874999 0.32971752187500003 0.8842943828125 0.40055795156249996 0.890996625 0.4881069796875 0.8891954609375 0.5374900203124999 0.8803236578125 0.609190190625 0.8549772265625 0.618228753125 0.8417922499999999 0.5787703890625 0.7613547031250001 0.554418128125 0.7211008359375 0.5450813578125 0.692365209375 0.5355369890625 0.650374415625 0.527150571875 0.61825555 0.523027553125 0.5929499578125 0.4722479203125 0.501049284375 0.3484706109375 0.4846714125 0.370118153125 0.43459538750000004 0.41060599375000006 0.37942259375 0.447546815625 0.34487381875 0.5350754234374999 0.3051610640625 0.622142040625 0.245102078125 0.7010940765625 0.23892052968750002 0.795476796875 0.2707675609375 0.8732883234375001 0.3336193234375 0.9128636734375 0.3986466046875 0.9078983562499999 0.48429492500000004 0.8823558140625 0.560232121875 0.8977894765625001 0.5572670546875 0.9083339703125001 0.54871685625 0.9339934984375 0.4573693953125 0.9422016703124999 0.3911637453125 0.9337012453125 0.3334614984375 0.894313071875 0.2437777921875 0.8475530718750001 0.19133311718749998 0.792728259375 0.1456081265625 0.7067817296875 0.09872220625 0.6336020015625 0.075358159375 0.5938832921875 0.0698168453125 0.4838095390625 0.07483746718749999 0.3782535796875 0.09376242343749999 0.281549003125 0.12415882656249999 0.23890904218750003 0.138013390625 0.19557312031250002 0.16234225468750002 0.15652399687500002 0.19040233906249998 0.11339567187499999 0.227986371875 0.044680989062499996 0.306678059375 0.015965784375 0.3539264234375 0 0.38943980312500004 0 0.57919221875
1 0.7546875 0.71171875 0.140625 0.146875
1 0.75703125 0.18125 0.0984375 0.0765625
1 0.596875 0.12578125 0.1 0.09375
1 0.29921875 0.17109375 0.1125 0.096875
1 0.3265625 0.2625 0.0984375 0.096875
1 0.47265625 0.20859375 0.0921875 0.0765625
1 0.52109375 0.1375 0.0625 0.05625
1 0.30546875 0.36953125 0.0953125 0.0875
1 0.16875 0.45234375 0.11875 0.1109375
1 0.275 0.63671875 0.1234375 0.134375
1 0.08125 0.66953125 0.0609375 0.065625
1 0.34453125 0.73125 0.146875 0.1296875
1 0.65390625 0.66328125 0.1234375 0.0828125
1 0.52578125 0.70390625 0.0703125 0.0703125
1 0.465625 0.55390625 0.090625 0.0984375
1 0.2921875 0.45625 0.1390625 0.128125