4 1 0.33723196875 0.953216375 0.25341130624999997 0.9152046781250001 0.211500975 0.873294346875 0.17543859687500002 0.78362573125 0.121832359375 0.7309941515625 0.09941520468750001 0.6851851859375 0.084795321875 0.6364522421875 0.07504873281249999 0.591617934375 0.07504873281249999 0.49025341093749997 0.07602339218750001 0.3840155953125 0.090643275 0.27777777812500004 0.11988304062499999 0.2417154 0.1374269 0.17933723125 0.1822612078125 0.1120857703125 0.25341130624999997 0.0740740734375 0.31384015625 0.0458089671875 0.37816764062499997 0.036062378125 0.47563352812500004 0.0458089671875 0.5331384015625 0.0740740734375 0.5935672515625 0.12670565312499998 0.6725146203125 0.13937621875 0.6773879140625 0.1549707609375 0.6754385968750001 0.107212475 0.6111111109375 0.07602339218750001 0.531189084375 0.0935672515625 0.457115009375 0.1481481484375 0.37329434687499996 0.22807017499999999 0.31384015625 0.3050682265625 0.29532163749999996 0.4064327484375 0.3255360625 0.5019493171875 0.336257309375 0.547758284375 0.3576998046875 0.603313840625 0.39766081875000003 0.6393762187500001 0.438596490625 0.5267180421875 0.4924220640625 0.5068226124999999 0.59551656875 0.510721246875 0.6208577 0.512670565625 0.6539961015625 0.5165692 0.6968810921874999 0.5165692 0.7270955171875 0.505847953125 0.7729044828125 0.4931773875 0.861598440625 0.505847953125 0.8713450296874999 0.5818713453125001 0.873294346875 0.631578946875 0.866471734375 0.715399609375 0.8411306046875 0.7807017546874999 0.812865496875 0.8674463937500001 0.7621832359375 0.9376218328125001 0.7134502921875 0.963937621875 0.6861598437499999 1 0.631578946875 1 0.33723196875
1 0.3234375 0.7796875 0.109375 0.11875
1 0.15703125 0.2765625 0.0875 0.0515625
1 0.2921875 0.17421875 0.08203125 0.071875
1 0.5890625 0.125 0.09453125 0.071875
1 0.59140625 0.2203125 0.0796875 0.07578125
1 0.4359375 0.2140625 0.07890625 0.0546875
1 0.36796875 0.16171875 0.0515625 0.04296875
1 0.64453125 0.315625 0.0796875 0.065625
1 0.8 0.35234375 0.09765625 0.08515625
1 0.75625 0.56015625 0.09375 0.11015625
1 0.95078125 0.53203125 0.04609375 0.05390625
1 0.71953125 0.671875 0.1234375 0.096875
1 0.40390625 0.703125 0.1140625 0.05
1 0.53828125 0.70234375 0.05625 0.05625
1 0.54921875 0.540625 0.06953125 0.08125
1 0.684375 0.39375 0.1140625 0.09765625