4 1 0.41183650937499994 0.9141763656249999 0.1760380109375 0.8415457828124999 0.11327329531250001 0.79149229375 0.08689123125 0.7397754062499999 0.0673378578125 0.63718005625 0.0476329453125 0.58005543125 0.0445687703125 0.5320087890625 0.0464981640625 0.482881271875 0.054007014062500004 0.440750803125 0.0693412515625 0.3458326625 0.10492584062500002 0.251002065625 0.154999509375 0.16117176093750002 0.21881137499999997 0.1332845640625 0.24763126875000002 0.0900024953125 0.311096328125 0.0511415609375 0.4009569046875 0.036090132812499995 0.47074221562499996 0.0315309171875 0.5408575124999999 0.055707415625 0.63577901875 0.0845340390625 0.68648239375 0.131762434375 0.7335997015625 0.20822153124999998 0.7897849015625 0.22179473437500002 0.7900307109375 0.2357821046875 0.7828653046875 0.16890270000000002 0.7387515359375 0.1122596046875 0.6743166921875 0.1034106140625 0.598709478125 0.1260315265625 0.501276053125 0.180799134375 0.418072446875 0.246819928125 0.374335846875 0.3524053625 0.368059409375 0.4458284609375 0.345465496875 0.4962085734375 0.3499472609375 0.5620811921875 0.3684972125 0.6099695671875 0.3946301015625 0.522514940625 0.4837409609375 0.5390797484375 0.58742274375 0.55141044375 0.6099022062499999 0.56457620625 0.6403754109375 0.5829072546875 0.679340709375 0.593241196875 0.7077329812500001 0.598834109375 0.7544462109375 0.6172627921875 0.8421248578125 0.632502759375 0.846950065625 0.704608084375 0.82278029375 0.7489844812500001 0.799368134375 0.8190829624999999 0.74688690625 0.8707796703125 0.6979917437500001 0.9349586125 0.620697584375 0.98423430625 0.5509021828125 0.9996291765624999 0.51625701875 1 0.5147068640625 1 0.41183650937499994
1 0.4296875 0.8234375 0.14375 0.1484375
1 0.1015625 0.40703125 0.1 0.078125
1 0.19296875 0.26484375 0.1015625 0.0953125
1 0.45546875 0.1171875 0.1140625 0.1
1 0.490625 0.20625 0.1015625 0.0984375
1 0.3421875 0.253125 0.0921875 0.078125
1 0.26015625 0.22734375 0.0625 0.0578125
1 0.57265625 0.27734375 0.096875 0.0890625
1 0.73125 0.25859375 0.1203125 0.1140625
1 0.76171875 0.46875 0.125 0.1359375
1 0.934375 0.37578125 0.0625 0.0671875
1 0.76484375 0.58671875 0.1484375 0.1328125
1 0.47890625 0.7234375 0.125 0.0859375
1 0.60546875 0.67734375 0.071875 0.071875
1 0.56015625 0.52109375 0.09375 0.1
1 0.63671875 0.33671875 0.140625 0.13125