4 0.3888888890625 0 0.31759259218749997 0.019444443750000002 0.2768518515625 0.0351851859375 0.22685185156249998 0.060185185937499996 0.1666666671875 0.10555555624999999 0.15277777812499999 0.1120370375 0.1351851859375 0.1101851859375 0.11944444375 0.11851851875 0.077777778125 0.16851851874999998 0.055555556250000006 0.1870370375 0.0111111109375 0.2629629625 0 0.28611111093749997 0 0.75 0.0129629625 0.7731481484375 0.0546296296875 0.8175925921875 0.10185185156250001 0.8796296296874999 0.1203703703125 0.8916666671875 0.1888888890625 0.953703703125 0.22685185156249998 0.978703703125 0.26944444375 1 0.75648148125 1 0.777777778125 0.9888888890624999 0.8259259265625 0.953703703125 0.9166666671874999 0.871296296875 0.9796296296874999 0.7870370375 0.9870370375 0.772222221875 0.9888888890624999 0.7574074078125 1 0.7388888890625 1 0.26574074062499997 0.9425925921875 0.1851851859375 0.884259259375 0.125 0.8111111109375001 0.072222221875 0.7074074078125 0.0083333328125 0.6851851859375 0 0.3888888890625 0
3 0.78828125 0.78984375 0.15859375 0.0984375
3 0.89375 0.37734375 0.1453125 0.11796875
3 0.740625 0.240625 0.071875 0.2140625
3 0.46796875 0.3734375 0.06171875 0.13359375
3 0.51875 0.53515625 0.19921875 0.1
3 0.0703125 0.5859375 0.13984375 0.1015625
3 0.33828125 0.5671875 0.0390625 0.08203125
0 0.48984375 0.93671875 0.071875 0.07109375
0 0.46796875 0.13046875 0.05859375 0.0578125
0 0.69921875 0.24609375 0.0640625 0.0671875
0 0.553125 0.38046875 0.0625 0.07578125
0 0.3203125 0.39296875 0.04609375 0.04296875
0 0.63046875 0.46796875 0.0390625 0.05234375
0 0.7203125 0.70390625 0.05234375 0.06484375
0 0.48046875 0.75078125 0.084375 0.05859375
0 0.03125 0.74609375 0.03515625 0.04921875
0 0.11484375 0.55078125 0.065625 0.06171875
0 0.10703125 0.49453125 0.03515625 0.04453125
0 0.34375 0.73828125 0.05859375 0.0546875
0 0.9828125 0.38203125 0.034375 0.06171875
0 0.51171875 0.07109375 0.0875 0.0578125
1 0.4328125 0.1875 0.12421875 0.13359375
1 0.31484375 0.140625 0.0703125 0.09296875
1 0.78046875 0.32890625 0.07265625 0.08828125
1 0.8203125 0.534375 0.1203125 0.0953125
1 0.54375 0.6546875 0.1 0.0953125
1 0.28671875 0.8375 0.0640625 0.16484375
1 0.22421875 0.45546875 0.13359375 0.0875