4 0.4208077796875 0 0.23981855625 0.0588069640625 0.1780204125 0.09933149531249999 0.144137821875 0.1268914125 0.10431042187499999 0.166118675 0.061091125 0.22786670625 0.0498848953125 0.2383228640625 0.0325810921875 0.2419980578125 0.0201858984375 0.2547876859375 0 0.3052418046875 0 0.57919221875 0.10172599062500001 0.8922726265625001 0.12120767187499999 0.9102820484375 0.174569115625 0.9396755171875 0.23865061562499998 0.9840837765625 0.2599824234375 0.98980914375 0.2827027828125 1 0.579192221875 1 0.89843688125 0.896271121875 0.915257340625 0.8791229093749999 0.9501761312499999 0.8307812125 1 0.7436266781249999 1 0.42080778125 0.9031381656249999 0.1226977078125 0.8236474406250001 0.0638246875 0.7495708999999999 0.024611165625 0.67296738125 0 0.4208077796875 0
3 0.8640625 0.68671875 0.18125 0.1421875
3 0.83671875 0.26171875 0.175 0.1578125
3 0.6484375 0.17890625 0.134375 0.2265625
3 0.43046875 0.38984375 0.1 0.146875
3 0.52890625 0.52734375 0.2203125 0.15625
3 0.11796875 0.71484375 0.1640625 0.1390625
3 0.3671875 0.6140625 0.0625 0.090625
0 0.625 0.91875 0.090625 0.0890625
0 0.35546875 0.15859375 0.0734375 0.0734375
0 0.6109375 0.196875 0.08125 0.084375
0 0.51328125 0.36953125 0.0828125 0.090625
0 0.29609375 0.45390625 0.0578125 0.0546875
0 0.6140625 0.42890625 0.053125 0.0625
0 0.77265625 0.62578125 0.0703125 0.078125
0 0.55859375 0.74453125 0.0984375 0.08125
0 0.13046875 0.87890625 0.0484375 0.0578125
0 0.14921875 0.6671875 0.08125 0.0796875
0 0.12421875 0.61640625 0.046875 0.053125
0 0.425 0.775 0.071875 0.0703125
0 0.92265625 0.23828125 0.0515625 0.06875
0 0.37890625 0.08828125 0.1015625 0.08125
1 0.33984375 0.2234375 0.159375 0.165625
1 0.2125 0.215625 0.0953125 0.109375
1 0.7140625 0.25078125 0.096875 0.10625
1 0.815625 0.43359375 0.14375 0.128125
1 0.5890625 0.63359375 0.125 0.121875
1 0.4015625 0.88671875 0.1125 0.1765625
1 0.22421875 0.54296875 0.1546875 0.125