4 0.272136871875 0 0 0.31305765937499996 0 0.727863128125 0.3130576609375 1 0.727863128125 1 1 0.6869423390625 1 0.3722639046875 0.9946920046875001 0.3472688546875 0.9733580015625 0.2955981640625 0.9529374296875 0.2569901453125 0.911886134375 0.19554065781250002 0.68826848125 0.001152796875 0.6851759671875 0 0.272136871875 0
3 0.0921875 0.5296875 0.184375 0.178125
3 0.28359375 0.14921875 0.1875 0.184375
3 0.48828125 0.14609375 0.1953125 0.209375
3 0.60703125 0.42578125 0.134375 0.140625
3 0.4625 0.5140625 0.215625 0.20625
3 0.76796875 0.846875 0.171875 0.16875
3 0.578125 0.65703125 0.0828125 0.0875
0 0.22109375 0.8359375 0.1015625 0.1015625
0 0.76640625 0.2421875 0.0828125 0.0828125
0 0.51640625 0.17734375 0.0921875 0.0921875
0 0.53828125 0.375 0.096875 0.0984375
0 0.70546875 0.53671875 0.0625 0.0625
0 0.42265625 0.38984375 0.0640625 0.065625
0 0.2 0.509375 0.0828125 0.0828125
0 0.35 0.70234375 0.1015625 0.1
0 0.6921875 0.98125 0.059375 0.0375
0 0.75703125 0.790625 0.090625 0.0890625
0 0.8 0.75390625 0.05625 0.05625
0 0.46171875 0.78203125 0.0796875 0.0796875
0 0.21328125 0.09453125 0.0671875 0.06875
0 0.77265625 0.16875 0.1046875 0.1015625
1 0.75546875 0.30859375 0.18125 0.1828125
1 0.87578125 0.35 0.1140625 0.115625
1 0.40078125 0.18671875 0.1125 0.1140625
1 0.2359375 0.315625 0.153125 0.1515625
1 0.365625 0.58828125 0.1375 0.1375
1 0.43984375 0.89453125 0.15625 0.1671875
1 0.7375 0.64765625 0.1578125 0.153125