4 0.6055401390624999 0.05052386875 0.45692506093749996 0.040229976562500006 0.3128579796875 0.0729456546875 0.2268949875 0.10676559687500001 0.129655540625 0.1831365578125 0.08256585 0.2418395484375 0.04640635 0.32326386875 0.031854587499999996 0.33887308125 0.021148965625 0.41504754843749997 0.005867275 0.435850471875 0.0165354078125 0.5609300796875 0.028766354687500002 0.6120811453125 0.096808646875 0.7434587296874999 0.15757039687500002 0.826146415625 0.17372236875 0.86195965 0.27619292500000003 0.9116696046874999 0.40238612187499995 0.9558863953125 0.4543232578125 0.9631856828125 0.5667975796875 0.9542768578124999 0.7249578734375001 0.9217764203125001 0.819249534375 0.8538183390625 0.87201955625 0.7923828015625001 0.889547175 0.7807226859374999 0.9023115562499999 0.7401462140625 0.933604865625 0.6933466515625 0.9670037499999999 0.593880021875 0.9778965421875 0.49125036718750004 0.9693152390625001 0.4141307328125 0.9414470093749999 0.33606593125 0.891315996875 0.253106865625 0.8466781484375 0.1938704390625 0.7822667562500001 0.1371513234375 0.76167906875 0.10777642031250001 0.7176401234374999 0.09452541875 0.6733297968749999 0.0706436796875 0.6055401390624999 0.05052386875
2 0.1671875 0.54375 0.14375 0.15625
2 0.35 0.73828125 0.14375 0.1484375
2 0.55703125 0.77265625 0.1515625 0.1578125
2 0.7609375 0.67421875 0.15 0.153125
2 0.5984375 0.63046875 0.128125 0.1421875
2 0.81953125 0.45234375 0.134375 0.11875
2 0.675 0.41484375 0.159375 0.146875
2 0.75390625 0.296875 0.1328125 0.1421875
2 0.578125 0.2046875 0.134375 0.1390625
2 0.48046875 0.32265625 0.13125 0.134375
2 0.21015625 0.3125 0.1390625 0.1375
2 0.3296875 0.4453125 0.140625 0.14375
2 0.37421875 0.596875 0.1265625 0.13125
2 0.26796875 0.55859375 0.0765625 0.0765625
2 0.3640625 0.1828125 0.103125 0.0984375
1 0.65390625 0.725 0.0609375 0.05625
1 0.54765625 0.434375 0.0734375 0.0625
1 0.5234375 0.5640625 0.0546875 0.0546875
1 0.23671875 0.453125 0.0515625 0.0546875
1 0.38828125 0.3765625 0.05625 0.05625
1 0.20078125 0.64296875 0.065625 0.0953125
1 0.47109375 0.7609375 0.0578125 0.065625
1 0.69609375 0.55078125 0.06875 0.046875