4 0.29545454531250004 0.075174825 0.2709790203125 0.1013986015625 0.1993007 0.1486013984375 0.146853146875 0.20104895156249997 0.0856643359375 0.2762237765625 0.047202796875 0.34965035 0.027972028125 0.42482517499999994 0.024475525 0.527972028125 0.04370629375 0.63111888125 0.06818181875 0.6818181812499999 0.075174825 0.7237762234375 0.090909090625 0.7377622374999999 0.134615384375 0.8059440562500001 0.21853146875 0.8863636359375 0.3706293703125 0.940559440625 0.48076923125000004 0.965034965625 0.5332167828125 0.965034965625 0.6643356640625 0.9388111890624999 0.7727272734375 0.903846153125 0.79370629375 0.8706293703125001 0.8653846156249999 0.797202796875 0.9510489515625 0.6765734265625001 0.9702797203125 0.627622378125 0.9982517484375 0.5052447546875001 0.9860139859375 0.4825174828125 0.9860139859375 0.40559440625 0.9737762234374999 0.3881118875 0.9493007 0.302447553125 0.9108391609375 0.2377622375 0.8251748250000001 0.1486013984375 0.7447552453124999 0.10314685312500001 0.60664335625 0.0506993 0.4580419578125 0.040209790625000005 0.3881118875 0.0506993 0.34090909062499997 0.06818181875 0.29545454531250004 0.075174825
2 0.8234375 0.58984375 0.125 0.13984375
2 0.615625 0.75703125 0.12734375 0.13125
2 0.40546875 0.76171875 0.1328125 0.140625
2 0.2171875 0.6359375 0.13203125 0.13671875
2 0.384375 0.615625 0.11171875 0.128125
2 0.18984375 0.40859375 0.12109375 0.103125
2 0.33828125 0.39140625 0.1421875 0.128125
2 0.2765625 0.26328125 0.115625 0.1265625
2 0.4640625 0.196875 0.11875 0.1234375
2 0.54375 0.32734375 0.11484375 0.1203125
2 0.81328125 0.3546875 0.1234375 0.12109375
2 0.6765625 0.46953125 0.1234375 0.12734375
2 0.6109375 0.61328125 0.1109375 0.1171875
2 0.721875 0.590625 0.06796875 0.06796875
2 0.67890625 0.2046875 0.09140625 0.08671875
1 0.31640625 0.7015625 0.0546875 0.04921875
1 0.46171875 0.428125 0.06640625 0.053125
1 0.46796875 0.56015625 0.0484375 0.0484375
1 0.7671875 0.48984375 0.04453125 0.04921875
1 0.628125 0.39375 0.04921875 0.04921875
1 0.7765625 0.68359375 0.053125 0.0890625
1 0.4921875 0.7625 0.05078125 0.05859375
1 0.2984375 0.52265625 0.0640625 0.0390625