4 0.0437763046875 0.4240988375 0.0373117859375 0.49798863281249994 0.0387598828125 0.5949072984375 0.056494326562499995 0.6758779171875 0.0900841484375 0.745826475 0.1537071921875 0.8270890578125 0.234740334375 0.89374283125 0.28607855625 0.9168481843749999 0.31840561875 0.9444948906249999 0.339448803125 0.945095009375 0.41675619375000006 0.9692314484375 0.532732353125 0.9768962 0.6840824984375 0.9206459484374999 0.7841870906249999 0.8685987515625 0.8243642453125 0.834886115625 0.9079508171875 0.7305159437500001 0.9685085156250001 0.6340583890625 0.963228040625 0.595127803125 0.9709391296875 0.49280584687499995 0.959022753125 0.3453344140625 0.94228925 0.2954744359375 0.885054246875 0.1837476640625 0.8610707671875 0.17420384687499998 0.8116255671875001 0.1152773515625 0.7910133515625 0.109751246875 0.7172000390625 0.0598611234375 0.6461578718750001 0.035031896875 0.5232237 0.0217947046875 0.43240110937500004 0.0386672125 0.292888628125 0.08726666718750001 0.172310825 0.17475037499999999 0.1254838109375 0.22773598750000001 0.10056191562500001 0.271469746875 0.07023673281250001 0.30604431875000004 0.0683437109375 0.3418654625 0.0437763046875 0.4240988375
2 0.80546875 0.3609375 0.1859375 0.1875
2 0.75390625 0.62265625 0.18125 0.1828125
2 0.59609375 0.7609375 0.1921875 0.19375
2 0.37109375 0.7859375 0.1890625 0.1890625
2 0.4859375 0.66328125 0.1671875 0.1703125
2 0.20390625 0.6296875 0.159375 0.15625
2 0.30625 0.52109375 0.190625 0.1890625
2 0.1765625 0.4625 0.1703125 0.171875
2 0.27734375 0.290625 0.1703125 0.1703125
2 0.42265625 0.33984375 0.165625 0.165625
2 0.646875 0.1875 0.171875 0.171875
2 0.615625 0.36328125 0.1765625 0.1765625
2 0.6578125 0.515625 0.1609375 0.1609375
2 0.728125 0.4265625 0.0953125 0.0953125
2 0.446875 0.15859375 0.125 0.125
1 0.4890625 0.77265625 0.0734375 0.0734375
1 0.42421875 0.46953125 0.084375 0.0828125
1 0.5140625 0.56640625 0.06875 0.06875
1 0.6984375 0.3203125 0.065625 0.065625
1 0.5296875 0.3359375 0.06875 0.06875
1 0.8296875 0.4625 0.0984375 0.103125
1 0.6625 0.70625 0.0765625 0.078125
1 0.36015625 0.646875 0.0734375 0.071875