4 0.20423176718749997 0.12594578437499998 0.1909386703125 0.1375065046875 0.1485060640625 0.19298381250000002 0.115444425 0.22586449531250002 0.10363364374999999 0.24684225781250002 0.0844351578125 0.2688918609375 0.058305512500000004 0.3151569484375 0.05233185 0.3315742546875 0.046313778124999996 0.40207703125 0.0382655390625 0.435390390625 0.0450157453125 0.4771172265625 0.042234565625 0.50514049375 0.0486886421875 0.5600238765625 0.04809638125 0.586336971875 0.056146284375 0.6282233921875 0.10704176406250002 0.729461509375 0.13365265312500002 0.7920969999999999 0.153125896875 0.8215334750000001 0.20395144062499998 0.8535002390624999 0.2707385765625 0.9058969093749999 0.324961428125 0.9316843546875001 0.3946662921875 0.9442009078125 0.4198623078125 0.9538910421875 0.47102922031250005 0.956215678125 0.5160398500000001 0.965700159375 0.5633759453125 0.9616176218750001 0.64363713125 0.93651125 0.6627221046875 0.936875653125 0.6779762625 0.9308328828124999 0.7623413593749999 0.8884199828125 0.837015490625 0.8336032093749999 0.8602726468749999 0.8107326609375001 0.87516156875 0.7861749734375 0.905145065625 0.7568742140625 0.9226333796875 0.73263569375 0.9424241265625 0.6842729953125 0.9509280796875 0.6365033906249999 0.9717906640624999 0.595528396875 0.9836688875 0.53102231875 0.97427405 0.5054619 0.974113634375 0.46916170625 0.9627116640625 0.41696902343750003 0.9532255171875 0.3867798734375 0.935439409375 0.3489751625 0.922988634375 0.2999519328125 0.8672826390624999 0.2271475546875 0.8253723531249999 0.1870404140625 0.7892991859375 0.1423728171875 0.749943053125 0.11907041874999999 0.7016255953125 0.08279409374999999 0.6376435046875 0.0505312015625 0.6096654765625 0.031264442187500005 0.5692153015625 0.027617075 0.502018521875 0.0107909578125 0.45117077656250004 0.0058669312500000004 0.3838152453125 0.027940399999999997 0.29530016875 0.0665455203125 0.20423176718749997 0.12594578437499998
3 0.303125 0.396875 0.15625 0.1578125
3 0.41796875 0.22734375 0.14375 0.1515625
3 0.5515625 0.2828125 0.075 0.0765625
3 0.71796875 0.18984375 0.10625 0.103125
3 0.565625 0.484375 0.1046875 0.1046875
3 0.56328125 0.3828125 0.1359375 0.1328125
3 0.82734375 0.57265625 0.1328125 0.1296875
3 0.80546875 0.4546875 0.1640625 0.14375
3 0.58984375 0.61875 0.1484375 0.1359375
3 0.5546875 0.7921875 0.11875 0.1265625
3 0.34140625 0.78359375 0.1640625 0.1828125
3 0.28203125 0.63828125 0.090625 0.09375
3 0.2015625 0.5296875 0.1421875 0.1375
3 0.25546875 0.26953125 0.0671875 0.071875
3 0.66328125 0.25546875 0.0578125 0.059375
0 0.62421875 0.5203125 0.0828125 0.08125
0 0.48125 0.38359375 0.0671875 0.06875
0 0.54140625 0.3640625 0.0640625 0.065625
0 0.67265625 0.3265625 0.078125 0.0796875
0 0.721875 0.40625 0.0703125 0.0703125
0 0.8296875 0.3671875 0.0734375 0.0734375
0 0.75546875 0.65703125 0.065625 0.06875
0 0.67265625 0.81796875 0.0734375 0.075
0 0.61015625 0.790625 0.0734375 0.075
0 0.62421875 0.85703125 0.075 0.075
0 0.365625 0.703125 0.0671875 0.0671875
0 0.478125 0.65390625 0.071875 0.071875
0 0.1765625 0.615625 0.065625 0.0671875
0 0.334375 0.2015625 0.065625 0.065625
0 0.43515625 0.090625 0.075 0.0734375
0 0.290625 0.48203125 0.059375 0.059375
0 0.87578125 0.51015625 0.0609375 0.0609375