4 0.3340832859375 0.052330445312499994 0.295275375 0.0643081734375 0.27191451718750004 0.0889708671875 0.2160384234375 0.1338313625 0.1763190890625 0.17936072812499998 0.1426678234375 0.2103365109375 0.11666985781250001 0.261528046875 0.0840141546875 0.309472390625 0.04466235 0.39226774531249997 0.0426761578125 0.4428083625 0.033138759375 0.4834848890625 0.030136584374999997 0.5149866140625 0.02983524375 0.5684093640625 0.03722556875 0.6039496640625 0.033350340625 0.6309048234375 0.058380564062499994 0.6915316671875 0.08730643125000001 0.7272736828124999 0.10555641093749998 0.7722313359374999 0.134969853125 0.815422465625 0.15711547812499999 0.8354952921875001 0.192535734375 0.8579218390625 0.212205128125 0.8788473015625 0.2397091140625 0.8963826390625 0.324148484375 0.9344759109374999 0.41548813906250004 0.958421496875 0.43166531875 0.9611607 0.4502574765625 0.9568362718750001 0.533984671875 0.9647067687499999 0.5811351671875 0.958858365625 0.623190271875 0.94022290625 0.6727557453124999 0.927310871875 0.6953864765625 0.9125939421875 0.7609657828125 0.88585845 0.8086422234375 0.8493609578125 0.8630760203125 0.784223453125 0.9061446406250001 0.742388015625 0.919072159375 0.709546084375 0.9320788859375 0.6427466125 0.9608135890625 0.5331390265625 0.9599789062499999 0.49049425781249995 0.9539287875 0.46487930312500003 0.9488309296875 0.4098533765625 0.9402841609375001 0.383020725 0.9382113625 0.34080227343749997 0.9234127593749999 0.3098902140625 0.9028678453125 0.24217931875 0.8936113718750001 0.2273627640625 0.85843366875 0.18754133906249998 0.8350703453125 0.1699651625 0.8191561374999999 0.1519014140625 0.7799806953124999 0.1266131546875 0.7269409625 0.08117039375 0.7115347437499999 0.0726260921875 0.6101063953125 0.0334580515625 0.5154991296875 0.014099865625 0.445026146875 0.0065127578125000005 0.39631330781249996 0.0219010234375 0.3340832859375 0.052330445312499994
3 0.67109375 0.35859375 0.1484375 0.15
3 0.5234375 0.21640625 0.1296875 0.1515625
3 0.4046875 0.2984375 0.0703125 0.0734375
3 0.22265625 0.2421875 0.103125 0.096875
3 0.43203125 0.4984375 0.0984375 0.1015625
3 0.4140625 0.3984375 0.13125 0.1234375
3 0.1953125 0.6390625 0.128125 0.121875
3 0.19140625 0.51875 0.1734375 0.1203125
3 0.43671875 0.634375 0.153125 0.1171875
3 0.50703125 0.79765625 0.1078125 0.1265625
3 0.7140625 0.74453125 0.140625 0.190625
3 0.7421875 0.58984375 0.084375 0.090625
3 0.79765625 0.4671875 0.140625 0.1265625
3 0.69140625 0.22421875 0.0609375 0.0734375
3 0.2890625 0.29453125 0.0546875 0.0578125
0 0.3828125 0.5453125 0.08125 0.075
0 0.49375 0.38203125 0.0625 0.0671875
0 0.43125 0.375 0.0578125 0.065625
0 0.2953125 0.36640625 0.071875 0.0765625
0 0.26328125 0.45390625 0.0671875 0.0671875
0 0.15 0.4390625 0.0703125 0.0703125
0 0.2828125 0.70703125 0.0609375 0.0671875
0 0.396875 0.846875 0.06875 0.0734375
0 0.45234375 0.80703125 0.0703125 0.071875
0 0.45234375 0.875 0.0703125 0.0734375
0 0.6734375 0.6703125 0.0640625 0.0625
0 0.553125 0.64609375 0.06875 0.06875
0 0.83984375 0.54609375 0.0609375 0.0640625
0 0.6 0.1734375 0.0609375 0.0640625
0 0.478125 0.0859375 0.0734375 0.06875
0 0.70078125 0.4390625 0.05625 0.0578125
0 0.134375 0.5875 0.0578125 0.059375