4 0.234259259375 0.08055555625000001 0.197222221875 0.11574074062499999 0.1546296296875 0.1703703703125 0.125 0.1981481484375 0.1148148140625 0.23055555625 0.08425925937499999 0.2953703703125 0.06851851875000001 0.353703703125 0.051851851562499995 0.396296296875 0.0509259265625 0.45370370312499997 0.0425925921875 0.5111111109375 0.04351851875 0.602777778125 0.0638888890625 0.6490740734375 0.0731481484375 0.6898148140625 0.08425925937499999 0.7194444437499999 0.1074074078125 0.7675925921875 0.1296296296875 0.796296296875 0.1379629625 0.8222222218749999 0.1870370375 0.865740740625 0.22870370312500002 0.8851851859375 0.2648148140625 0.9175925921875001 0.3101851859375 0.94351851875 0.33888888906250003 0.9518518515625001 0.38055555625 0.95648148125 0.4074074078125 0.9666666671874999 0.43981481406249995 0.9703703703125001 0.5324074078125001 0.9675925921875 0.625 0.9490740734375 0.640740740625 0.9444444437499999 0.6555555562500001 0.9324074078125 0.734259259375 0.902777778125 0.7740740734375 0.8768518515625001 0.803703703125 0.8416666671874999 0.8425925921875 0.8083333328125001 0.85648148125 0.7851851859375001 0.9037037031249999 0.7324074078125 0.9305555562500001 0.678703703125 0.9509259265625 0.5962962968750001 0.9712962968750001 0.5398148140625 0.9685185187500001 0.5046296296875 0.9509259265625 0.4388888890625 0.928703703125 0.32777777812500003 0.909259259375 0.2898148140625 0.8925925921875001 0.26944444375 0.8638888890624999 0.222222221875 0.8444444437499999 0.2018518515625 0.8240740734375 0.1648148140625 0.797222221875 0.14351851875 0.7490740734375 0.0916666671875 0.734259259375 0.0824074078125 0.6851851859375 0.0620370375 0.6564814812499999 0.05648148125 0.634259259375 0.047222221875 0.5879629625 0.0416666671875 0.5203703703125 0.0240740734375 0.502777778125 0.0231481484375 0.39444444375 0.0324074078125 0.3009259265625 0.05648148125 0.234259259375 0.08055555625000001
3 0.59140625 0.29765625 0.109375 0.1140625
3 0.396875 0.234375 0.08125 0.1296875
3 0.32578125 0.3609375 0.0515625 0.05625
3 0.1375 0.38984375 0.08125 0.06796875
3 0.43828125 0.528125 0.0703125 0.07890625
3 0.378125 0.446875 0.10390625 0.08671875
3 0.28671875 0.75859375 0.10078125 0.08671875
3 0.23125 0.65234375 0.16640625 0.053125
3 0.50234375 0.6484375 0.13984375 0.0625
3 0.63671875 0.7640625 0.06796875 0.10703125
3 0.79921875 0.62578125 0.06875 0.17890625
3 0.75703125 0.475 0.05859375 0.07265625
3 0.753125 0.33984375 0.11484375 0.084375
3 0.55078125 0.16796875 0.0359375 0.0640625
3 0.2203125 0.4078125 0.03828125 0.04609375
0 0.41484375 0.5921875 0.0640625 0.05234375
0 0.44296875 0.396875 0.04453125 0.05234375
0 0.38359375 0.41796875 0.0390625 0.053125
0 0.25703125 0.46953125 0.05078125 0.0609375
0 0.2671875 0.5625 0.05078125 0.04921875
0 0.15859375 0.5984375 0.05234375 0.05234375
0 0.3953125 0.78125 0.04140625 0.0546875
0 0.559375 0.85703125 0.04765625 0.0578125
0 0.5921875 0.796875 0.05078125 0.0546875
0 0.621875 0.8578125 0.05078125 0.05625
0 0.73046875 0.57734375 0.04921875 0.04609375
0 0.61171875 0.6078125 0.05078125 0.0515625
0 0.82578125 0.3921875 0.0421875 0.0515625
0 0.446875 0.1625 0.04453125 0.04921875
0 0.29921875 0.1375 0.05859375 0.04765625
0 0.65390625 0.35703125 0.0421875 0.04296875
0 0.21015625 0.7390625 0.0421875 0.0453125