4 0.26944444375 0 0.21851851875 0.040740740625 0.190740740625 0.050617284375 0.11944444375 0.10123456718749999 0.075 0.1197530859375 0.046296296875 0.1432098765625 0 0.1716049375 0 0.9456790125 0.0231481484375 0.9716049375000001 0.0361111109375 0.9975308640625 1 1 1 0.14691357968750002 0.9611111109375001 0.11851851875 0.9277777781250001 0.08518518593749999 0.9 0.067901234375 0.88055555625 0.0703703703125 0.8518518515625001 0.0925925921875 0.8231481484375 0.10370370312499999 0.7805555562500001 0.1024691359375 0.7814814812499999 0.09629629687499999 0.79444444375 0.0876543203125 0.7824074078125001 0.076543209375 0.75648148125 0.0740740734375 0.74444444375 0.0802469140625 0.6824074078125 0.0876543203125 0.6638888890625 0.1 0.6740740734374999 0.1123456796875 0.672222221875 0.1197530859375 0.6268518515625 0.11728395 0.6148148140624999 0.1246913578125 0.5935185187500001 0.12098765468749999 0.5861111109375 0.1283950625 0.5759259265625001 0.1283950625 0.5722222218749999 0.11358024687499998 0.5305555562500001 0.1024691359375 0.5296296296875 0.076543209375 0.5416666671875 0.0456790125 0.5398148140625 0 0.26944444375 0
2 0.6984375 0.80859375 0.17734375 0.22734375
2 0.30390625 0.7125 0.14765625 0.1734375
2 0.27578125 0.54375 0.1515625 0.19453125
2 0.171875 0.453125 0.14921875 0.1453125
2 0.0953125 0.36875 0.128125 0.16015625
2 0.12265625 0.5015625 0.14921875 0.10078125
2 0.0953125 0.22890625 0.1140625 0.11796875
2 0.20390625 0.128125 0.10546875 0.1046875
2 0.2640625 0.25234375 0.18515625 0.18828125
2 0.3546875 0.36171875 0.14140625 0.1140625
2 0.37578125 0.45 0.14609375 0.11875
2 0.40625 0.07734375 0.2328125 0.1171875
2 0.52578125 0.25234375 0.12734375 0.1890625
2 0.5390625 0.40234375 0.165625 0.1328125
2 0.41015625 0.22734375 0.1078125 0.17578125
2 0.71640625 0.25703125 0.29609375 0.25703125
2 0.81484375 0.1484375 0.1234375 0.1234375
2 0.8828125 0.209375 0.115625 0.09765625
2 0.853125 0.31015625 0.07265625 0.10546875
2 0.83828125 0.51484375 0.23359375 0.28671875
2 0.5875 0.65078125 0.16015625 0.20859375
2 0.64140625 0.4609375 0.13359375 0.190625
2 0.96171875 0.7265625 0.0765625 0.15703125