4 0.28091651406249996 0 0.227218659375 0.0210148828125 0.1796143703125 0.028231239062500003 0.146088578125 0.0440472078125 0.0942980921875 0.060398726562500005 0 0.43860771718749997 0 0.888289959375 0.44320477656249996 1 0.8906428140625 1 1 0.5613922828125 1 0.185084825 0.99265244375 0.17750517187499998 0.9731882437499999 0.175196928125 0.9399611203125 0.189815 0.90942201875 0.193652009375 0.868393278125 0.1821500328125 0.87078504375 0.17638455625 0.885453634375 0.1711353078125 0.8764621703125 0.157442221875 0.8519036921875 0.1487743796875 0.8387308609374999 0.1518518375 0.7767445765625001 0.1440310953125 0.7557894468749999 0.1515300203125 0.762685396875 0.16597299999999998 0.759096540625 0.1727123703125 0.7156712015625 0.1593404921875 0.7021997015625 0.1636158453125 0.6824320046875 0.15487011875 0.6734526140625 0.16026548125 0.6635699734375 0.1578014609375 0.6635603125 0.1425307015625 0.6258193453125 0.12166955937499999 0.631192971875 0.0962897421875 0.650339184375 0.0692543671875 0.6595930921875001 0.024484212499999998 0.5613922796875 0 0.28091651406249996 0
2 0.61796875 0.84765625 0.2265625 0.2640625
2 0.25859375 0.65859375 0.1859375 0.2046875
2 0.271875 0.48828125 0.19375 0.225
2 0.19296875 0.375 0.1796875 0.1765625
2 0.1390625 0.275 0.1625 0.1859375
2 0.13359375 0.41015625 0.16875 0.134375
2 0.17265625 0.1390625 0.1390625 0.1421875
2 0.30234375 0.0671875 0.128125 0.1265625
2 0.33125 0.20234375 0.225 0.228125
2 0.3921875 0.33046875 0.1640625 0.1453125
2 0.39140625 0.42109375 0.1703125 0.15
2 0.51015625 0.07578125 0.2546875 0.1515625
2 0.58515625 0.265625 0.16875 0.2140625
2 0.56171875 0.41484375 0.1921875 0.16875
2 0.47890625 0.2140625 0.146875 0.196875
2 0.76875 0.31640625 0.35 0.3203125
2 0.890625 0.23515625 0.15 0.15
2 0.93671875 0.31015625 0.1265625 0.1234375
2 0.88828125 0.4015625 0.0953125 0.1203125
2 0.825 0.59609375 0.2953125 0.334375
2 0.5484375 0.6671875 0.20625 0.240625
2 0.646875 0.49609375 0.175 0.2171875
2 0.89296875 0.83125 0.1125 0.1703125