4 0.23414528437499998 0 0 0.347134659375 0 0.765132478125 0.3501368109375 1 0.765854715625 1 1 0.652865340625 1 0.289974875 0.9901732421875 0.276659265625 0.9707356703125001 0.21440624531250002 0.746588475 0.0632170515625 0.7195098390625 0.1000511265625 0.7122299562500001 0.13236973125 0.6969647343750001 0.1533455265625 0.6562082484375 0.13925735156250002 0.6448533984375 0.1494683046875 0.636409496875 0.143772821875 0.6344106484375 0.13348963281249998 0.614684134375 0.1246514046875 0.6088471484375 0.11177935937500001 0.5698526828125 0.0884555765625 0.572459596875 0.0812790171875 0.5878071140625 0.0767394671875 0.5793581828125001 0.0561490109375 0.53206931875 0.015317321875000001 0.5255419703124999 0.0034687796875000005 0.5191691078125 0 0.489142965625 0 0.492389521875 0.007912015625000001 0.48970534062500004 0.0135473015625 0.46830848437499994 0 0.23414528437499998 0
2 0.16328125 0.64453125 0.2734375 0.2875
2 0.54375 0.7859375 0.21875 0.2265625
2 0.66171875 0.66171875 0.234375 0.2453125
2 0.7984375 0.64453125 0.2046875 0.2046875
2 0.90546875 0.61640625 0.1890625 0.2046875
2 0.81171875 0.7125 0.1796875 0.1671875
2 0.953125 0.50078125 0.09375 0.1609375
2 0.93984375 0.35703125 0.1203125 0.1453125
2 0.834375 0.4265625 0.259375 0.259375
2 0.69765625 0.46640625 0.18125 0.1734375
2 0.63125 0.528125 0.1875 0.1796875
2 0.8140625 0.20234375 0.2578125 0.2265625
2 0.6171875 0.28046875 0.2109375 0.228125
2 0.521875 0.396875 0.2109375 0.203125
2 0.7265625 0.32421875 0.1875 0.20625
2 0.45546875 0.1828125 0.3890625 0.365625
2 0.4359375 0.059375 0.171875 0.11875
2 0.3453125 0.05859375 0.15 0.1171875
2 0.31328125 0.1453125 0.11875 0.128125
2 0.2109375 0.3234375 0.3546875 0.36875
2 0.34296875 0.57578125 0.25 0.2625
2 0.4046875 0.38828125 0.2171875 0.2328125
2 0.0328125 0.42890625 0.065625 0.1734375