4 1 0.17733333281250002 0.9866666671875001 0.17333333281250002 0.9226666671875 0.128 0.8733333328124999 0.0826666671875 0.776 0.0453333328125 0.648 0.017333332812499998 0.48266666718750006 0.0106666671875 0.3333333328125 0.0213333328125 0.2013333328125 0.0533333328125 0.1626666671875 0.0666666671875 0.0893333328125 0.10400000000000001 0 0.1613333328125 0 0.9106666671875001 0.09733333281249999 0.9640000000000001 0.12933333281249998 0.9866666671875001 0.1386666671875 1 0.8466666671875 1 0.876 0.9786666671875001 0.9720000000000001 0.9266666671875001 1 0.9053333328125 1 0.17733333281250002
2 0.91484375 0.3265625 0.10390625 0.08125
2 0.796875 0.79375 0.1203125 0.1
2 0.5203125 0.6421875 0.10546875 0.09453125
2 0.3140625 0.73203125 0.1234375 0.10390625
2 0.19296875 0.6296875 0.103125 0.10859375
2 0.096875 0.5015625 0.121875 0.1
2 0.12578125 0.38203125 0.0953125 0.06953125
2 0.121875 0.1453125 0.0875 0.0828125
2 0.29296875 0.16953125 0.0828125 0.06640625
2 0.4171875 0.23359375 0.08203125 0.06796875
2 0.58828125 0.103125 0.090625 0.07109375
2 0.70703125 0.21953125 0.07421875 0.06796875
2 0.73984375 0.36875 0.11015625 0.1046875
2 0.37109375 0.04453125 0.075 0.0625
2 0.27421875 0.090625 0.0859375 0.06796875
2 0.4578125 0.18828125 0.103125 0.07734375
2 0.0421875 0.28125 0.0828125 0.0953125
2 0.03125 0.67109375 0.0625 0.0984375
2 0.2953125 0.46796875 0.06875 0.08671875
2 0.65546875 0.628125 0.096875 0.08828125
2 0.58125 0.77578125 0.096875 0.084375
2 0.79140625 0.53125 0.096875 0.078125
2 0.9671875 0.46328125 0.065625 0.1078125
2 0.30078125 0.3265625 0.10703125 0.0859375