4 1 0.47379610625 0.9635330968750001 0.126836703125 0.9498546921875001 0.124252328125 0.8814666671875001 0.0858571578125 0.8276649624999999 0.045928903125 0.7269624343750001 0.0189741890625 0.5967368359375 0.00450721875 0.43161235937500003 0.015159112499999999 0.284212059375 0.0413769296875 0.1562800796875 0.0869993875 0.11921894687500001 0.10430144687500001 0.0501897359375 0.149095684375 0 0.18929371718750002 0 0.52620389375 0.045665407812499996 0.9606812234375001 0.13956638125 1 0.526203890625 1 0.897031821875 0.9610244140624999 0.9239745234375001 0.9367417796874999 1 0.8846023390625 1 0.47379610625
2 0.89453125 0.284375 0.1125 0.0921875
2 0.82578125 0.7609375 0.1296875 0.1125
2 0.53515625 0.6390625 0.1140625 0.1046875
2 0.3390625 0.75 0.134375 0.115625
2 0.20859375 0.6609375 0.1140625 0.11875
2 0.09921875 0.54375 0.13125 0.1125
2 0.115625 0.421875 0.1015625 0.0796875
2 0.08671875 0.18671875 0.0953125 0.0921875
2 0.259375 0.19296875 0.0890625 0.075
2 0.38984375 0.24375 0.0890625 0.0765625
2 0.54609375 0.09609375 0.096875 0.0796875
2 0.6765625 0.19921875 0.08125 0.075
2 0.725 0.34453125 0.1203125 0.115625
2 0.32421875 0.06015625 0.08125 0.0703125
2 0.2328125 0.11640625 0.0921875 0.0765625
2 0.42578125 0.19453125 0.1109375 0.0875
2 0.03359375 0.3296875 0.0671875 0.103125
2 0.0515625 0.71953125 0.071875 0.1046875
2 0.29296875 0.48984375 0.078125 0.09375
2 0.66796875 0.6109375 0.10625 0.0984375
2 0.609375 0.765625 0.1046875 0.09375
2 0.79296875 0.50078125 0.1046875 0.0875
2 0.9609375 0.41484375 0.0765625 0.1140625
2 0.28359375 0.3484375 0.115625 0.096875