4 0.44813497812499997 0 0.3006213203125 0.052791215625 0.1661576671875 0.1186224265625 0.05575680937500001 0.19774038124999999 0.02490045625 0.22458762031249999 0 0.25321236406250003 0 0.5971901546875 0.1627457421875 1 0.5971901546875 1 1 0.8372542578125 1 0.402809846875 0.842718865625 0.0135253796875 0.8288579890625 0.014811398437500001 0.766256090625 0 0.44813497812499997 0
2 0.81953125 0.18359375 0.1265625 0.1140625
2 0.88515625 0.6609375 0.1484375 0.1375
2 0.571875 0.62421875 0.1328125 0.1265625
2 0.41484375 0.78515625 0.153125 0.1421875
2 0.2640625 0.73515625 0.1359375 0.1390625
2 0.1265625 0.65234375 0.15 0.1390625
2 0.10859375 0.53046875 0.1140625 0.1
2 0.0359375 0.3125 0.071875 0.109375
2 0.184375 0.27109375 0.1015625 0.0921875
2 0.3234375 0.284375 0.1015625 0.09375
2 0.4328125 0.09921875 0.1109375 0.1
2 0.58671875 0.1625 0.09375 0.090625
2 0.6734375 0.28828125 0.140625 0.1390625
2 0.21015625 0.12578125 0.0921875 0.0859375
2 0.1375 0.2046875 0.1046875 0.0953125
2 0.34375 0.2265625 0.125 0.1109375
2 0.025 0.46875 0.05 0.11875
2 0.1296875 0.834375 0.0953125 0.1140625
2 0.2984375 0.546875 0.096875 0.10625
2 0.6921875 0.5609375 0.1234375 0.11875
2 0.67890625 0.725 0.121875 0.1140625
2 0.78203125 0.41953125 0.11875 0.109375
2 0.91953125 0.290625 0.1015625 0.125
2 0.25 0.4140625 0.13125 0.1203125