4 0.11633650625 0 0 0.4341737484375 0 0.505739303125 0.064297665625 0.5412293874999999 0.19053030937499998 0.599593203125 0.20484032343749997 0.603427559375 0.233842859375 0.620401221875 0.26469836406249997 0.6340370265625 0.5575352984374999 0.7968582828125 0.6168833203124999 0.8150611515625 0.6570027265625 0.8227436296875 0.6967396171875 0.8211211578125001 0.7244028953125 0.8108954718750001 0.753344909375 0.78874248125 0.7631848859375 0.7699067015625001 0.7748126937500001 0.762286165625 0.786314840625 0.7300920796875 0.8046518484374999 0.7081649718749999 0.8107226046875 0.689086103125 0.8401783249999999 0.6363959109375 0.8551956046875 0.5875056625 0.908165634375 0.482833896875 0.9222234046875 0.448257103125 0.9479731953125 0.402242621875 0.973785353125 0.37388289218750004 1 0.3030603859375 1 0.24630225781249998 0.9984564265625 0.24245666093749998 0.9886192156250001 0.2290845921875 0.9747568515625 0.220002084375 0.9633226078125 0.20543521875 0.959427725 0.1806185796875 0.942628146875 0.1538778796875 0.93253500625 0.14503846250000002 0.9299803046875 0.13668521875 0.8521696125 0.11583590625 0.85651583125 0.0924605921875 0.8542161390624999 0.0903106484375 0.8266803640625 0.103637984375 0.7728261015625 0.0899746484375 0.7603681328125 0.0935383875 0.747463434375 0.0916143265625 0.71616120625 0.072490721875 0.67431910625 0.0390399 0.6446139109375 0.021111090625000002 0.5658262484375001 0 0.11633650625 0
2 0.646875 0.64453125 0.2625 0.2265625
2 0.81171875 0.4015625 0.2359375 0.20625
2 0.70234375 0.190625 0.2 0.165625
2 0.51953125 0.2921875 0.2203125 0.19375
2 0.446875 0.46796875 0.2296875 0.196875
2 0.20390625 0.27265625 0.203125 0.1796875
2 0.2796875 0.13359375 0.215625 0.175
2 0.43203125 0.0484375 0.2078125 0.096875
2 0.259375 0.0140625 0.190625 0.028125
2 0.12890625 0.05390625 0.0796875 0.1078125
2 0.0828125 0.18359375 0.059375 0.11875
2 0.084375 0.3828125 0.165625 0.1875