4 0.48425925937500003 0 0.4509259265625 0.0096296296875 0.4018518515625 0.0311111109375 0.36666666718749996 0.04148148125 0.353703703125 0.04 0.3425925921875 0.0333333328125 0.2870370375 0.032592592187500005 0.2638888890625 0.012592592187500001 0.2611111109375 0.014074073437500001 0.259259259375 0.037777778125 0.178703703125 0.037777778125 0.1740740734375 0.0451851859375 0.1620370375 0.0511111109375 0.13888888906250002 0.0725925921875 0.12870370312499999 0.09555555624999999 0.11388888906250001 0.1066666671875 0.0981481484375 0.1118518515625 0.08518518593749999 0.12222222187500001 0.0740740734375 0.13703703750000001 0.06944444375 0.1503703703125 0.0666666671875 0.1659259265625 0.075 0.25555555625 0.0925925921875 0.2896296296875 0.10555555624999999 0.340740740625 0.1101851859375 0.377777778125 0.134259259375 0.49259259218749996 0.1361111109375 0.543703703125 0.15092592656249998 0.602222221875 0.1518518515625 0.622222221875 0.16388888906250001 0.6481481484375 0.1666666671875 0.682222221875 0.1759259265625 0.6925925921875 0.18055555625 0.7133333328125 0.20277777812500003 0.742222221875 0.22685185156249998 0.759259259375 0.2648148140625 0.7711111109375001 0.30555555624999997 0.7740740734375 0.36759259218749996 0.7718518515625 0.6925925921875 0.6903703703125 0.7259259265625 0.6851851859375 0.7583333328124999 0.676296296875 0.7731481484375 0.676296296875 0.9101851859375 0.6525925921875 1 0.6303703703125 1 0 0.48425925937500003 0
2 0.32109375 0.6015625 0.22578125 0.1734375
2 0.22421875 0.32421875 0.20234375 0.159375
2 0.384375 0.1484375 0.1734375 0.125
2 0.53515625 0.29453125 0.18828125 0.15078125
2 0.559375 0.4828125 0.196875 0.15078125
2 0.84453125 0.35703125 0.17265625 0.1390625
2 0.8078125 0.203125 0.1875 0.13125
2 0.68984375 0.05546875 0.18515625 0.109375
2 0.87109375 0.04375 0.1734375 0.0875
2 0.97578125 0.15390625 0.0484375 0.125
2 0.98515625 0.30234375 0.0296875 0.115625
2 0.93203125 0.49453125 0.1296875 0.15859375