4 0.2586771109375 0 0.25754401250000003 0.0011673031250000001 0.2484524296875 0.0140914859375 0.2181258765625 0.0988453359375 0.2196698546875 0.13716188437500001 0.2098178 0.18896266718750002 0.1983611421875 0.2244861890625 0.17165682499999999 0.3387178921875 0.1517346828125 0.3858229171875 0.140430471875 0.4451197171875 0.13281727968749998 0.46363718593750003 0.13276977031249998 0.4922211265625 0.12088696562500001 0.524276665625 0.124895996875 0.53758854375 0.12032645156249999 0.5583426046875 0.1282576515625 0.5939163468750001 0.1428760078125 0.619531290625 0.172273328125 0.6463165562500001 0.20794477812499998 0.66621969375 0.265108578125 0.6904236609375001 0.5940941703125 0.7539272953125 0.6264957843750001 0.7633151984375 0.6596234765625 0.768955090625 0.673050259375 0.775216103125 0.8072656125 0.8116476046875001 0.89805699375 0.8294648125 1 0.61084733125 1 0.1814648703125 0.697043175 0.0401937828125 0.6627632593749999 0.034833915625 0.6092085765624999 0.0335631484375 0.5729372609375 0.0280919953125 0.5618149265625 0.02127093125 0.554562296875 0.0105331203125 0.532738409375 0 0.2586771109375 0
2 0.2953125 0.51640625 0.278125 0.253125
2 0.32421875 0.22421875 0.25 0.2296875
2 0.54375 0.1328125 0.209375 0.1859375
2 0.61875 0.32890625 0.234375 0.215625
2 0.5609375 0.509375 0.2421875 0.2203125
2 0.87265625 0.51640625 0.215625 0.1984375
2 0.89609375 0.36015625 0.2078125 0.1984375
2 0.86015625 0.17734375 0.2140625 0.178125
2 0.965625 0.2421875 0.06875 0.153125
2 0.89375 0.67734375 0.184375 0.1984375