4 0.17554523125 0.40649006718749997 0.157694571875 0.44837317031249996 0.15596204687499998 0.462486446875 0.16490828125 0.523918634375 0.165796409375 0.5740449625 0.1896794 0.6774901515625 0.2366800796875 0.76749820625 0.2880834546875 0.8426273249999999 0.34280717968749996 0.8991029203125 0.404796059375 0.943963725 0.4816998265625 0.973654565625 0.5403464890625 0.9799859312500001 0.640970534375 0.964748934375 0.6717617515625001 0.954558046875 0.6959379921875 0.9380940828125001 0.7142208203125 0.9178734328125 0.7367140546875001 0.8787440375 0.7659907578125 0.8431161078124999 0.7808342609375 0.8075418859375001 0.7964250500000001 0.7309039312500001 0.8026117140625001 0.6147514625 0.79638516875 0.5157749078125 0.78751031875 0.47474697812500005 0.7467400390625001 0.382952384375 0.678835878125 0.2771519296875 0.6373183124999999 0.22642106874999998 0.5912057625 0.1865393390625 0.5394158828125 0.153732153125 0.4707387140625 0.132575559375 0.413703671875 0.1285053671875 0.3415852515625 0.14237675 0.282720578125 0.17559570468750002 0.22820908125 0.23071443125000002 0.20412802187499998 0.274384071875 0.1734062625 0.3553607640625 0.17554523125 0.40649006718749997
0 0.615625 0.77109375 0.0578125 0.078125
0 0.33359375 0.646875 0.0640625 0.0875
0 0.4046875 0.5265625 0.0609375 0.0796875
0 0.44453125 0.48984375 0.0625 0.0875
0 0.54140625 0.63984375 0.0609375 0.0703125
0 0.6515625 0.596875 0.0609375 0.0734375
0 0.675 0.453125 0.065625 0.075
0 0.4921875 0.2671875 0.0625 0.08125
0 0.50546875 0.4015625 0.0625 0.0828125
0 0.3328125 0.3453125 0.0703125 0.0921875