4 0.16366384218750002 0.47011699531250006 0.154132821875 0.5146366546875 0.15512506875 0.5288212125 0.17562875 0.587417696875 0.186065115625 0.6364535984375 0.22924758125000003 0.73344111875 0.292559071875 0.8128273203124999 0.357353334375 0.8767678796875 0.42184768124999994 0.9217640796875 0.49125749531249996 0.9539726296875 0.572413603125 0.9684440359375 0.63119084375 0.9634687640624999 0.7270587859375001 0.929311740625 0.7553397687500001 0.9134328484375001 0.7759303515625 0.892658328125 0.7900189890625 0.8693206609375 0.8046327203124999 0.826618271875 0.8265733984375 0.78605866875 0.834356303125 0.7483057718749999 0.835037434375 0.670101009375 0.8189474953125 0.5549021171875 0.7939497328125 0.45893212187500004 0.777409440625 0.42035139218750006 0.7198729921875 0.338022659375 0.63302874375 0.24712278125 0.58259406875 0.205245915625 0.5297189421875 0.1748956140625 0.4726206828125 0.15257316406250002 0.4011684390625 0.1449094984375 0.3444046609375 0.151796884375 0.27625804375 0.17917425468749998 0.22481335468750002 0.22301479375 0.1818205375 0.2875221171875 0.166514475 0.3349843078125 0.1518082421875 0.4203352171875 0.16366384218750002 0.47011699531250006
0 0.665625 0.74375 0.0671875 0.0796875
0 0.3640625 0.67578125 0.075 0.090625
0 0.4109375 0.54453125 0.0703125 0.0828125
0 0.44375 0.50078125 0.0734375 0.0890625
0 0.56796875 0.6296875 0.06875 0.0734375
0 0.6671875 0.56640625 0.06875 0.0765625
0 0.66328125 0.4203125 0.0734375 0.0796875
0 0.44765625 0.2734375 0.071875 0.084375
0 0.48671875 0.40234375 0.071875 0.0859375
0 0.30625 0.38046875 0.08125 0.0953125