4 0.27777777812500004 0.20157068125 0.2259259265625 0.2709424078125 0.2138888890625 0.320680628125 0.1851851859375 0.35602094218749997 0.17962962968750001 0.369109946875 0.171296296875 0.430628271875 0.1583333328125 0.4790575921875 0.15277777812499999 0.585078534375 0.17314814843749998 0.6845549734375 0.2018518515625 0.7709424078125 0.2388888890625 0.8403141359375 0.28611111093749997 0.9005235609375 0.3518518515625 0.9502617796875 0.40648148125 0.9725130890625 0.5074074078125 0.9856020937500001 0.5398148140625 0.9842931937499999 0.5675925921875 0.9751308906249999 0.590740740625 0.960732984375 0.6231481484375 0.929319371875 0.6611111109375 0.9031413609375001 0.6851851859375 0.8730366484375001 0.7212962968750001 0.803664921875 0.759259259375 0.6937172781250001 0.7805555562500001 0.5968586390625 0.7833333328125 0.554973821875 0.76944444375 0.4554973828125 0.7333333328125 0.335078534375 0.7074074078125 0.27486910937500003 0.6740740734374999 0.2238219890625 0.6333333328124999 0.17801047187500002 0.5731481484375001 0.13874345625 0.51944444375 0.11910994687500001 0.44629629687500005 0.11256544531249998 0.38055555625 0.1282722515625 0.3129629625 0.1662303671875 0.27777777812500004 0.20157068125
0 0.53671875 0.7921875 0.040625 0.06953125
0 0.29921875 0.5953125 0.04375 0.07890625
0 0.40078125 0.49921875 0.04296875 0.0703125
0 0.44921875 0.475 0.04296875 0.07890625
0 0.5015625 0.64609375 0.04609375 0.059375
0 0.61875 0.63515625 0.04453125 0.06328125
0 0.68125 0.503125 0.05078125 0.06328125
0 0.55625 0.27421875 0.04453125 0.071875
0 0.53203125 0.40703125 0.04296875 0.07421875
0 0.38203125 0.30546875 0.05 0.08125