4 0.4008665859375 0 0.362340778125 0.006488734375000001 0.32081018125 0.0041823812500000005 0.3003983578125 0.0115333328125 0.2806167109375 0.027981796875 0.2651886859375 0.035176001562499996 0.2398730328125 0.0397567546875 0.22555500468749998 0.03848681875 0.1985759546875 0.05034494375 0.1777706734375 0.050655237500000005 0.1500782828125 0.06718047499999999 0.1131252421875 0.10102745937499999 0 0.4118365078125 0 0.5357894625 0.006990925 0.544233775 0.01837561875 0.567099109375 0.059560771874999995 0.6678147109375 0.0719691015625 0.706818215625 0.1199709765625 0.7617327625 0.13665935 0.7727335828124999 0.1482839546875 0.7868180890625001 0.21195056874999998 0.8365952859375 0.2571118640625 0.8668275515625 0.3331228140625 0.9043467734374999 0.40083275937499996 0.9240644281250001 0.4839739234375 0.9257501937500001 0.52843465625 0.9172988328124999 0.5547771406249999 0.9180185625 0.5708385359375 0.9090841875000001 0.5925938765625001 0.9061636343749999 0.5982142406250001 0.8934290328125 0.6172825484375 0.881647684375 0.702090303125 0.8652183921875001 0.7343698375 0.8523334390624999 0.7672859390625 0.8268706265624999 0.8010753203125001 0.790886815625 0.840635421875 0.7688275734375 0.8734747468749999 0.7354540203125 0.9218188703125 0.7027970031249999 0.94785425625 0.671873765625 0.9864035031249999 0.5903256156250001 0.9938472062500001 0.5644597578125 0.9913360921875001 0.49555665156249995 0.9859620281250001 0.4778350546875 0.9683299875 0.4477691234375 0.9691328859375 0.4076620125 0.9477006234375001 0.388037109375 0.950474015625 0.3722955953125 0.9663786640625001 0.35837741875 0.972315715625 0.34477273125 0.955880034375 0.2816403453125 0.9476558015625001 0.271749521875 0.936904478125 0.2471440125 0.9207727 0.226492278125 0.8932498375 0.204650578125 0.8617700046874999 0.1882661078125 0.84974874375 0.177978628125 0.83282685 0.15408326562500002 0.820178609375 0.1238605890625 0.80491691875 0.103525540625 0.7695632828125001 0.078833671875 0.73309965 0.0626059453125 0.7214750453125001 0.0485214375 0.61571804375 0.0169264859375 0.5387506453124999 0.0036928906249999996 0.4821886796875 0.0047837140625000005 0.458828421875 0 0.4008665859375 0
2 0.24453125 0.55859375 0.2953125 0.321875
2 0.58359375 0.096875 0.2171875 0.165625
2 0.84765625 0.27734375 0.203125 0.1671875
2 0.65390625 0.69140625 0.26875 0.2328125
0 0.603125 0.64140625 0.1046875 0.10625
0 0.8359375 0.4953125 0.084375 0.0859375
0 0.84140625 0.35703125 0.1078125 0.1
0 0.7046875 0.475 0.1078125 0.1046875
0 0.6734375 0.240625 0.0859375 0.0890625
0 0.61015625 0.18671875 0.0875 0.09375
0 0.41875 0.1359375 0.0796875 0.0796875
0 0.4140625 0.1921875 0.071875 0.0875
0 0.4828125 0.29453125 0.08125 0.0890625
0 0.1390625 0.35703125 0.1109375 0.0859375
0 0.46015625 0.56328125 0.0671875 0.0734375
3 0.30859375 0.31484375 0.125 0.1296875
3 0.67734375 0.42421875 0.078125 0.0828125
3 0.63203125 0.56328125 0.178125 0.1609375
3 0.35078125 0.14140625 0.0875 0.1078125
3 0.59140625 0.234375 0.08125 0.0859375