4 1 0.25740740781250004 0.9768518515625001 0.21296296250000002 0.95648148125 0.1879629625 0.9370370375 0.18055555625 0.915740740625 0.1601851859375 0.9018518515625 0.15648148125 0.8796296296874999 0.14351851875 0.8675925921875001 0.13148148125 0.8546296296874999 0.109259259375 0.8379629625 0.0953703703125 0.7981481484375 0.08333333281250001 0.7361111109375 0.048148148437499996 0.6861111109375 0.040740740625 0.6333333328124999 0.0203703703125 0.55648148125 0.00648148125 0.44629629687500005 0 0.43055555625 0.009259259374999999 0.39074074062499997 0.0120370375 0.3490740734375 0.0231481484375 0.32777777812500003 0.037037037499999995 0.30555555624999997 0.061111110937500004 0.28148148125 0.077777778125 0.2666666671875 0.08333333281250001 0.23148148124999998 0.08796296249999999 0.1981481484375 0.0990740734375 0.1759259265625 0.1129629625 0.1574074078125 0.1324074078125 0.146296296875 0.13888888906250002 0.109259259375 0.1925925921875 0.1101851859375 0.20740740781250003 0.1203703703125 0.2259259265625 0.1175925921875 0.2416666671875 0.09074074062500001 0.252777778125 0.077777778125 0.290740740625 0.0509259265625 0.3129629625 0.039814814062499995 0.32777777812500003 0.013888889062500001 0.3916666671875 0.0120370375 0.41851851875 0.0203703703125 0.5083333328124999 0.034259259375000004 0.546296296875 0.06851851875000001 0.5935185187500001 0.08796296249999999 0.6361111109375 0.1175925921875 0.6703703703125 0.13703703750000001 0.715740740625 0.15925925937500002 0.7509259265625 0.1851851859375 0.7740740734375 0.259259259375 0.81851851875 0.2731481484375 0.8361111109375001 0.2740740734375 0.85 0.29351851875 0.8601851859374999 0.30555555624999997 0.8740740734375001 0.33055555625 0.8824074078124999 0.36944444375 0.9055555562500001 0.4481481484375 0.9324074078125 0.51851851875 0.9370370375 0.602777778125 0.9277777781250001 0.6555555562500001 0.9148148140625001 0.7324074078125 0.8898148140625001 0.7481481484375 0.88055555625 0.7675925921875 0.8759259265624999 0.83148148125 0.840740740625 0.85648148125 0.8083333328125001 0.9296296296875 0.727777778125 0.9481481484375 0.7101851859375 0.975 0.6944444437499999 0.9768518515625001 0.6870370375 0.9879629624999999 0.68148148125 0.990740740625 0.672222221875 1 0.6703703703125 1 0.25740740781250004
2 0.7203125 0.6421875 0.21796875 0.26328125
2 0.559375 0.09296875 0.1921875 0.10625
2 0.24921875 0.171875 0.17421875 0.11484375
2 0.28984375 0.62734375 0.2265625 0.16484375
0 0.3546875 0.59765625 0.08046875 0.084375
0 0.1859375 0.38046875 0.065625 0.06796875
0 0.228125 0.24921875 0.08671875 0.075
0 0.31640625 0.40625 0.08515625 0.08046875
0 0.42578125 0.196875 0.06484375 0.07109375
0 0.50390625 0.16796875 0.065625 0.07578125
0 0.70078125 0.1859375 0.0625 0.0625
0 0.6859375 0.23984375 0.04921875 0.075
0 0.58671875 0.3125 0.059375 0.07265625
0 0.88828125 0.4890625 0.09765625 0.05546875
0 0.515625 0.5734375 0.04921875 0.0609375
3 0.74296875 0.39140625 0.0953125 0.10390625
3 0.359375 0.36796875 0.059375 0.0671875
3 0.3546875 0.5140625 0.146875 0.11796875
3 0.7625 0.2140625 0.05859375 0.09296875
3 0.5046875 0.21875 0.0609375 0.06875