4 0.5541490109375 0 0.5264513234375 0.0051699890625 0.469917009375 0.0030921890625 0.3927303765625 0.014980501562500002 0.2864380734375 0.044724928125 0.27456943125 0.0586044140625 0.23782813906250003 0.07419329062499999 0.20204895625 0.09826439218750001 0.1864346921875 0.118329990625 0.1732609203125 0.148327321875 0.155924571875 0.1719237171875 0.1437256015625 0.18199982812499998 0.1119646140625 0.19783240625 0.084064753125 0.2191904390625 0.067575009375 0.2395574890625 0.0563958984375 0.2639716140625 0.0480003 0.2737173984375 0.030465309375 0.336553328125 0.036164021875 0.35025955937500003 0.051823343749999994 0.36445319062500003 0.05432158593750001 0.380240709375 0.0325500859375 0.399488578125 0.0326528953125 0.4396035921875 0.01449881875 0.46935722343749997 0.0088162875 0.48698233125 0.00510303125 0.55583111875 0.0120941796875 0.581822946875 0.04921434375 0.6640314546874999 0.07470607812499999 0.6954043624999999 0.12247289531250001 0.7289001265625 0.1547247703125 0.762841721875 0.193893859375 0.7855880234375 0.2270500921875 0.822156059375 0.259516790625 0.8481894593750001 0.29156653593750004 0.86163580625 0.37607464375 0.8795426953125001 0.394934434375 0.8916550375 0.40033169375 0.9044857890625 0.42203274999999996 0.9077855781249999 0.437935771875 0.9169989031249999 0.4642868046875 0.916739021875 0.5085932703125 0.92596504375 0.5917511921874999 0.9257305484374999 0.6597949453124999 0.9071975968749999 0.7364491203125 0.8710106640624999 0.7821311609375 0.8415711765625 0.8466568109375 0.792912696875 0.8585254546875 0.7790332125 0.8754032765625 0.7683253203125 0.9243562328125 0.7142568859375 0.9374433765625 0.675475875 0.9803799859375 0.5754943953125 0.9921620015625001 0.55283123125 1 0.5436932203125 1 0.41632869531249994 0.893778865625 0.10784012031250001 0.857422165625 0.07335337187499999 0.830022396875 0.0563473515625 0.8092256984375 0.055674003125 0.7824577109375 0.0433468359375 0.7681197 0.044366693750000005 0.7428878484375 0.0393448203125 0.7275877296875 0.031882453125 0.7080961609374999 0.0150912578125 0.6878157375 0.007385190625 0.6462512140625 0.008966384375 0.59815573125 0 0.5541490109375 0
2 0.7546875 0.5625 0.2921875 0.3203125
2 0.4234375 0.09609375 0.215625 0.1625
2 0.15625 0.27109375 0.2015625 0.165625
2 0.34296875 0.6890625 0.2671875 0.2296875
0 0.39453125 0.63984375 0.103125 0.10625
0 0.1640625 0.4890625 0.084375 0.0859375
0 0.1609375 0.3515625 0.10625 0.0984375
0 0.29609375 0.47109375 0.10625 0.103125
0 0.33125 0.2375 0.084375 0.0890625
0 0.3953125 0.18515625 0.0875 0.09375
0 0.5875 0.1375 0.0796875 0.0796875
0 0.59140625 0.19375 0.0703125 0.0875
0 0.52109375 0.29453125 0.0796875 0.0875
0 0.86328125 0.36328125 0.1109375 0.084375
0 0.5390625 0.5640625 0.065625 0.0734375
3 0.69453125 0.31796875 0.1234375 0.1296875
3 0.32421875 0.42109375 0.078125 0.0828125
3 0.3671875 0.5609375 0.1765625 0.159375
3 0.65546875 0.14453125 0.0859375 0.10625
3 0.4125 0.2328125 0.0796875 0.084375