4 0 0 0 0.5481481484375 0.013888889062500001 0.55648148125 0.07685185156249999 0.6148148140624999 0.1611111109375 0.6824074078125 0.23055555625 0.7509259265625 0.28611111093749997 0.796296296875 0.3111111109375 0.8231481484375 0.38055555625 0.884259259375 0.3990740734375 0.9055555562500001 0.477777778125 0.9675925921875 0.51851851875 0.99444444375 0.527777778125 1 0.7268518515625 0.9981481484374999 0.7916666671875 0.940740740625 0.8324074078124999 0.8703703703125001 0.8768518515625001 0.8111111109375001 0.8851851859375 0.772222221875 0.9018518515625 0.7361111109375 0.9148148140625001 0.696296296875 0.915740740625 0.6740740734374999 0.9203703703125001 0.6638888890625 0.9296296296875 0.6546296296875 0.946296296875 0.6481481484375 0.953703703125 0.6398148140625 0.9870370375 0.61944444375 1 0.6046296296875 1 0 0 0
1 0.8703125 0.4859375 0.1421875 0.14609375
1 0.19375 0.309375 0.1484375 0.0953125
1 0.18046875 0.0578125 0.075 0.065625
1 0.109375 0.04296875 0.08125 0.0625
1 0.221875 0.02109375 0.08125 0.0421875
1 0.35 0.02109375 0.115625 0.0421875
1 0.59140625 0.09375 0.075 0.05234375
1 0.34375 0.16640625 0.1109375 0.0640625
1 0.85390625 0.13046875 0.08203125 0.0578125
1 0.79453125 0.32578125 0.1625 0.1234375
1 0.71328125 0.16484375 0.0875 0.07578125
1 0.69453125 0.10234375 0.15 0.08984375
1 0.50546875 0.24140625 0.1375 0.0875
3 0.3296875 0.45390625 0.14921875 0.1484375
3 0.54296875 0.19609375 0.08984375 0.07109375
3 0.8 0.45625 0.165625 0.0609375