4 0.30806798281250003 0 0 0.2773856578125 0 0.6919320171875001 0.1606449875 0.8703463499999999 0.17654253125 0.8672457421875001 0.26236575 0.8684654125 0.3702108546875 0.8623160484374999 0.4676659734375 0.866767828125 0.5393105 0.8633106625 0.5758565156250001 0.8665372109374999 0.6683551109375 0.8654842140625 0.6963670546875 0.8689191390625 0.7963661859375 0.862358584375 0.8446098515625 0.855052521875 0.855208215625 0.8529854515625 1 0.7201548718749999 1 0.5771729375 0.9948529953125 0.552814853125 0.9882294703125 0.4790375046875 0.9684005984375 0.44456133906249995 0.9566232953125 0.4065733765625 0.9396153421875001 0.3683112890625 0.9254338703125 0.35117739375 0.9220591375 0.3405104984375 0.9227444546875001 0.327433875 0.9307932437499999 0.31146501875 0.9307219312499999 0.300315621875 0.9418629875000001 0.2628731328125 0.9415832999999999 0.24318966406250003 0.7226143421875 0 0.30806798281250003 0
1 0.765625 0.24140625 0.203125 0.203125
1 0.14453125 0.56328125 0.1734375 0.1703125
1 0.06796875 0.24453125 0.1140625 0.109375
1 0.29609375 0.13671875 0.090625 0.0890625
1 0.1609375 0.35703125 0.125 0.121875
1 0.515625 0.01875 0.1 0.0375
1 0.60234375 0.1734375 0.203125 0.2
1 0.434375 0.10859375 0.115625 0.115625
1 0.378125 0.07890625 0.171875 0.1578125
1 0.33125 0.30390625 0.1609375 0.15625
3 0.34296875 0.5796875 0.2109375 0.2109375
3 0.32890625 0.2453125 0.1140625 0.1125
3 0.69375 0.26640625 0.1640625 0.15625