4 0.3327023390625 0 0 0.2507091953125 0 0.6672976609375 0.163649928125 0.88446845 0.1829183875 0.8884987796875 0.2217987671875 0.8847067796875001 0.2327297109375 0.8869041890625 0.24994095624999998 0.8820502781249999 0.262908090625 0.8838726906250001 0.2727350734375 0.8892207593749999 0.2868482203125 0.9064109796875 0.3211620546875 0.9304071984375 0.35620485468749996 0.9492165640625 0.3862640703125 0.9752594859375 0.45742209375 0.9958387015625 0.4672582171875 1 0.6651141296875 1 0.7787231921875 0.9160348390624999 0.7827745484374999 0.9060256140625 0.7991517015625 0.86006238125 0.8246724546875001 0.7631523296875 0.8266455687500001 0.7349996296875 0.8453287843749999 0.644401415625 0.8491348249999999 0.6079111968750001 0.86619889375 0.5382426406249999 0.88042421875 0.44172860781249995 0.9070384171875 0.337038275 0.9222169984375 0.25255914687500003 0.9282940343750001 0.237545309375 0.7492908046875 0 0.3327023390625 0
1 0.19609375 0.71171875 0.2015625 0.2015625
1 0.6296875 0.16328125 0.1765625 0.165625
1 0.33046875 0.0390625 0.1171875 0.078125
1 0.1828125 0.23046875 0.090625 0.0875
1 0.42421875 0.13984375 0.1265625 0.1171875
1 0.02265625 0.41796875 0.0453125 0.0953125
1 0.16015625 0.53828125 0.2046875 0.196875
1 0.128125 0.3609375 0.115625 0.1125
1 0.10546875 0.29921875 0.1734375 0.1625
1 0.33984375 0.296875 0.1625 0.153125
3 0.60859375 0.3609375 0.2078125 0.2078125
3 0.2828125 0.2828125 0.1140625 0.1109375
3 0.234375 0.6453125 0.16875 0.1484375