4 0.261512234375 0 0.044246403125 0.26830095625 0.049883434375 0.2804668453125 0.0818367953125 0.320458515625 0.09057510156250001 0.34056513437499997 0.0912439765625 0.357394871875 0.08687579375 0.3701456828125 0.0880757390625 0.38631960468750004 0.0822521421875 0.41852343125 0.0706030078125 0.43732284843749997 0.05710518906249999 0.493716659375 0.0496051609375 0.5853718296875 0.0534442125 0.6188850796875001 0.0677506484375 0.6424148046875 0.08187051875 0.7103142499999999 0.0982160859375 0.74309634375 0.13145455 0.7873862890625001 0.19227624999999998 0.838810478125 0.20976911875 0.8584052890624999 0.207113759375 0.8616843859375001 0.19494980625 0.8605211953125 0.1917633734375 0.8644561124999999 0.1953105671875 0.88361666875 0.21210011093749997 0.88201035 0.205488034375 0.9048886953125 0.28752010625 0.9713169578124999 0.37421028125 0.9937388625000001 0.43470373125000006 0.9808307296875001 0.4715888578125 0.9661789203125 0.51601234375 0.955459809375 0.5563250562500001 0.9674728125 0.6050660203125 0.960249925 0.6152941921874999 0.965274915625 0.6307823781249999 0.9799887484375001 0.645670590625 0.9866156203124999 0.682282053125 0.982600934375 0.6880893953125 0.9710155296874999 0.6886367234375 0.9497412859375001 0.696533903125 0.931161215625 0.7055621265625 0.9200122859375 0.7408195875 0.9029565453125 0.7555699984375 0.892097859375 0.7957104578124999 0.8822539140625001 0.8359016234375 0.8561629328125001 0.8612227703125 0.84843489375 1 0.6770592875 1 0.261512234375 0.6770592859375 0 0.261512234375 0
1 0.5421875 0.2171875 0.3421875 0.3453125
1 0.46953125 0.59296875 0.2484375 0.2359375
1 0.39375 0.6390625 0.28125 0.2875
1 0.1765625 0.33046875 0.18125 0.1859375
1 0.79765625 0.71796875 0.2078125 0.1984375
1 0.69921875 0.1546875 0.2875 0.278125
1 0.8421875 0.36640625 0.1515625 0.140625
2 0.3328125 0.13984375 0.3 0.2796875
2 0.26953125 0.540625 0.2515625 0.234375
2 0.909375 0.50625 0.18125 0.2375