4 0.1888888890625 0 0.15092592656249998 0.021940928125000002 0.0824074078125 0.0717299578125 0.06851851875000001 0.090295359375 0.019444443750000002 0.135021096875 0 0.186497890625 0 0.543459915625 0.0148148140625 0.56540084375 0.0296296296875 0.6109704640625 0.0546296296875 0.6438818562499999 0.059259259375 0.661603375 0.0759259265625 0.6970464140625 0.0759259265625 0.7113924046875 0.0703703703125 0.7308016875 0.0574074078125 0.747679325 0.0546296296875 0.7603375531250001 0.08055555625000001 0.786497890625 0.09629629687499999 0.7907173000000001 0.1175925921875 0.7890295359375 0.12870370312499999 0.79156118125 0.1620370375 0.8278481015624999 0.2009259265625 0.84388185625 0.22870370312500002 0.8801687765624999 0.24814814843750002 0.9147679328124999 0.2870370375 0.9628691984375 0.36851851875 1 0.47407407343749997 1 0.48333333281249996 0.978059071875 0.4953703703125 0.9898734171875001 0.5101851859375001 0.9772151906250001 0.5101851859375001 0.9721518984375 0.5 0.96540084375 0.5 0.961181434375 0.5259259265625 0.9569620249999999 0.60555555625 0.9552742609375 0.659259259375 0.9417721515625 0.6925925921875 0.9265822781249999 0.746296296875 0.882700421875 0.772222221875 0.873417721875 0.796296296875 0.8497890296874999 0.8481481484375 0.7738396625 0.8731481484374999 0.7215189875 0.8759259265624999 0.6995780593750001 0.8916666671875 0.6708860765625 0.902777778125 0.6590717296874999 0.9074074078125 0.6464135015625 0.91851851875 0.6337552750000001 0.9379629625 0.6236286921875 0.9879629624999999 0.612658228125 1 0.6067510546875 1 0.1983122359375 0.99444444375 0.1831223625 0.9879629624999999 0.177215190625 0.9759259265625 0.1417721515625 0.940740740625 0.0886075953125 0.897222221875 0.0489451484375 0.8240740734375 0 0.8083333328125001 0 0.8027777781250001 0.013502109374999998 0.7990740734374999 0.0168776375 0.790740740625 0.0168776375 0.7638888890625 0.013502109374999998 0.7259259265625 0 0.1888888890625 0
1 0.6453125 0.25390625 0.2359375 0.25234375
1 0.46484375 0.59140625 0.21875 0.12578125
1 0.49453125 0.675 0.1796875 0.22421875
1 0.8578125 0.571875 0.1171875 0.14375
1 0.13203125 0.48203125 0.17578125 0.1125
1 0.5625 0.10625 0.23359375 0.16875
1 0.31796875 0.18046875 0.1359375 0.071875
2 0.86484375 0.31484375 0.19453125 0.2359375
2 0.653125 0.6765625 0.2328125 0.11328125
2 0.15 0.22421875 0.22734375 0.12109375