4 0.21125 1 0.26875 0.97625 0.3025 0.95625 0.43125 0.82875 0.485 0.7537499999999999 0.54 0.6575 0.56125 0.6 0.5700000000000001 0.53625 0.5650000000000001 0.4575 0.5425 0.40374999999999994 0.53 0.35875 0.49625 0.30375 0.47375 0.25625 0.4575 0.23625 0.43 0.22000000000000003 0.37625000000000003 0.16999999999999998 0.29125 0.1125 0.1775 0.065 0.15375 0.05 0.0125 0.03375 0 0.04 0 1 0.21125 1
0 0.26171875 0.20234375 0.03203125 0.0390625
0 0.1921875 0.21875 0.034375 0.04140625
0 0.08046875 0.14609375 0.040625 0.0328125
0 0.1453125 0.3984375 0.0296875 0.03828125
0 0.07421875 0.39609375 0.028125 0.03046875
0 0.03125 0.4109375 0.0359375 0.04140625
0 0.06875 0.5421875 0.04140625 0.0421875
0 0.14296875 0.5703125 0.028125 0.0359375
0 0.209375 0.6390625 0.0359375 0.03828125
0 0.21171875 0.48828125 0.02421875 0.03203125
0 0.321875 0.44296875 0.05546875 0.06171875
0 0.403125 0.48203125 0.03671875 0.04140625
0 0.4234375 0.396875 0.02890625 0.03359375
0 0.42421875 0.51796875 0.034375 0.0375
0 0.503125 0.60078125 0.03828125 0.034375
0 0.36171875 0.6796875 0.04453125 0.0546875
0 0.21953125 0.903125 0.0484375 0.04453125
0 0.071875 0.84921875 0.040625 0.0296875
0 0.7296875 0.17578125 0.23671875 0.1703125
1 0.29140625 0.3734375 0.0578125 0.0609375
1 0.14375 0.1921875 0.0390625 0.078125
1 0.084375 0.1140625 0.0765625 0.0328125
1 0.10703125 0.7625 0.06640625 0.04609375
1 0.1484375 0.8828125 0.0671875 0.0515625
1 0.29375 0.728125 0.0703125 0.0296875
1 0.25546875 0.5671875 0.07109375 0.0484375
1 0.47109375 0.48203125 0.090625 0.09140625
1 0.31328125 0.2578125 0.053125 0.0890625
1 0.1859375 0.2953125 0.0625 0.04609375
1 0.10859375 0.32421875 0.0421875 0.02890625
1 0.01953125 0.65859375 0.025 0.025