4 0.354016865625 1 0.376304778125 0.9815286125 0.48352425625000006 0.8354574109374999 0.5248799203125001 0.7529724328125 0.5641459625 0.649303534375 0.5761393578125 0.5891872234375 0.5748089328125 0.5248532890625001 0.5575512781249999 0.4478550046875 0.5269199375 0.3982865328125 0.50753428125 0.35579598749999997 0.4655959046875 0.3067527921875 0.4359422796875 0.263357371875 0.41676365468750004 0.246145665625 0.387060165625 0.2343976765625 0.32615019375 0.1934216125 0.233201703125 0.1499264625 0.1134215171875 0.12080568750000001 0.087617403125 0.1097056796875 0 0.11343508124999999 0 0.53935085 0.0729596578125 1 0.354016865625 1
0 0.21796875 0.24296875 0.0375 0.04375
0 0.15234375 0.2703125 0.040625 0.046875
0 0.03046875 0.21640625 0.0453125 0.0390625
0 0.13359375 0.45546875 0.0359375 0.0421875
0 0.06328125 0.4640625 0.0328125 0.034375
0 0.0234375 0.48515625 0.0421875 0.046875
0 0.08046875 0.609375 0.046875 0.0484375
0 0.15859375 0.625 0.0328125 0.040625
0 0.234375 0.6828125 0.0421875 0.04375
0 0.21328125 0.53359375 0.0296875 0.0359375
0 0.31484375 0.471875 0.0640625 0.0703125
0 0.4015625 0.49765625 0.0421875 0.046875
0 0.40859375 0.41015625 0.034375 0.0375
0 0.428125 0.5296875 0.0390625 0.0421875
0 0.51875 0.59921875 0.04375 0.040625
0 0.39140625 0.69921875 0.053125 0.0609375
0 0.2859375 0.9421875 0.0546875 0.0515625
0 0.13203125 0.91171875 0.0453125 0.0359375
0 0.67578125 0.14375 0.2609375 0.2046875
1 0.27421875 0.4078125 0.0671875 0.06875
1 0.1 0.2515625 0.0515625 0.0828125
1 0.034375 0.1828125 0.06875 0.04375
1 0.153125 0.82109375 0.0734375 0.05625
1 0.2125 0.9328125 0.075 0.0609375
1 0.33203125 0.7578125 0.0734375 0.040625
1 0.26875 0.6046875 0.078125 0.059375
1 0.46875 0.48671875 0.103125 0.1046875
1 0.27734375 0.28984375 0.065625 0.096875
1 0.1578125 0.346875 0.06875 0.0546875
1 0.0859375 0.3875 0.046875 0.034375
1 0.05 0.73203125 0.028125 0.028125