4 0.7457403140625 0 0.733572853125 0.011456273437500001 0.6309761890625001 0.0797880890625 0.5585093953125 0.152450415625 0.515287384375 0.211787759375 0.49139328281249994 0.2329864484375 0.47925802031250003 0.25571963750000004 0.4662348359375 0.30664013125 0.4435994140625 0.3670694296875 0.439915478125 0.413627765625 0.42808485 0.4706834296875 0.43820292343749995 0.5489406156250001 0.458956234375 0.60984976875 0.49078732968749994 0.662238640625 0.563142190625 0.7462257625000001 0.6302153265625 0.8095918187500001 0.7809279734375 0.9101826265625 0.8178740703124999 0.923375365625 0.8788493468749999 0.93571749375 1 0.9121681921875 1 0.451855478125 0.9121681921875 0 0.7457403140625 0
0 0.67734375 0.1625 0.0390625 0.04375
0 0.7484375 0.16484375 0.0421875 0.046875
0 0.84453125 0.07265625 0.046875 0.040625
0 0.82890625 0.3328125 0.0359375 0.04375
0 0.8984375 0.31640625 0.0328125 0.0359375
0 0.94296875 0.3234375 0.04375 0.046875
0 0.93125 0.459375 0.0484375 0.05
0 0.8640625 0.50078125 0.034375 0.040625
0 0.81171875 0.58125 0.0421875 0.04375
0 0.78046875 0.43359375 0.0296875 0.0359375
0 0.6640625 0.41015625 0.065625 0.071875
0 0.59140625 0.4640625 0.04375 0.046875
0 0.55546875 0.384375 0.034375 0.0390625
0 0.578125 0.503125 0.040625 0.04375
0 0.51640625 0.59921875 0.04375 0.040625
0 0.6703125 0.65 0.0546875 0.0625
0 0.85234375 0.8421875 0.05625 0.053125
0 0.98203125 0.7609375 0.0359375 0.0375
0 0.2125 0.22578125 0.265625 0.2125
1 0.68046875 0.3359375 0.06875 0.0703125
1 0.790625 0.1296875 0.053125 0.084375
1 0.834375 0.0421875 0.08125 0.046875
1 0.9359375 0.6828125 0.0734375 0.0578125
1 0.91796875 0.80859375 0.0765625 0.0640625
1 0.74609375 0.684375 0.075 0.0421875
1 0.753125 0.51953125 0.0796875 0.0609375
1 0.525 0.4765625 0.10625 0.10625
1 0.63671875 0.2265625 0.06875 0.096875
1 0.76953125 0.2390625 0.0703125 0.0578125
1 0.85078125 0.253125 0.046875 0.0359375
1 0.99296875 0.56328125 0.0140625 0.0296875