4 0 0.9990740734375001 0.972222221875 1 0.977777778125 0.9879629624999999 0.978703703125 0.9731481484375 0.977777778125 0.8240740734375 0.975 0.8203703703125 0.9620370375 0.81851851875 0.953703703125 0.8111111109375001 0.9425925921875 0.7824074078125001 0.9 0.7148148140624999 0.8648148140625 0.6490740734375 0.775 0.5203703703125 0.747222221875 0.4990740734375 0.7203703703125 0.46851851875 0.6953703703125 0.459259259375 0.659259259375 0.4574074078125 0.609259259375 0.447222221875 0.5453703703125 0.4453703703125 0.527777778125 0.440740740625 0.4148148140625 0.4388888890625 0.340740740625 0.45 0.28148148125 0.46481481406249997 0.171296296875 0.5101851859375001 0.1361111109375 0.5324074078125001 0.03148148125 0.6324074078125 0 0.7231481484375 0 0.9990740734375001
0 0.7140625 0.70546875 0.05546875 0.06171875
0 0.45 0.53125 0.05625 0.05859375
0 0.3171875 0.4828125 0.04921875 0.04609375
0 0.21640625 0.68203125 0.0578125 0.06171875
0 0.065625 0.76953125 0.03984375 0.059375
0 0.07265625 0.9015625 0.05859375 0.04921875
0 0.23359375 0.8078125 0.06171875 0.06875
0 0.24921875 0.8640625 0.053125 0.05234375
0 0.303125 0.940625 0.06484375 0.06484375
0 0.4359375 0.92421875 0.109375 0.071875
0 0.3109375 0.87265625 0.053125 0.03984375
0 0.35234375 0.84296875 0.0609375 0.03828125
0 0.4328125 0.75703125 0.071875 0.04296875
0 0.315625 0.68125 0.0390625 0.04140625
0 0.33671875 0.64296875 0.05078125 0.04921875
0 0.58671875 0.6421875 0.04921875 0.04140625
0 0.5765625 0.54609375 0.04453125 0.04609375
0 0.67734375 0.58203125 0.0546875 0.05234375
0 0.74140625 0.81953125 0.06796875 0.06875
0 0.80078125 0.8203125 0.0546875 0.05625
0 0.83515625 0.77734375 0.0546875 0.07265625
0 0.8859375 0.8125 0.05078125 0.0515625
0 0.74765625 0.928125 0.05078125 0.05625
0 0.67890625 0.89453125 0.0640625 0.06484375
0 0.83671875 0.9703125 0.07421875 0.05859375
3 0.59140625 0.71796875 0.06796875 0.05859375
3 0.5890625 0.77109375 0.13515625 0.0671875
3 0.64140625 0.8484375 0.05625 0.07265625
3 0.821875 0.91328125 0.0421875 0.0359375
3 0.89375 0.88828125 0.06171875 0.05078125
3 0.51015625 0.53359375 0.0421875 0.05078125
3 0.375 0.7921875 0.04609375 0.03515625
3 0.41484375 0.83515625 0.03671875 0.0328125
3 0.16796875 0.87421875 0.04921875 0.0421875
3 0.3875 0.9703125 0.09140625 0.0578125
3 0.27421875 0.54453125 0.04609375 0.0390625