4 0.47685513906250004 1 0.980876503125 0.9916824328124999 0.9862211375 0.9795502718750001 0.9868883687500001 0.9647215546875 0.9833608828125 0.81568634375 0.9805188890625001 0.8120316828125 0.96752558125 0.8104063484375 0.9590642390624999 0.8031455062499999 0.9474538718750001 0.7746400906249999 0.9036881140625 0.707801134375 0.8673609515624999 0.642684471875 0.7753136281249999 0.51556785625 0.7471684093750001 0.4947595921875 0.7197873796875001 0.4646773203125 0.694629590625 0.45585578125000004 0.6584916609375 0.45463443750000004 0.60832151875 0.44532342343750003 0.5444100421875 0.44458686875 0.52673933125 0.4402649765625 0.41376125156250004 0.4403848828125 0.33989237656250004 0.452787071875 0.28090069687499997 0.468633846875 0.171524115625 0.5159203046874999 0.13673212031249998 0.538753209375 0.0338636671875 0.6405640171875 0.003970625 0.731840365625 0.0086513671875 1 0.47685513906250004 1
0 0.71796875 0.7015625 0.05625 0.0625
0 0.45078125 0.53203125 0.0578125 0.059375
0 0.3171875 0.4859375 0.05 0.046875
0 0.21953125 0.68671875 0.059375 0.0625
0 0.0703125 0.77734375 0.040625 0.059375
0 0.0796875 0.90859375 0.059375 0.05
0 0.2390625 0.8125 0.0625 0.0703125
0 0.25546875 0.86875 0.0546875 0.053125
0 0.3109375 0.94375 0.065625 0.065625
0 0.44296875 0.925 0.1109375 0.0734375
0 0.3171875 0.87578125 0.053125 0.040625
0 0.35859375 0.8453125 0.0609375 0.0390625
0 0.4375 0.7578125 0.071875 0.04375
0 0.31875 0.684375 0.0390625 0.0421875
0 0.3390625 0.64609375 0.0515625 0.05
0 0.5890625 0.640625 0.05 0.0421875
0 0.57734375 0.54453125 0.0453125 0.046875
0 0.67890625 0.57890625 0.05625 0.053125
0 0.746875 0.815625 0.06875 0.0703125
0 0.80625 0.81484375 0.05625 0.0578125
0 0.83984375 0.77109375 0.05625 0.0734375
0 0.89140625 0.80546875 0.0515625 0.053125
0 0.75546875 0.9234375 0.0515625 0.0578125
0 0.6859375 0.89140625 0.065625 0.065625
0 0.84453125 0.9640625 0.075 0.059375
3 0.5953125 0.71640625 0.06875 0.059375
3 0.59375 0.76953125 0.1359375 0.0703125
3 0.64765625 0.84609375 0.0578125 0.0734375
3 0.82890625 0.9078125 0.0421875 0.0359375
3 0.90078125 0.88125 0.0625 0.0515625
3 0.5109375 0.53359375 0.04375 0.0515625
3 0.38046875 0.79453125 0.046875 0.0359375
3 0.42109375 0.83671875 0.0375 0.0328125
3 0.17421875 0.8796875 0.05 0.04375
3 0.39609375 0.97109375 0.0921875 0.0578125
3 0.275 0.5484375 0.046875 0.040625