4 1 0.340728296875 0.94743395625 0.308051625 0.8031894234375001 0.29618258750000004 0.7618604999999999 0.3010554328125 0.6476780296875 0.335137815625 0.5923016703124999 0.360917603125 0.5277428546875 0.398898971875 0.4411195515625 0.47142802812499995 0.430361059375 0.48609730312500005 0.3818754765625 0.5277430421875 0.3494279234375 0.5671244390625 0.3225297265625 0.5912890562500001 0.30892811875000004 0.6142178609375 0.30728954375 0.6548624046875 0.29910435 0.6888938578125 0.3103009953125 0.845437715625 0.32432895781250004 0.918670621875 0.3337656953125 0.9980043203125 0.3344079265625 1 0.6766131265625 1 1 0.737616128125 1 0.340728296875
0 0.46328125 0.79453125 0.08125 0.0828125
0 0.55859375 0.49296875 0.08125 0.08125
0 0.63125 0.371875 0.0671875 0.0671875
0 0.83515625 0.46328125 0.084375 0.084375
0 0.9859375 0.4359375 0.028125 0.071875
0 0.90078125 0.571875 0.090625 0.0921875
0 0.92421875 0.625 0.075 0.0734375
0 0.93046875 0.71875 0.090625 0.090625
0 0.81640625 0.7890625 0.1296875 0.125
0 0.88125 0.6703125 0.065625 0.0640625
0 0.83046875 0.6734375 0.071875 0.06875
0 0.7140625 0.6578125 0.0828125 0.078125
0 0.75703125 0.525 0.05625 0.05625
0 0.7171875 0.50859375 0.0703125 0.0703125
0 0.521875 0.66484375 0.0640625 0.0625
0 0.46953125 0.584375 0.0640625 0.0640625
0 0.4140625 0.675 0.075 0.075
0 0.51328125 0.9 0.0953125 0.096875
0 0.46796875 0.93828125 0.078125 0.078125
0 0.4140625 0.9265625 0.0875 0.090625
0 0.396875 0.975 0.071875 0.05
0 0.5765625 0.975 0.075 0.05
0 0.609375 0.91953125 0.090625 0.090625
3 0.56640625 0.7265625 0.0890625 0.0890625
3 0.6015625 0.76640625 0.146875 0.1375
3 0.609375 0.86015625 0.0890625 0.0921875
3 0.51328125 0.5328125 0.0640625 0.065625
3 0.78125 0.6484375 0.0578125 0.05625
3 0.77734375 0.70703125 0.0484375 0.0484375
3 0.98046875 0.58203125 0.0390625 0.0640625
3 0.88359375 0.79453125 0.1078125 0.103125
3 0.703125 0.3921875 0.0609375 0.059375