4 0.4311460078125 0.9667541484375001 0.5741166484375 0.964122290625 0.5984156656249999 0.969701575 0.606798496875 0.965769396875 0.6187825046875 0.966898028125 0.6584713359375 0.9533946468750001 0.6882459421875 0.93881448125 0.7428579562500001 0.924856490625 0.7840582656249999 0.900621340625 0.8107182390625001 0.878093040625 0.9052306 0.7595093234375 0.91515684375 0.7270348656250001 0.9342834625 0.691062925 0.9534938625 0.635210690625 0.961019321875 0.5993623609375 0.968134125 0.49722909531250004 0.9596318078125 0.406716903125 0.9442979656249999 0.340886578125 0.9311774328125001 0.3024499875 0.9002783203125 0.24617095 0.8541250234375 0.18702449999999998 0.8430941890625 0.16438048593750001 0.8354571406250001 0.1550764140625 0.7922309984375 0.1278979640625 0.7239401453125 0.09263574999999999 0.67250663125 0.0789208515625 0.6216832703125 0.0739197875 0.554509028125 0.0602248046875 0.4837535234375 0.0572097421875 0.433229228125 0.0733412125 0.38552050000000004 0.076288284375 0.31186564687499996 0.1063379171875 0.24318782187500002 0.152666671875 0.19574622656250001 0.194556790625 0.15625276875 0.23333227812500001 0.130916796875 0.26914867187499997 0.08173641875 0.31430896875 0.046422356250000005 0.3846696046875 0.044216942187500004 0.40656783750000003 0.0215808234375 0.4668906421875 0.0136206671875 0.5035565140625 0.0030403187500000002 0.57867889375 0.005995284375 0.6756795906249999 0.0283680390625 0.708548915625 0.0312752828125 0.7247761875000001 0.045524446875 0.7512287703125 0.0473349921875 0.7616295375 0.07537870937499999 0.7996115171875 0.17270628125 0.882821784375 0.2065565890625 0.903966340625 0.2243870140625 0.9197390015625 0.2742572046875 0.9462554515624999 0.3338462453125 0.9485765781250001 0.4311460078125 0.9667541484375001
4 0.7453125 0.23984375 0.184375 0.18125
4 0.5703125 0.23828125 0.1671875 0.1671875
4 0.30546875 0.21640625 0.146875 0.16875
4 0.1234375 0.615625 0.16875 0.1828125
4 0.2625 0.7703125 0.19375 0.1765625
4 0.4859375 0.76328125 0.2390625 0.2375
4 0.66796875 0.82734375 0.2234375 0.2140625
4 0.7578125 0.75703125 0.1328125 0.1578125
4 0.83515625 0.56015625 0.1703125 0.1625
4 0.6078125 0.496875 0.115625 0.10625
4 0.2921875 0.490625 0.16875 0.1796875
4 0.5921875 0.4953125 0.09375 0.0859375