4 1 0.446457815625 0.9707268515624999 0.3775510953125 0.9535481062500001 0.344194821875 0.9160706031249999 0.291786125 0.9082726578125 0.2712048609375 0.8559512203124999 0.21238165625 0.796758278125 0.181488978125 0.76301564375 0.1534504296875 0.7148320578125 0.1262178453125 0.658165034375 0.0980338859375 0.5798365859375 0.071058875 0.50091404375 0.061096435937500006 0.45406819218749994 0.0705977109375 0.401090340625 0.0680925578125 0.333526125 0.08931775625 0.2721853125 0.1199320671875 0.22438808593749998 0.137916778125 0.178256803125 0.164476325 0.12141943749999999 0.21621198125 0.0867004921875 0.253652096875 0.0817317390625 0.264615753125 0.0769374734375 0.28934318281250004 0.0476650390625 0.35841961875 0.0323848765625 0.420778271875 0.0296595359375 0.4613010109375 0.0318863234375 0.5288569140625 0.047099996875 0.6184855390624999 0.080406403125 0.7152972515625 0.09695366718750001 0.747976346875 0.12996511093750002 0.7969534453125 0.15775023125 0.8267493375000001 0.175743253125 0.8555481531250001 0.2977269078125 0.9456296296875 0.3293092171875 0.9604901890624999 0.37537817812499996 0.9732361218750001 0.431741928125 0.972583875 0.4642756140625 0.9789609984375 0.5061070125 0.9817320374999999 0.5173905640625 0.977540175 0.5265054796874999 0.97916873125 0.548532503125 0.9674905062500001 0.6873127125 0.9330291624999999 0.776592365625 0.8902879453124999 0.83355020625 0.8726231312499999 0.8748581484375 0.8341028515625 0.8879987500000001 0.814252778125 0.9152230250000001 0.7850676015625 0.9876978375000001 0.679502425 1 0.64817545625 1 0.446457815625
4 0.1953125 0.31171875 0.190625 0.190625
4 0.36484375 0.265625 0.175 0.175
4 0.6140625 0.17578125 0.1625 0.165625
4 0.89375 0.5140625 0.1828125 0.184375
4 0.79921875 0.69921875 0.1953125 0.1921875
4 0.58203125 0.75078125 0.25 0.25
4 0.421875 0.86015625 0.228125 0.228125
4 0.3171875 0.81484375 0.15 0.153125
4 0.1921875 0.6453125 0.1734375 0.1734375
4 0.3953125 0.525 0.1171875 0.115625
4 0.6984375 0.43671875 0.18125 0.1828125
4 0.41015625 0.51875 0.09375 0.09375