4 0.546296296875 1 0.5694444437499999 0.99444444375 0.609259259375 0.9916666671875 0.734259259375 0.9638888890624999 0.7768518515625 0.94351851875 0.7833333328125 0.9351851859375 0.8083333328125001 0.91851851875 0.81851851875 0.9055555562500001 0.853703703125 0.8870370375000001 0.9018518515625 0.8027777781250001 0.9277777781250001 0.73148148125 0.9379629625 0.6953703703125 0.946296296875 0.63148148125 0.9546296296874999 0.6111111109375 0.95648148125 0.5324074078125001 0.934259259375 0.46944444374999994 0.928703703125 0.42592592656250006 0.9120370375 0.3731481484375 0.8898148140625001 0.3138888890625 0.8509259265625 0.240740740625 0.8 0.17962962968750001 0.759259259375 0.1546296296875 0.722222221875 0.1166666671875 0.6583333328125 0.0861111109375 0.5925925921874999 0.0666666671875 0.5453703703125 0.047222221875 0.49351851875 0.0351851859375 0.4166666671875 0.034259259375000004 0.365740740625 0.0379629625 0.3546296296875 0.0425925921875 0.334259259375 0.0574074078125 0.26574074062499997 0.08796296249999999 0.21203703749999997 0.1231481484375 0.1824074078125 0.15092592656249998 0.1379629625 0.2018518515625 0.08796296249999999 0.27777777812500004 0.046296296875 0.371296296875 0.0361111109375 0.40648148125 0.0268518515625 0.46481481406249997 0.0268518515625 0.50555555625 0.0203703703125 0.5388888890625 0.048148148437499996 0.6879629625 0.061111110937500004 0.7203703703125 0.0861111109375 0.7611111109375 0.127777778125 0.7990740734374999 0.147222221875 0.8259259265625 0.1759259265625 0.85648148125 0.1870370375 0.8611111109375 0.1925925921875 0.86851851875 0.2166666671875 0.875 0.3416666671875 0.9444444437499999 0.4361111109375 0.9740740734375001 0.48981481406249994 1 0.546296296875 1
4 0.40546875 0.1546875 0.13984375 0.13046875
4 0.5609375 0.2359375 0.1234375 0.12421875
4 0.8046875 0.340625 0.090625 0.1421875
4 0.778125 0.77890625 0.11328125 0.14609375
4 0.5828125 0.85 0.15703125 0.1171875
4 0.3890625 0.7390625 0.17890625 0.17421875
4 0.19765625 0.71015625 0.17265625 0.15
4 0.1515625 0.60546875 0.07578125 0.1390625
4 0.17578125 0.39609375 0.13203125 0.11328125
4 0.40625 0.446875 0.09296875 0.07109375
4 0.68828125 0.5890625 0.11484375 0.14296875
4 0.42109375 0.45234375 0.07421875 0.05859375