4 1 0.29295426406249997 0.9861111109375 0.28553770156249997 0.98148148125 0.2731767609375 0.953703703125 0.23980222499999998 0.890740740625 0.199011125 0.847222221875 0.179233621875 0.81851851875 0.14833127343750002 0.747222221875 0.13226205156249998 0.6583333328125 0.0852904828125 0.6120370375 0.0741656359375 0.597222221875 0.063040790625 0.565740740625 0.055624228124999994 0.49351851875 0.0716934484375 0.3046296296875 0.135970334375 0.2731481484375 0.15698393125000001 0.240740740625 0.1928306546875 0.1879629625 0.218788628125 0.1629629625 0.23733003749999998 0.10648148125000001 0.29419035781249997 0.08425925937499999 0.32385661250000003 0.060185185937499996 0.3720642765625 0.0425925921875 0.42398022187500006 0.0268518515625 0.4289245984375 0.0231481484375 0.43510506875 0.0268518515625 0.4697156984375 0.022222221875 0.49072929531250004 0.022222221875 0.5451174296875 0.028703703125 0.5710754015624999 0.030555556249999997 0.6254635359375 0.0361111109375 0.6538936953125 0.0629629625 0.72311495625 0.0740740734375 0.7428924593749999 0.1361111109375 0.8232385656250001 0.1759259265625 0.862793571875 0.21203703749999997 0.8887515453124999 0.2648148140625 0.9184178 0.3148148140625 0.939431396875 0.39444444375 0.9653893703125 0.45277777812500003 0.9765142156250001 0.627777778125 0.995055625 0.7870370375 0.9678615578124999 0.928703703125 0.899876390625 0.99351851875 0.8516687265625 1 0.8442521624999999 1 0.29295426406249997
2 0.534375 0.7765625 0.2046875 0.20078125
2 0.196875 0.628125 0.153125 0.14296875
2 0.36328125 0.446875 0.11015625 0.0859375
2 0.16015625 0.37109375 0.06953125 0.0859375
2 0.45703125 0.29296875 0.15390625 0.1
2 0.521875 0.4546875 0.11796875 0.096875
2 0.87421875 0.690625 0.1703125 0.17421875
2 0.94921875 0.4140625 0.10078125 0.13046875
2 0.63984375 0.33125 0.0828125 0.078125
2 0.5609375 0.13515625 0.103125 0.07890625