4 1 0.45646044999999996 0.9888858453125 0.4347063578125 0.9610864546875 0.395819278125 0.9516794921875 0.35470520781250003 0.8979696984375 0.30514070625 0.844475446875 0.2200176890625 0.8099441031250001 0.18723514218749998 0.80267651875 0.1701933359375 0.7791210375000001 0.1480296625 0.7085401484375 0.1258349046875 0.5128191296875 0.0870558765625 0.47504856875 0.0895134453125 0.4290595671875 0.10435391406250001 0.37037368437499996 0.10044528906250001 0.3394523453125 0.1040026203125 0.2621077875 0.1250043625 0.2280296515625 0.13958498125000002 0.18307705937500002 0.16929700625 0.14188345468750002 0.2054612375 0.125779384375 0.20187282187500002 0.1194816484375 0.205373415625 0.10538383437500001 0.2371989515625 0.09086765937499999 0.2530824453125 0.0636735921875 0.3001839515625 0.0563077328125 0.3259049546875 0.030717418749999996 0.3739323875 0.021313590625 0.4013314046875 0.009957345312500001 0.4747047015625 0.0096910984375 0.4973880765625 0.0232436953125 0.5979883640625 0.037946834375 0.6521514125000001 0.0562409859375 0.6926872328125 0.08711475468749999 0.7447678515625 0.1199092265625 0.787966159375 0.17589152187499998 0.8502612390625 0.2208472484375 0.8890623046874999 0.36313098906249996 0.9926196359375 0.38307200625000004 1 0.788675134375 1 1 0.633974596875 1 0.45646044999999996
2 0.39140625 0.75703125 0.278125 0.2765625
2 0.1734375 0.459375 0.2046875 0.2
2 0.4078125 0.3859375 0.1390625 0.1296875
2 0.2703125 0.21875 0.103125 0.109375
2 0.56640625 0.29921875 0.1828125 0.1640625
2 0.54140625 0.471875 0.15 0.1421875
2 0.72890625 0.85234375 0.234375 0.2359375
2 0.92734375 0.64921875 0.1453125 0.1640625
2 0.70546875 0.4234375 0.1109375 0.109375
2 0.73515625 0.21484375 0.128125 0.1203125