4 1 0.320929465625 0.978416340625 0.2886525671875 0.9200621265625 0.241503503125 0.87884931875 0.21728541875000001 0.8535330328124999 0.183552003125 0.7843069953125 0.1601183171875 0.7008149140625 0.1041126453125 0.6559350984375001 0.0882094609375 0.642364303125 0.0755969890625 0.611830521875 0.06493034375 0.53832425 0.0733622578125 0.34375135 0.1175427625 0.310245809375 0.135150534375 0.2742689296875 0.1674133890625 0.2190669265625 0.18771238125 0.1922657734375 0.20353900781249998 0.1301501828125 0.25418391875 0.104948728125 0.281364803125 0.0759674625 0.3267919546875 0.053044548437500005 0.3765845734375 0.036873209375 0.3798565078125 0.0325437609375 0.38561597812500004 0.032609378125 0.42042415 0.025808590625 0.4408387046875 0.0201234828125 0.49492889531250006 0.0238561109375 0.521422165625 0.0200127109375 0.5757059265625 0.022566071875 0.60456105625 0.042035234375 0.6762099 0.0510181640625 0.6970404859375 0.1043169015625 0.783431084375 0.139778984375 0.8269311859374999 0.1729789265625 0.8565215984375 0.22236661406249997 0.8915421171875 0.2698961890625 0.9176670234375001 0.346376253125 0.9518063578125 0.40322716718749996 0.9689677546875 0.5486236390625 1 0.66371488125 1 0.7365597687500001 0.995302103125 0.8845567546875 0.942497565625 0.9540555812499999 0.90132898125 0.9612767984374999 0.8946305453125 1 0.526203890625 1 0.320929465625
2 0.50546875 0.77890625 0.225 0.2203125
2 0.18515625 0.59609375 0.1671875 0.1578125
2 0.36953125 0.4328125 0.11875 0.096875
2 0.17578125 0.3359375 0.078125 0.0921875
2 0.47890625 0.28984375 0.1640625 0.115625
2 0.5265625 0.45703125 0.128125 0.109375
2 0.85234375 0.72890625 0.1875 0.190625
2 0.94921875 0.4609375 0.1015625 0.140625
2 0.65703125 0.346875 0.090625 0.0859375
2 0.5984375 0.14375 0.1109375 0.0890625