4 0.38456590468749996 0 0 0.18756532343750001 0 0.6154340953124999 0.18756532343750001 1 0.615434096875 1 1 0.8124346765625001 1 0.38456590468749996 0.8124346765625001 0 0.38456590468749996 0
2 0.28359375 0.3578125 0.1828125 0.18125
2 0.74453125 0.21796875 0.1828125 0.1859375
2 0.609375 0.31640625 0.1671875 0.1734375
2 0.57109375 0.2453125 0.171875 0.15625
2 0.42265625 0.125 0.1671875 0.184375
2 0.34609375 0.184375 0.15625 0.1734375
2 0.22578125 0.1765625 0.178125 0.1796875
2 0.284375 0.1046875 0.134375 0.134375
2 0.328125 0.6046875 0.1734375 0.1828125
2 0.2359375 0.61953125 0.1625 0.171875
2 0.13828125 0.690625 0.1921875 0.1890625
2 0.03125 0.59140625 0.0625 0.1328125
2 0.046875 0.39765625 0.09375 0.1640625
2 0.22109375 0.91484375 0.1765625 0.1703125
2 0.39921875 0.88046875 0.2078125 0.2078125
2 0.79375 0.5828125 0.2046875 0.1984375
2 0.7984375 0.44375 0.1796875 0.1703125
2 0.64609375 0.46953125 0.184375 0.1671875
2 0.86328125 0.71640625 0.2078125 0.2171875
2 0.50703125 0.95859375 0.1671875 0.0828125
2 0.69453125 0.88828125 0.2234375 0.1984375
2 0.73828125 0.7609375 0.1484375 0.1671875
2 0.64609375 0.6515625 0.1203125 0.1515625
2 0.49140625 0.55 0.1375 0.1453125
2 0.45625 0.3703125 0.1421875 0.1609375
2 0.9 0.83203125 0.1375 0.103125
2 0.21640625 0.49296875 0.128125 0.1234375
1 0.5375 0.18984375 0.16875 0.146875
1 0.75546875 0.08125 0.109375 0.10625
1 0.79375 0.4546875 0.103125 0.121875
1 0.7 0.31015625 0.125 0.1140625
1 0.42421875 0.22734375 0.2046875 0.21875
1 0.56328125 0.434375 0.1125 0.103125
1 0.38671875 0.4921875 0.140625 0.1421875
1 0.184375 0.46171875 0.1890625 0.1484375
1 0.140625 0.35859375 0.16875 0.1796875
1 0.01875 0.4421875 0.0375 0.09375
1 0.0578125 0.5234375 0.115625 0.153125
1 0.109375 0.6171875 0.1546875 0.134375
1 0.1953125 0.58125 0.096875 0.1
1 0.259375 0.7125 0.1234375 0.11875
1 0.5328125 0.67890625 0.1296875 0.1203125
1 0.45234375 0.78203125 0.14375 0.1421875
1 0.31171875 0.81640625 0.1375 0.1359375
1 0.33046875 0.921875 0.2046875 0.15625
1 0.58203125 0.77890625 0.153125 0.1515625
1 0.8484375 0.66640625 0.1328125 0.1171875
1 0.8921875 0.55703125 0.1125 0.109375
1 0.7 0.553125 0.1265625 0.1125
1 0.9625 0.7765625 0.075 0.11875
1 0.959375 0.703125 0.08125 0.11875
1 0.76875 0.87109375 0.153125 0.134375
1 0.45 0.61328125 0.1390625 0.13125
1 0.91640625 0.2609375 0.06875 0.08125
1 0.646875 0.4359375 0.1 0.0984375
1 0.7046875 0.44453125 0.078125 0.06875