4 0.08796296249999999 0 0.05648148125 0.0074142718750000005 0.0361111109375 0.019462465625 0 0.0667284515625 0 1 1 1 1 0.0611677484375 0.9675925921875 0.0426320671875 0.9138888890624999 0 0.08796296249999999 0
2 0.63203125 0.27734375 0.13671875 0.13515625
2 0.15625 0.35390625 0.1359375 0.13984375
2 0.32109375 0.3828125 0.12109375 0.13359375
2 0.32421875 0.30234375 0.1390625 0.10625
2 0.4046875 0.12890625 0.1140625 0.14921875
2 0.5 0.14921875 0.1046875 0.1421875
2 0.6046875 0.0890625 0.1328125 0.13515625
2 0.5203125 0.05 0.10078125 0.1
2 0.7 0.51875 0.12421875 0.1421875
2 0.78984375 0.49140625 0.1140625 0.13515625
2 0.90859375 0.5125 0.14609375 0.13828125
2 0.97578125 0.36953125 0.0484375 0.1234375
2 0.8890625 0.196875 0.10625 0.13046875
2 0.9375 0.7625 0.1203125 0.1578125
2 0.75703125 0.79765625 0.1546875 0.15546875
2 0.27265625 0.703125 0.15625 0.1453125
2 0.20703125 0.58046875 0.13984375 0.121875
2 0.35546875 0.53671875 0.14921875 0.1140625
2 0.26875 0.85390625 0.14921875 0.16875
2 0.71015625 0.94765625 0.1359375 0.10390625
2 0.93125 0.97109375 0.13671875 0.0578125
2 0.4953125 0.934375 0.184375 0.13125
2 0.4 0.8390625 0.09765625 0.13828125
2 0.43515625 0.7 0.06796875 0.13515625
2 0.5296875 0.54140625 0.0984375 0.11328125
2 0.48203125 0.3640625 0.09375 0.1328125
2 0.2859375 0.97421875 0.128125 0.0515625
2 0.7515625 0.36953125 0.1 0.08828125
1 0.33046875 0.2375 0.1421875 0.09375
1 0.08671875 0.2359375 0.08359375 0.078125
1 0.21640625 0.58828125 0.0640625 0.10390625
1 0.23671875 0.4171875 0.10078125 0.07734375
1 0.4484375 0.221875 0.1421875 0.17421875
1 0.4140625 0.46875 0.09140625 0.0703125
1 0.5984375 0.44296875 0.10390625 0.1078125
1 0.7671875 0.32734375 0.16953125 0.08203125
1 0.7609375 0.215625 0.1171875 0.14296875
1 0.9328125 0.22421875 0.075 0.0671875
1 0.9234375 0.31953125 0.11015625 0.1171875
1 0.90234375 0.434375 0.1296875 0.08671875
1 0.809375 0.43984375 0.0703125 0.0765625
1 0.809375 0.58515625 0.0953125 0.08515625
1 0.5484375 0.675 0.103125 0.08359375
1 0.66640625 0.7328125 0.109375 0.1046875
1 0.8078125 0.7015625 0.103125 0.1015625
1 0.84375 0.81953125 0.16796875 0.12421875
1 0.5484375 0.78671875 0.11484375 0.11328125
1 0.259375 0.80234375 0.1109375 0.0765625
1 0.17265625 0.7234375 0.0875 0.07890625
1 0.34375 0.63515625 0.1046875 0.0734375
1 0.16484375 0.971875 0.15625 0.05546875
1 0.15859375 0.8921875 0.09140625 0.0875
1 0.42109375 0.9515625 0.12890625 0.08671875
1 0.59453125 0.5796875 0.109375 0.09296875
1 0.02109375 0.46796875 0.0421875 0.0703125
1 0.33984375 0.50703125 0.075 0.0734375
1 0.29140625 0.53984375 0.065625 0.0453125