4 0.347134659375 0 0 0.23414528437499998 0 0.652865340625 0.23414528437499998 1 0.652865340625 1 1 0.765854715625 1 0.347134659375 0.765854715625 0 0.347134659375 0
2 0.26640625 0.3890625 0.1890625 0.1890625
2 0.703125 0.18671875 0.190625 0.1921875
2 0.5828125 0.303125 0.175 0.178125
2 0.53515625 0.2375 0.175 0.165625
2 0.371875 0.1390625 0.178125 0.1875
2 0.30390625 0.209375 0.165625 0.1765625
2 0.18359375 0.21796875 0.1859375 0.1859375
2 0.23125 0.13828125 0.1390625 0.1390625
2 0.34453125 0.62734375 0.1828125 0.1875
2 0.2546875 0.6546875 0.1703125 0.1765625
2 0.16796875 0.7390625 0.1984375 0.196875
2 0.04375 0.65703125 0.0875 0.1296875
2 0.04375 0.46640625 0.0875 0.1671875
2 0.284375 0.93125 0.1875 0.1375
2 0.453125 0.890625 0.215625 0.215625
2 0.80234375 0.54140625 0.2109375 0.2078125
2 0.7875 0.403125 0.184375 0.1796875
2 0.640625 0.45 0.1875 0.178125
2 0.88984375 0.6640625 0.21875 0.2234375
2 0.57578125 0.953125 0.1703125 0.09375
2 0.746875 0.8578125 0.2265625 0.2125
2 0.77265625 0.725 0.1578125 0.16875
2 0.665625 0.6296875 0.13125 0.15
2 0.4984375 0.55078125 0.1453125 0.1484375
2 0.4390625 0.37734375 0.1515625 0.1625
2 0.9375 0.77265625 0.125 0.1140625
2 0.21875 0.5328125 0.1328125 0.1296875
1 0.49375 0.1875 0.1703125 0.1578125
1 0.6953125 0.05234375 0.1125 0.1046875
1 0.784375 0.41484375 0.1109375 0.121875
1 0.671875 0.284375 0.1265625 0.1203125
1 0.3875 0.240625 0.215625 0.2234375
1 0.55390625 0.42578125 0.115625 0.109375
1 0.38671875 0.5078125 0.146875 0.146875
1 0.18203125 0.50625 0.1859375 0.1625
1 0.125 0.41015625 0.1765625 0.184375
1 0.01796875 0.5125 0.0359375 0.096875
1 0.0625 0.5875 0.125 0.159375
1 0.1296875 0.6703125 0.15625 0.14375
1 0.21015625 0.6234375 0.1015625 0.103125
1 0.29140625 0.74375 0.1265625 0.1234375
1 0.5578125 0.671875 0.1328125 0.1265625
1 0.4921875 0.7859375 0.1484375 0.1484375
1 0.3578125 0.8390625 0.1421875 0.1421875
1 0.39375 0.92890625 0.209375 0.1421875
1 0.6203125 0.76484375 0.1578125 0.1578125
1 0.86875 0.61640625 0.134375 0.125
1 0.89609375 0.50234375 0.1171875 0.1140625
1 0.70546875 0.525 0.128125 0.11875
1 0.98046875 0.70390625 0.0390625 0.1328125
1 0.96953125 0.63359375 0.0609375 0.1234375
1 0.81796875 0.83046875 0.1546875 0.14375
1 0.46640625 0.61875 0.1421875 0.1375
1 0.87890625 0.20546875 0.075 0.08125
1 0.63671875 0.41640625 0.103125 0.103125
1 0.6953125 0.41640625 0.0796875 0.075