4 0.40339508906250005 0 0.34338810625 0.034850189062499995 0.2278541609375 0.12159015 0.2085413296875 0.12845386875 0.19476948593750001 0.143913678125 0.182753884375 0.1826767171875 0.14944135625 0.21222836875 0.13106381875 0.2383366421875 0.10543512343749999 0.2536599046875 0.10123990468749999 0.2663377046875 0.08138005312499999 0.2830289390625 0.0736279453125 0.3031857515625 0.0375112 0.3502035140625 0.0241728671875 0.378249815625 0.01240815625 0.4203418890625 0.009923939062500001 0.4728084953125 0.003973309374999999 0.49978295624999997 0.00009808749999999999 0.5474612546875 0 0.5478510375 0 0.67216380625 0.25613370625 1 0.67216380625 1 0.955217934375 0.778853878125 0.9920873531250001 0.7418232140625001 1 0.7285229828124999 1 0.32783619375 0.7438662953125 0 0.40339508906250005 0
0 0.66171875 0.93515625 0.0984375 0.1
0 0.9546875 0.6984375 0.090625 0.09375
0 0.4296875 0.75625 0.0703125 0.071875
0 0.5265625 0.61640625 0.0875 0.0859375
0 0.97578125 0.34609375 0.0484375 0.0734375
0 0.76484375 0.58828125 0.0734375 0.06875
0 0.8203125 0.6625 0.0671875 0.06875
0 0.715625 0.1375 0.0609375 0.0625
0 0.71328125 0.0375 0.0796875 0.075
0 0.4265625 0.18671875 0.05625 0.05625
0 0.50859375 0.196875 0.053125 0.053125
0 0.37578125 0.25390625 0.059375 0.059375
0 0.41171875 0.2640625 0.0640625 0.0640625
0 0.30546875 0.39921875 0.0671875 0.065625
0 0.33046875 0.440625 0.0546875 0.0546875
0 0.15234375 0.6328125 0.071875 0.06875
0 0.20546875 0.68828125 0.084375 0.0828125
0 0.278125 0.68046875 0.06875 0.065625
0 0.33203125 0.75859375 0.065625 0.0671875
0 0.6296875 0.18515625 0.071875 0.0703125
0 0.62578125 0.140625 0.040625 0.040625
0 0.53515625 0.10625 0.0390625 0.0375
0 0.58828125 0.403125 0.053125 0.0515625
0 0.521875 0.42421875 0.075 0.0734375
0 0.65546875 0.44375 0.0703125 0.06875
0 0.26328125 0.41640625 0.046875 0.05
0 0.1953125 0.459375 0.0421875 0.0421875
0 0.28984375 0.465625 0.0453125 0.0453125
0 0.1484375 0.5421875 0.0828125 0.0765625
0 0.73828125 0.69375 0.0421875 0.04375
1 0.91875 0.33671875 0.1421875 0.134375
1 0.79296875 0.4828125 0.1234375 0.1203125
1 0.7515625 0.85859375 0.1109375 0.1125
1 0.05546875 0.54609375 0.1046875 0.109375
1 0.10703125 0.38046875 0.1125 0.109375
1 0.74140625 0.30390625 0.0953125 0.0953125
1 0.50625 0.771875 0.1234375 0.11875