4 1 0.3120370375 0.9648148140625 0.28148148125 0.9648148140625 0.26574074062499997 0.95648148125 0.25555555625 0.9231481484374999 0.2296296296875 0.890740740625 0.19444444375 0.86944444375 0.1768518515625 0.8351851859374999 0.13703703750000001 0.8 0.1111111109375 0.772222221875 0.097222221875 0.7148148140624999 0.0824074078125 0.696296296875 0.071296296875 0.6703703703125 0.0703703703125 0.659259259375 0.0629629625 0.6296296296875 0.0666666671875 0.5990740734375 0.0574074078125 0.5546296296875 0.0546296296875 0.521296296875 0.03148148125 0.5009259265625 0.027777778125000003 0.48148148125 0.034259259375000004 0.33703703749999997 0.037037037499999995 0.25648148125 0.048148148437499996 0.1166666671875 0.08796296249999999 0.078703703125 0.1129629625 0.065740740625 0.1175925921875 0.0509259265625 0.134259259375 0 0.15648148125 0 0.8629629624999999 0.0148148140625 0.85555555625 0.028703703125 0.8666666671875 0.0648148140625 0.8833333328125 0.075 0.89351851875 0.11388888906250001 0.9111111109375001 0.11851851875 0.9166666671874999 0.15277777812499999 0.934259259375 0.1601851859375 0.9416666671874999 0.1768518515625 0.9490740734375 0.18055555625 0.95555555625 0.2018518515625 0.9620370375 0.2046296296875 0.975 0.19537037031249999 0.9879629624999999 0.20370370312500002 1 0.23148148124999998 1 0.2370370375 0.9870370375 0.24444444375000002 0.9870370375 0.2611111109375 0.99351851875 0.3129629625 1 0.75 1 0.7833333328125 0.98148148125 0.8074074078125 0.9768518515625001 0.8194444437499999 0.9675925921875 0.8453703703125001 0.9620370375 0.8509259265625 0.95648148125 0.8888888890625 0.9398148140625 0.8981481484374999 0.9305555562500001 0.9120370375 0.925 0.9175925921875001 0.915740740625 0.9472222218749999 0.89351851875 0.959259259375 0.8879629625 0.9759259265625 0.8629629624999999 1 0.8425925921875 1 0.3120370375
0 0.640625 0.9421875 0.0671875 0.07421875
0 0.26328125 0.9375 0.0640625 0.06796875
0 0.71328125 0.65859375 0.04765625 0.053125
0 0.55078125 0.6078125 0.0671875 0.05625
0 0.021875 0.678125 0.04375 0.059375
0 0.3453125 0.7328125 0.0625 0.03828125
0 0.34765625 0.825 0.04296875 0.053125
0 0.10703125 0.346875 0.04140625 0.04609375
0 0.04609375 0.265625 0.0578125 0.0546875
0 0.04921875 0.18046875 0.03671875 0.03984375
0 0.36484375 0.2078125 0.04140625 0.0390625
0 0.30703125 0.26640625 0.0359375 0.0390625
0 0.446875 0.2296875 0.0390625 0.0453125
0 0.42421875 0.26015625 0.04921875 0.0421875
0 0.59140625 0.30078125 0.05078125 0.04296875
0 0.596875 0.34921875 0.0421875 0.0359375
0 0.85546875 0.390625 0.05859375 0.04140625
0 0.8484375 0.4671875 0.0609375 0.0578125
0 0.7859375 0.50546875 0.05546875 0.03984375
0 0.79140625 0.60078125 0.0421875 0.053125
0 0.20390625 0.33203125 0.05625 0.04453125
0 0.1796875 0.29375 0.03203125 0.02578125
0 0.2296875 0.21171875 0.02890625 0.02578125
0 0.37109375 0.478125 0.03984375 0.03515625
0 0.4359375 0.45390625 0.05859375 0.04765625
0 0.34296875 0.5515625 0.0515625 0.04765625
0 0.63515625 0.28828125 0.02578125 0.04296875
0 0.71484375 0.28046875 0.03125 0.0296875
0 0.64453125 0.34375 0.03203125 0.03203125
0 0.803125 0.31640625 0.07734375 0.0359375
0 0.43125 0.79921875 0.028125 0.0328125
1 0.06953125 0.62890625 0.12265625 0.07421875
1 0.25859375 0.66640625 0.0953125 0.078125
1 0.52265625 0.9375 0.07421875 0.08515625
1 0.87890625 0.2625 0.06484375 0.0875
1 0.7359375 0.1640625 0.0875 0.07109375
1 0.1890625 0.49453125 0.07109375 0.06484375
1 0.6625 0.71796875 0.096875 0.07578125