4 1 0.3252674875 0.962602475 0.2775807671875 0.9039626078125 0.221242321875 0.788737334375 0.1340927375 0.7768161671875 0.1174199515625 0.758159209375 0.10844290625 0.7175858359375 0.1075773109375 0.6799967890625 0.0837007921875 0.64983436875 0.073231584375 0.628040478125 0.052819365625 0.6146974359375 0.0522811375 0.5931786734375 0.03779135 0.57166593125 0.035895517187499996 0.516514434375 0.014137725 0.4858780546875 0.0090467046875 0.44217376406250003 0.0093398859375 0.3910548828125 0.021413660937500002 0.36348515 0.0231287171875 0.3165856734375 0.032545534375000004 0.2743795625 0.0339272078125 0.2616510546875 0.0372689859375 0.252398878125 0.0500035125 0.205973359375 0.054042142187499996 0 0.3375401515625 0 0.7492785296875 0.003853125 0.757562184375 0.3375401515625 1 0.754762725 1 1 0.662459846875 1 0.3252674875
0 0.1265625 0.775 0.0984375 0.1
0 0.43359375 0.9734375 0.0921875 0.053125
0 0.234375 0.503125 0.0703125 0.0703125
0 0.3953125 0.55703125 0.0875 0.084375
0 0.78203125 0.925 0.0703125 0.0734375
0 0.48828125 0.77890625 0.0734375 0.0671875
0 0.43203125 0.85234375 0.065625 0.06875
0 0.9078125 0.60703125 0.0609375 0.0609375
0 0.98203125 0.5765625 0.0359375 0.078125
0 0.78125 0.34296875 0.05625 0.05625
0 0.79375 0.42421875 0.0515625 0.053125
0 0.7015625 0.3125 0.0578125 0.059375
0 0.70234375 0.35078125 0.0640625 0.0625
0 0.54296875 0.28515625 0.065625 0.0640625
0 0.51015625 0.32109375 0.0546875 0.053125
0 0.2765625 0.20234375 0.071875 0.0671875
0 0.2375 0.26875 0.0828125 0.0828125
0 0.265625 0.33671875 0.06875 0.0640625
0 0.2046875 0.41015625 0.065625 0.0671875
0 0.83828125 0.53828125 0.071875 0.06875
0 0.88046875 0.52109375 0.040625 0.0390625
0 0.88828125 0.42578125 0.0390625 0.0375
0 0.6171875 0.5578125 0.053125 0.0515625
0 0.57890625 0.5 0.075 0.0734375
0 0.596875 0.634375 0.0703125 0.06875
0 0.51484375 0.24921875 0.046875 0.05
0 0.45546875 0.19609375 0.0421875 0.0421875
0 0.475 0.28828125 0.0453125 0.0453125
0 0.3625 0.1734375 0.084375 0.075
0 0.3796875 0.7828125 0.0421875 0.04375
1 0.77265625 0.85703125 0.1421875 0.1328125
1 0.59765625 0.7765625 0.1234375 0.11875
1 0.22421875 0.840625 0.109375 0.1125
1 0.3328125 0.08515625 0.103125 0.109375
1 0.50625 0.08984375 0.1125 0.109375
1 0.7546875 0.678125 0.0953125 0.09375
1 0.240625 0.58046875 0.1234375 0.11875