4 1 0.4252744984375 0.9484583765625001 0.25668944531250004 0.93306593125 0.223815840625 0.8682421937499999 0.16030588437499999 0.79150343125 0.1102420765625 0.68926580625 0.072875734375 0.6466963328124999 0.0515787671875 0.5395640140625 0.028780029687499997 0.4605036703125 0.023541121875 0.4014321515625 0.026896057812500002 0.387400840625 0.0115791390625 0.0210005515625 0.12359895000000001 0.0020651921875 0.13592364375 0 0.13618037031250002 0 0.5747255 0.1068181484375 0.924111921875 0.2012522234375 0.98837245 0.264231390625 1 0.534072715625 1 0.5397852890625 0.9992450406250001 0.6668134125 0.9473375 0.7715685578125 0.8793649828125 0.826090484375 0.8349197703125 0.901086134375 0.7613406046875 0.980985834375 0.6601198265625 1 0.60555714375 1 0.4252744984375
3 0.653125 0.7703125 0.128125 0.13125
3 0.88125 0.578125 0.18125 0.190625
3 0.85703125 0.40859375 0.1015625 0.0921875
3 0.72109375 0.2859375 0.103125 0.1265625
3 0.7203125 0.37578125 0.0921875 0.0875
3 0.6015625 0.453125 0.096875 0.1046875
3 0.6375 0.60078125 0.15 0.1484375
3 0.5625 0.79765625 0.1390625 0.1578125
3 0.47421875 0.76796875 0.1328125 0.153125
3 0.24453125 0.80078125 0.25625 0.246875
3 0.32734375 0.61640625 0.146875 0.125
3 0.453125 0.521875 0.084375 0.0875
3 0.4703125 0.415625 0.0875 0.084375
3 0.5859375 0.33984375 0.0890625 0.103125
3 0.4171875 0.228125 0.0796875 0.06875
3 0.37421875 0.46953125 0.1203125 0.1109375
3 0.22890625 0.53125 0.1015625 0.121875
3 0.0921875 0.70546875 0.0875 0.1078125