4 0.447447884375 0 0.1850178671875 0.055781221874999995 0.10176405625 0.109448609375 0.060998992187500004 0.1626042375 0.00911625 0.212443334375 0 0.21894554843749997 0 0.552552115625 0.0951079828125 1 0.55255211875 1 0.9725725796875 0.9107218953125 1 0.8740776765625 1 0.44744788281250003 0.9330531499999999 0.13248771875 0.8899738578124999 0.09904697968750001 0.8406115828124999 0.0716747875 0.8240816765625001 0.0562560953125 0.7198222609375 0.0244602546875 0.67523781875 0.0017521718750000003 0.666830378125 0 0.447447884375 0
0 0.4171875 0.803125 0.075 0.0765625
0 0.28671875 0.71953125 0.0671875 0.071875
0 0.2984375 0.6453125 0.071875 0.0703125
0 0.3515625 0.671875 0.075 0.06875
0 0.4015625 0.61015625 0.078125 0.0765625
0 0.43515625 0.65234375 0.078125 0.0765625
0 0.546875 0.6015625 0.071875 0.0640625
0 0.659375 0.52734375 0.0671875 0.06875
0 0.59921875 0.6375 0.071875 0.078125
0 0.6921875 0.7125 0.0890625 0.0796875
0 0.85390625 0.62265625 0.0953125 0.1296875
0 0.81171875 0.43359375 0.0703125 0.06875
0 0.81953125 0.503125 0.078125 0.084375
0 0.9046875 0.45 0.128125 0.109375
0 0.65859375 0.4484375 0.1015625 0.121875
0 0.71953125 0.4296875 0.06875 0.071875
0 0.421875 0.528125 0.059375 0.0640625
0 0.3796875 0.46796875 0.078125 0.075
0 0.28515625 0.47109375 0.084375 0.084375
0 0.2203125 0.49140625 0.0859375 0.0765625
0 0.16171875 0.61328125 0.0921875 0.06875
0 0.0546875 0.2984375 0.109375 0.11875
0 0.1296875 0.22109375 0.0671875 0.0625
0 0.2421875 0.18046875 0.0609375 0.0515625
0 0.21953125 0.27890625 0.0515625 0.0578125
0 0.25703125 0.2375 0.0546875 0.053125
0 0.26328125 0.29375 0.0453125 0.053125
0 0.29765625 0.3359375 0.0703125 0.05625
0 0.30234375 0.378125 0.0609375 0.0609375
0 0.40703125 0.34921875 0.065625 0.06875
0 0.48359375 0.30859375 0.0578125 0.0703125
0 0.5546875 0.20234375 0.1078125 0.1109375
0 0.446875 0.146875 0.0765625 0.0765625
0 0.60625 0.2875 0.0703125 0.075
0 0.540625 0.3125 0.0515625 0.046875
0 0.646875 0.37421875 0.0703125 0.065625
0 0.63828125 0.3375 0.0484375 0.040625
0 0.71953125 0.33203125 0.06875 0.0859375
0 0.76328125 0.23671875 0.046875 0.0515625
0 0.89296875 0.30546875 0.0515625 0.05
0 0.48046875 0.51328125 0.0640625 0.071875
0 0.58203125 0.4625 0.059375 0.0515625
0 0.47890625 0.38125 0.059375 0.0640625
0 0.53203125 0.36953125 0.06875 0.065625
0 0.14140625 0.7203125 0.084375 0.0859375
0 0.20078125 0.675 0.08125 0.075
0 0.0609375 0.64453125 0.084375 0.06875
0 0.02890625 0.56484375 0.0578125 0.0734375
0 0.3359375 0.16015625 0.0609375 0.0578125
0 0.4609375 0.7171875 0.090625 0.0890625
1 0.82578125 0.71875 0.2140625 0.2078125
1 0.4921875 0.809375 0.171875 0.1859375
1 0.60390625 0.5390625 0.084375 0.09375
1 0.74453125 0.57421875 0.140625 0.1625
1 0.8921875 0.5046875 0.09375 0.0859375
1 0.8421875 0.365625 0.109375 0.103125
1 0.57421875 0.37578125 0.0984375 0.10625
1 0.14375 0.56328125 0.1515625 0.1140625
1 0.05078125 0.459375 0.1015625 0.121875
1 0.07890625 0.3609375 0.0703125 0.0671875
1 0.21796875 0.39609375 0.1578125 0.125
1 0.3125 0.24609375 0.0796875 0.0734375
1 0.1796875 0.29609375 0.121875 0.10625
1 0.58046875 0.1140625 0.08125 0.1078125
1 0.67109375 0.1625 0.096875 0.1125
1 0.81015625 0.1828125 0.1015625 0.1234375
1 0.4546875 0.23359375 0.1234375 0.1234375
1 0.36796875 0.55390625 0.078125 0.084375
1 0.25 0.57734375 0.0796875 0.065625