4 0.2898148140625 0 0.22685185156249998 0.021296296875000002 0.1768518515625 0.052777778124999994 0.15648148125 0.061111110937500004 0.08055555625000001 0.1111111109375 0.030555556249999997 0.1583333328125 0.0083333328125 0.190740740625 0 0.197222221875 0 0.890740740625 0.040740740625 0.9166666671874999 0.0824074078125 0.953703703125 0.13333333281249998 0.9824074078124999 0.15648148125 1 0.75555555625 1 0.803703703125 0.98055555625 0.8462962968750001 0.9574074078124999 0.8870370375000001 0.9611111109375001 0.9166666671874999 0.9518518515625001 0.9333333328125001 0.9416666671874999 1 0.86851851875 1 0.147222221875 0.95 0.097222221875 0.9129629625 0.0731481484375 0.89444444375 0.0759259265625 0.8731481484374999 0.0666666671875 0.8453703703125001 0.047222221875 0.7583333328124999 0 0.2898148140625 0
3 0.68671875 0.4421875 0.0421875 0.1125
3 0.76796875 0.12265625 0.1125 0.1078125
3 0.5484375 0.07421875 0.078125 0.1078125
3 0.26875 0.7015625 0.09375 0.13359375
3 0.12421875 0.653125 0.12890625 0.14921875
3 0.1859375 0.721875 0.08515625 0.09765625
3 0.20859375 0.44296875 0.11328125 0.1
3 0.21171875 0.265625 0.09765625 0.090625
3 0.28984375 0.25390625 0.0546875 0.1109375
3 0.53125 0.46484375 0.07578125 0.103125
3 0.5828125 0.4609375 0.08515625 0.0515625
3 0.78359375 0.56953125 0.0328125 0.12265625
3 0.3609375 0.565625 0.0984375 0.1171875
3 0.4171875 0.2390625 0.08359375 0.05859375