4 1 0.21711361093749998 0.7274141828125 0.053327528125 0.7100941656249999 0.0647949875 0.6535889546875 0.0472490140625 0.575609634375 0.0332058765625 0.46614408906250004 0.029409739062500002 0.41968690937500003 0.0397756078125 0.3114464421875 0.051298490625000005 0.22487561718750002 0.0813104015625 0.146612971875 0.127251559375 0.1237249046875 0.1554249078125 0.0005986140625 0.360341465625 0 0.3639007546875 0 0.5510474999999999 0.0476038234375 0.6565461531250001 0.10257137031250001 0.7460827937500001 0.1447214921875 0.8023978406250001 0.22992092187500002 0.893693846875 0.340618196875 0.974790396875 0.4045234625 1 0.7828863890625 1 1 0.638662271875 1 0.21711361093749998
3 0.2859375 0.725 0.140625 0.14375
3 0.1109375 0.4828125 0.2015625 0.20625
3 0.17578125 0.325 0.109375 0.1046875
3 0.33671875 0.2390625 0.1203125 0.1328125
3 0.31640625 0.32578125 0.1 0.0984375
3 0.4125 0.43046875 0.1078125 0.1125
3 0.3421875 0.56484375 0.1640625 0.1640625
3 0.3671875 0.77421875 0.1578125 0.16875
3 0.46015625 0.76640625 0.153125 0.1625
3 0.675 0.85390625 0.2796875 0.2734375
3 0.6390625 0.6546875 0.1546875 0.14375
3 0.53984375 0.53203125 0.09375 0.0953125
3 0.54921875 0.42578125 0.0953125 0.09375
3 0.45546875 0.3234375 0.1015625 0.109375
3 0.64609375 0.25625 0.084375 0.078125
3 0.6296875 0.5015625 0.1296875 0.125
3 0.75546875 0.59609375 0.11875 0.128125
3 0.84609375 0.7984375 0.103125 0.1125