4 0.284259259375 0 0.1916666671875 0.0351851859375 0.140740740625 0.078703703125 0.07962962968750001 0.1166666671875 0.037037037499999995 0.1351851859375 0.0148148140625 0.15648148125 0 0.1648148140625 0 0.9351851859375 0.0083333328125 0.946296296875 0.040740740625 0.9574074078124999 0.065740740625 0.9740740734375001 0.071296296875 0.98148148125 0.11388888906250001 1 0.8768518515625001 1 0.928703703125 0.9546296296874999 0.95 0.93148148125 1 0.8916666671875 1 0.23055555625 0.9648148140625 0.1888888890625 0.922222221875 0.1518518515625 0.909259259375 0.13333333281249998 0.8138888890624999 0.08055555625000001 0.775 0.0490740734375 0.6972222218749999 0.0148148140625 0.678703703125 0 0.284259259375 0
0 0.35625 0.7796875 0.0625 0.065625
0 0.24609375 0.6703125 0.05546875 0.0609375
0 0.27265625 0.6 0.06171875 0.05859375
0 0.31875 0.6375 0.06484375 0.05625
0 0.38046875 0.5875 0.065625 0.0640625
0 0.4046875 0.63515625 0.065625 0.0640625
0 0.525 0.609375 0.06171875 0.053125
0 0.65 0.56015625 0.05625 0.05859375
0 0.56875 0.65546875 0.05859375 0.06796875
0 0.64375 0.74765625 0.07734375 0.065625
0 0.8203125 0.69375 0.07265625 0.11640625
0 0.81875 0.5 0.059375 0.0578125
0 0.81171875 0.56953125 0.0640625 0.07265625
0 0.90625 0.53515625 0.1125 0.0875
0 0.665625 0.4828125 0.08046875 0.10703125
0 0.7296875 0.4765625 0.0578125 0.06171875
0 0.41796875 0.5109375 0.04921875 0.0546875
0 0.3890625 0.44375 0.0671875 0.0625
0 0.29609375 0.42734375 0.071875 0.0703125
0 0.228125 0.43359375 0.07421875 0.0625
0 0.1453125 0.540625 0.08359375 0.05234375
0 0.10546875 0.21015625 0.09375 0.1015625
0 0.19609375 0.15 0.05859375 0.05078125
0 0.3140625 0.13359375 0.053125 0.04140625
0 0.271875 0.22578125 0.0421875 0.05078125
0 0.3171875 0.19296875 0.04609375 0.04453125
0 0.3109375 0.24921875 0.03671875 0.04609375
0 0.3359375 0.29765625 0.0625 0.04453125
0 0.33203125 0.33984375 0.0515625 0.05078125
0 0.440625 0.33359375 0.0546875 0.059375
0 0.5234375 0.309375 0.0453125 0.0625
0 0.615625 0.2203125 0.08984375 0.09453125
0 0.52109375 0.14375 0.06484375 0.06484375
0 0.6484375 0.3140625 0.05859375 0.0640625
0 0.57890625 0.325 0.04453125 0.0390625
0 0.66953125 0.4078125 0.0609375 0.0546875
0 0.66875 0.36953125 0.04296875 0.03203125
0 0.75 0.38125 0.053125 0.07734375
0 0.8125 0.29765625 0.0390625 0.04453125
0 0.925 0.39140625 0.04296875 0.0421875
0 0.478125 0.50859375 0.0515625 0.0625
0 0.58828125 0.48046875 0.0515625 0.04140625
0 0.50390625 0.3796875 0.04921875 0.05546875
0 0.55859375 0.37890625 0.059375 0.0546875
0 0.103125 0.640625 0.07109375 0.07265625
0 0.17109375 0.609375 0.0703125 0.06171875
0 0.040625 0.55 0.075 0.0546875
0 0.025 0.465625 0.04921875 0.06484375
0 0.41015625 0.13359375 0.05234375 0.0484375
0 0.41640625 0.70390625 0.07734375 0.07421875
1 0.7734375 0.78203125 0.18125 0.17421875
1 0.428125 0.80078125 0.1421875 0.16015625
1 0.59375 0.56015625 0.06875 0.08125
1 0.7234375 0.6234375 0.11328125 0.1421875
1 0.8828125 0.5859375 0.08046875 0.07109375
1 0.8625 0.43984375 0.09375 0.08515625
1 0.5984375 0.39375 0.08046875 0.09140625
1 0.13828125 0.4875 0.13671875 0.08828125
1 0.06171875 0.36640625 0.0984375 0.10390625
1 0.1171875 0.2765625 0.059375 0.05625
1 0.24609375 0.33984375 0.140625 0.09765625
1 0.36953125 0.2125 0.06796875 0.0609375
1 0.22890625 0.23359375 0.10625 0.08671875
1 0.65859375 0.1390625 0.06171875 0.096875
1 0.7375 0.20546875 0.07890625 0.0984375
1 0.86953125 0.25390625 0.08125 0.109375
1 0.5109375 0.2296875 0.1046875 0.1046875
1 0.359375 0.525 0.0640625 0.07265625
1 0.2390625 0.5234375 0.0703125 0.05234375