4 0.46487867187500004 0 0.455938696875 0.01875 0.3984674328125 0.0328125 0.324393359375 0.0609375 0.22860791875 0.1140625 0.194125159375 0.146875 0.10727969374999999 0.2125 0.048531290625 0.2828125 0.00510855625 0.3625 0 0.3984375 0 0.6375 0.0319284796875 0.71875 0.08684546562499999 0.79375 0.19284802031249998 0.8671875 0.2860791828125 0.915625 0.35121328281249997 0.9421875 0.4712643671875 0.9765625 0.6079182624999999 0.9890625 0.7484035765625 0.965625 0.7841634734375 0.9546875 0.9284802046875 0.8796875 1 0.790625 1 0 0.9054916984375 0 0.8697317999999999 0.00625 0.848020434375 0 0.46487867187500004 0
3 0.4328125 0.803125 0.10078125 0.10625
3 0.1578125 0.6859375 0.14140625 0.15625
3 0.13203125 0.5171875 0.08515625 0.07109375
3 0.22578125 0.36015625 0.0734375 0.11015625
3 0.253125 0.4453125 0.07578125 0.06875
3 0.3890625 0.48515625 0.07421875 0.08671875
3 0.39765625 0.63671875 0.1203125 0.11875
3 0.52734375 0.803125 0.10390625 0.13359375
3 0.603125 0.7484375 0.1 0.1296875
3 0.83203125 0.71328125 0.20859375 0.19453125
3 0.69921875 0.5609375 0.125 0.09296875
3 0.55078125 0.50703125 0.065625 0.071875
3 0.50390625 0.4109375 0.071875 0.065625
3 0.37109375 0.371875 0.0671875 0.08671875
3 0.5 0.215625 0.0671875 0.05078125
3 0.61171875 0.434375 0.1 0.08515625
3 0.76875 0.45078125 0.075 0.1046875
3 0.95 0.57734375 0.06328125 0.09375