4 0.2877625921875 0 0 0.2979868875 0 0.7122374078125 0.2979868875 1 0.7122374078125 1 1 0.7020131125 1 0.2891956234375 0.9985237546875 0.2863369984375 0.7020131140625 0 0.2877625921875 0
3 0.40546875 0.32890625 0.1078125 0.1109375
3 0.56875 0.06015625 0.15625 0.1203125
3 0.7609375 0.16015625 0.13125 0.13125
3 0.5265625 0.80546875 0.1609375 0.1609375
3 0.6640625 0.87109375 0.196875 0.196875
3 0.571875 0.878125 0.1296875 0.1296875
3 0.74921875 0.66171875 0.1515625 0.15
3 0.8703125 0.53203125 0.1328125 0.1328125
3 0.821875 0.46875 0.115625 0.1171875
3 0.5015625 0.453125 0.1265625 0.1265625
3 0.4671875 0.4140625 0.096875 0.096875
3 0.24765625 0.353125 0.109375 0.1109375
3 0.5546875 0.64375 0.1515625 0.153125
3 0.740625 0.36953125 0.1015625 0.1