4 0.46503659375 0 0.253448878125 0.029736714062500003 0.23717240468749998 0.04698463125 0.164919521875 0.09173505625 0.13079047187499998 0.1283224515625 0.0436934859375 0.1938595875 0.0334339578125 0.21400198124999997 0 0.252475675 0 0.5349634078125 0.0593754296875 0.9574415453125 0.114429984375 0.9899102281250001 0.12671961874999998 1 0.534963403125 1 0.9519400546875 0.941397753125 0.9915408593749999 0.9171317125 0.9960114375 0.909023209375 1 0.9054707703125 1 0.465036596875 0.948485271875 0.09849026250000001 0.9326548593749999 0.092299853125 0.9076850296875 0.074303546875 0.8629296656250001 0.061892992187499996 0.7971298609375 0.0328045046875 0.74566761875 0 0.46503659375 0
0 0.68125 0.75703125 0.0703125 0.0734375
0 0.775 0.63359375 0.0640625 0.06875
0 0.7390625 0.5671875 0.06875 0.0671875
0 0.6984375 0.6109375 0.071875 0.0640625
0 0.63046875 0.5703125 0.0734375 0.071875
0 0.61328125 0.6203125 0.0734375 0.071875
0 0.490625 0.61171875 0.06875 0.0609375
0 0.36015625 0.58046875 0.0640625 0.065625
0 0.45390625 0.66328125 0.0671875 0.075
0 0.3921875 0.765625 0.0859375 0.075
0 0.21015625 0.73671875 0.0875 0.125
0 0.184375 0.54453125 0.0671875 0.065625
0 0.20078125 0.6125 0.0734375 0.08125
0 0.10234375 0.59140625 0.1234375 0.1015625
0 0.33359375 0.50625 0.0953125 0.1171875
0 0.26953125 0.50859375 0.065625 0.06875
0 0.5828125 0.49921875 0.05625 0.0609375
0 0.60234375 0.42890625 0.075 0.071875
0 0.6921875 0.4 0.08125 0.0796875
0 0.76015625 0.39609375 0.0828125 0.071875
0 0.85703125 0.490625 0.090625 0.0640625
0 0.85 0.1578125 0.10625 0.1140625
0 0.75234375 0.1109375 0.065625 0.0578125
0 0.6328125 0.1109375 0.0578125 0.0484375
0 0.6875 0.196875 0.0484375 0.05625
0 0.63828125 0.1703125 0.0515625 0.05
0 0.65234375 0.225 0.0421875 0.05
0 0.634375 0.2765625 0.06875 0.053125
0 0.64375 0.31796875 0.0578125 0.0578125
0 0.5359375 0.3265625 0.0625 0.0671875
0 0.45 0.31484375 0.053125 0.06875
0 0.346875 0.2390625 0.1015625 0.10625
0 0.4296875 0.15 0.0734375 0.0734375
0 0.32734375 0.33671875 0.0671875 0.071875
0 0.39765625 0.3375 0.05 0.0453125
0 0.31953125 0.43203125 0.0671875 0.0625
0 0.31484375 0.39453125 0.046875 0.0375
0 0.2359375 0.4171875 0.0640625 0.084375
0 0.1625 0.34296875 0.0453125 0.05
0 0.0640625 0.4515625 0.0484375 0.0484375
0 0.52265625 0.50546875 0.059375 0.06875
0 0.41015625 0.49296875 0.05625 0.0484375
0 0.4796875 0.38125 0.05625 0.0625
0 0.425 0.38828125 0.0671875 0.0625
0 0.9125 0.584375 0.08125 0.08125
0 0.840625 0.5625 0.078125 0.0703125
0 0.96015625 0.48515625 0.0796875 0.0640625
0 0.965625 0.4 0.0578125 0.0703125
0 0.53828125 0.125 0.0578125 0.0546875
0 0.6109375 0.690625 0.0875 0.084375
1 0.26875 0.8171875 0.203125 0.1984375
1 0.61328125 0.7875 0.1625 0.178125
1 0.415625 0.57265625 0.0796875 0.090625
1 0.29609375 0.653125 0.13125 0.15625
1 0.1328125 0.63828125 0.0890625 0.08125
1 0.1328125 0.490625 0.1046875 0.096875
1 0.3875 0.40859375 0.0921875 0.1015625
1 0.85625 0.4375 0.1484375 0.10625
1 0.915625 0.30703125 0.1125 0.1171875
1 0.84765625 0.22578125 0.0671875 0.0640625
1 0.72890625 0.30625 0.153125 0.115625
1 0.5890625 0.196875 0.0765625 0.0703125
1 0.73125 0.1984375 0.1171875 0.1
1 0.29296875 0.16484375 0.075 0.1046875
1 0.2234375 0.24140625 0.0921875 0.1078125
1 0.1 0.3078125 0.0953125 0.1203125
1 0.4515625 0.23359375 0.11875 0.11875
1 0.64296875 0.50546875 0.0734375 0.08125
1 0.76171875 0.48671875 0.0765625 0.0609375