4 0.3180148828125 0 0 0.2668461703125 0 0.6819851171875 0.2668461703125 1 0.6819851171875 1 1 0.7331538296875 1 0.3180148828125 0.7331538281250001 0 0.3180148828125 0
3 0.31953125 0.57578125 0.1046875 0.1140625
3 0.06484375 0.38203125 0.1296875 0.1546875
3 0.1890625 0.2046875 0.1296875 0.1328125
3 0.80703125 0.50546875 0.1578125 0.1625
3 0.8859375 0.37578125 0.1953125 0.196875
3 0.88359375 0.46796875 0.128125 0.1296875
3 0.68671875 0.26875 0.1515625 0.15
3 0.5703125 0.13515625 0.1328125 0.1328125
3 0.503125 0.1765625 0.1125 0.1203125
3 0.453125 0.49296875 0.125 0.128125
3 0.41171875 0.5234375 0.0984375 0.09375
3 0.32734375 0.7359375 0.1046875 0.115625
3 0.6484375 0.4609375 0.15 0.153125
3 0.39609375 0.246875 0.1015625 0.0984375