4 0.095107984375 0 0 0.447447884375 0 0.7820112609375001 0.0080749078125 0.7835488749999999 0.05385826406250001 0.7819210890625 0.1426291140625 0.7695517296875 0.1718606390625 0.7700854125000001 0.218628475 0.7771863875 0.2482100828125 0.7938868796875 0.30960464375 0.807883309375 0.3517960703125 0.8632353453125001 0.36927551875 0.8745236109375 0.44974647812499996 0.88784179375 0.4975337296875 0.8856933359375001 0.5137793281249999 0.8938795031250001 0.6230399265625 0.914263725 0.6795997921875 0.9376452359374999 0.7415150234375 0.9536455593750001 0.768650853125 0.9773990796875 0.8033384546875 0.99234505 0.8356400265625 1 0.8592103359375001 1 0.86717879375 0.9992884515625 0.895211403125 0.9787418390625 0.9103368734374999 0.9743839640624999 1 0.552552115625 1 0.17335765625 0.9966940125000001 0.16729437187500001 0.9363318796875 0.11281309218749999 0.9181392484374999 0.1004266234375 0.878923184375 0.0845180984375 0.8657008968750001 0.066561828125 0.552552115625 0 0.095107984375 0
2 0.15703125 0.6390625 0.2484375 0.234375
2 0.3703125 0.69453125 0.2328125 0.15625
2 0.6359375 0.7234375 0.228125 0.1515625
2 0.5734375 0.825 0.175 0.15625
2 0.8640625 0.81484375 0.18125 0.16875
2 0.925 0.61796875 0.140625 0.190625
2 0.76953125 0.54140625 0.1921875 0.2078125
2 0.56796875 0.52421875 0.1890625 0.2125
2 0.3859375 0.51015625 0.15625 0.2203125
2 0.178125 0.41875 0.2234375 0.178125
2 0.0234375 0.4359375 0.046875 0.090625
2 0.02265625 0.60390625 0.0453125 0.2421875
2 0.08828125 0.28203125 0.1234375 0.1265625
2 0.2421875 0.2453125 0.203125 0.203125
2 0.3921875 0.25 0.1453125 0.1828125
2 0.5984375 0.3203125 0.146875 0.1828125
2 0.784375 0.33203125 0.1828125 0.19375
2 0.90078125 0.42265625 0.153125 0.1890625
2 0.9125 0.21484375 0.146875 0.1875
2 0.7546875 0.153125 0.15 0.18125
2 0.565625 0.12421875 0.1828125 0.2015625
2 0.41328125 0.06796875 0.1546875 0.1359375
2 0.1984375 0.05390625 0.159375 0.1078125