4 1 0.2627011734375 0.9697873609375 0.22536917031249998 0.9463627828125001 0.20158199843750002 0.912262315625 0.1870104625 0.8930600765625 0.17146378281250002 0.8875792046875001 0.161579275 0.883132265625 0.130565121875 0.770783009375 0.07576872812499999 0.713482565625 0.060183678124999994 0.6857156062499999 0.057972884375 0.64568753125 0.0302083921875 0.624070315625 0.02172534375 0.5714185281249999 0.015618904687499999 0.5573525171875 0.016999948437500002 0.5212225546875 0.006589496875000001 0.4926233796875 0.0039728046874999996 0.42344976718750005 0.002170375 0.38831536718750004 0.008728484375 0.3472941953125 0.0062343015625 0.2964701875 0.017502321874999997 0.2650093 0.0186408125 0.24235815 0.031287409375000005 0.19100573437499999 0.03096565 0.1683137484375 0.03947158125 0 0.38456590468749996 0 0.7774083187499999 0.0033391515625 0.7790369312500001 0.01448219375 0.775200075 0.02487469375 0.7792386484375 0.0892004015625 0.8353368781249999 0.20630040312500003 0.9099635453125 0.3867210953125 1 0.8124346765625001 1 1 0.6154340953124999 1 0.2627011734375
1 0.4640625 0.3796875 0.2484375 0.2015625
1 0.23359375 0.1265625 0.2359375 0.2296875
1 0.39921875 0.128125 0.203125 0.1953125
1 0.3984375 0.20625 0.1640625 0.1609375
1 0.553125 0.28203125 0.2515625 0.215625
1 0.79609375 0.29609375 0.23125 0.1890625
1 0.06484375 0.3875 0.1296875 0.128125
1 0.1890625 0.296875 0.1375 0.11875
1 0.35234375 0.3484375 0.190625 0.178125
1 0.44765625 0.4640625 0.159375 0.1359375
1 0.4671875 0.5484375 0.1890625 0.225
1 0.5859375 0.59296875 0.159375 0.1734375
1 0.69375 0.7625 0.2484375 0.2515625