4 0.54423509375 0 0.49054192656250006 0.01120173125 0.46479770625 0.0218378359375 0.4165276140625 0.015271856249999998 0.3934153109375 0.017527417187499998 0.343729959375 0.03598995 0.33182403125 0.0436063046875 0.2949057546875 0.050733184375 0.26823574843750003 0.061385448437500004 0.20578332187499998 0.0911836359375 0.1774556625 0.1129776375 0.13977319531250001 0.129378525 0.099604246875 0.162492021875 0.0720892546875 0.17778936875 0.05764836718750001 0.1993409765625 0.011746953125 0.2223677953125 0 0.23520899687500002 0 0.504363428125 0.006281453125 0.8642276062500001 0.03429739375 0.8776295890625001 0.0624426140625 0.8984378546875 0.10538423125 0.918061778125 0.121348809375 0.9307480531250001 0.12248466875 0.942767096875 0.1372972265625 0.94250854375 0.13552645624999998 0.9471697875 0.122500828125 0.9436928828125 0.11982043125 0.9492960703125 0.12477255000000001 0.9677309703124999 0.1360112453125 0.974943334375 0.1841520609375 0.9741030328125 0.1923386875 0.9656255328125001 0.20343194687500002 0.9645058328125 0.286214634375 0.9852864625000001 0.4244312984375 0.9986170187500001 0.7299887953125 0.9960616953124999 0.7775963406249999 0.9646704906249999 0.795998921875 0.9578668046875001 0.8519223734375 0.9254043796874999 0.8814343734375001 0.918406778125 0.9317061578124999 0.8804866015625 0.9927480093750001 0.8229310265625 1 0.8186174218750001 1 0.4956365546875 0.9945426890625001 0.182987425 0.97201681875 0.16578534218750002 0.9318687140625 0.1470387234375 0.8985289859375 0.09390878750000001 0.8499033812500001 0.066975540625 0.793903815625 0.042023140625 0.7622332140625 0.03146315 0.7252341375 0.0339611046875 0.701066771875 0.028826546874999998 0.69169580625 0.0225076484375 0.6758421078125 0 0.54423509375 0
1 0.41328125 0.409375 0.2203125 0.121875
1 0.09296875 0.28828125 0.184375 0.1703125
1 0.24140625 0.21484375 0.1609375 0.1421875
1 0.27578125 0.284375 0.128125 0.1203125
1 0.4484375 0.28125 0.215625 0.140625
1 0.67109375 0.18359375 0.2046875 0.115625
1 0.06015625 0.5984375 0.1046875 0.0953125
1 0.13046875 0.46015625 0.1171875 0.078125
1 0.29921875 0.43125 0.153125 0.1265625
1 0.4375 0.49140625 0.1375 0.0875
1 0.4921875 0.5578125 0.1203125 0.1953125
1 0.61875 0.54375 0.1125 0.1421875
1 0.79140625 0.64609375 0.1859375 0.19375