4 0.23240740781250002 0 0.21574074062499998 0.0148148140625 0.1740740734375 0.022222221875 0.15370370312499998 0.030555556249999997 0.08333333281250001 0.071296296875 0.061111110937500004 0.097222221875 0.030555556249999997 0.146296296875 0 0.2203703703125 0 0.878703703125 0.013888889062500001 0.8861111109375001 0.037037037499999995 0.9120370375 0.061111110937500004 0.91944444375 0.10092592656249999 0.91851851875 0.1379629625 0.9111111109375001 0.16944444375 0.89351851875 0.23333333281250002 0.890740740625 0.29351851875 0.8796296296874999 0.4046296296875 0.8824074078124999 0.42222222187499997 0.877777778125 0.46851851875 0.8898148140625001 0.55 0.89351851875 0.5694444437499999 0.8861111109375001 0.622222221875 0.840740740625 0.6851851859375 0.8398148140625 0.7175925921874999 0.8296296296874999 0.7648148140625 0.8324074078124999 0.79351851875 0.8379629625 0.877777778125 0.86851851875 0.922222221875 0.8796296296874999 0.965740740625 0.88055555625 1 0.871296296875 1 0 0.23240740781250002 0
2 0.80625 0.70703125 0.21328125 0.19375
2 0.58671875 0.7171875 0.21328125 0.11484375
2 0.3203125 0.690625 0.21015625 0.11015625
2 0.3609375 0.80234375 0.15234375 0.1265625
2 0.078125 0.73203125 0.15546875 0.13984375
2 0.059375 0.52734375 0.1078125 0.171875
2 0.228125 0.484375 0.159375 0.178125
2 0.42890625 0.509375 0.1546875 0.18515625
2 0.609375 0.53359375 0.11640625 0.20078125
2 0.83203125 0.4875 0.19921875 0.1390625
2 0.98203125 0.5375 0.0359375 0.084375
2 0.97265625 0.7078125 0.0546875 0.2359375
2 0.94765625 0.37265625 0.10390625 0.10703125
2 0.80546875 0.3046875 0.17109375 0.171875
2 0.65703125 0.278125 0.1140625 0.1625
2 0.44140625 0.30390625 0.11484375 0.16328125
2 0.25703125 0.2765625 0.1515625 0.165625
2 0.12421875 0.34140625 0.1203125 0.16796875
2 0.15546875 0.13515625 0.11484375 0.16796875
2 0.32265625 0.1078125 0.11953125 0.159375
2 0.5140625 0.11875 0.15 0.17421875
2 0.67734375 0.07734375 0.1265625 0.15
2 0.89609375 0.08515625 0.1265625 0.1703125