4 0.31305765937499996 0 0 0.272136871875 0 0.686942340625 0.272136871875 1 0.47109223125 1 0.500202415625 0.947629359375 0.5182206046875 0.9246052046875001 0.55203728125 0.8915282234375 0.58317754375 0.877953909375 0.6313037578125 0.83734529375 0.70090129375 0.836961409375 0.7204358984375 0.829795146875 0.779500903125 0.7735432640625 0.80654415625 0.7340856953125 0.8228587640624999 0.7260379421875001 0.9048929984375 0.651046078125 0.9576048796875 0.61994670625 1 0.58621148125 1 0.3130576609375 0.727863128125 0 0.31305765937499996 0
2 0.4046875 0.85703125 0.2875 0.2859375
2 0.57734375 0.72109375 0.2359375 0.2265625
2 0.7609375 0.52578125 0.23125 0.2203125
2 0.803125 0.63671875 0.1984375 0.1953125
2 0.9328125 0.39765625 0.134375 0.2078125
2 0.85078125 0.23125 0.19375 0.2
2 0.6953125 0.31015625 0.2375 0.2390625
2 0.56015625 0.46015625 0.2375 0.240625
2 0.43984375 0.596875 0.2203125 0.228125
2 0.24140625 0.70859375 0.2421875 0.2359375
2 0.1609375 0.84453125 0.0828125 0.0875
2 0.27890625 0.9296875 0.1953125 0.140625
2 0.07890625 0.69765625 0.1484375 0.1484375
2 0.14140625 0.553125 0.2421875 0.2421875
2 0.2359375 0.4359375 0.1921875 0.196875
2 0.415625 0.31328125 0.19375 0.1984375
2 0.53671875 0.171875 0.2234375 0.225
2 0.6796875 0.13359375 0.2015625 0.20625
2 0.5203125 0.04921875 0.196875 0.0984375
2 0.37578125 0.09296875 0.1953125 0.1859375
2 0.2390625 0.221875 0.228125 0.2296875
2 0.09296875 0.296875 0.1859375 0.196875