4 0.5574074078125 0 0.4990740734375 0.0111111109375 0.4731481484375 0.021296296875000002 0.425 0.013888889062500001 0.4018518515625 0.015740740625 0.3518518515625 0.0333333328125 0.3398148140625 0.040740740625 0.302777778125 0.047222221875 0.2759259265625 0.0574074078125 0.21296296250000002 0.0861111109375 0.184259259375 0.1074074078125 0.146296296875 0.1231481484375 0.10555555624999999 0.15555555625 0.077777778125 0.1703703703125 0.0629629625 0.1916666671875 0.0166666671875 0.2138888890625 0 0.23148148124999998 0 0.85555555625 0.027777778125000003 0.86944444375 0.055555556250000006 0.890740740625 0.0981481484375 0.9111111109375001 0.11388888906250001 0.9240740734375 0.1148148140625 0.9361111109375001 0.1296296296875 0.9361111109375001 0.127777778125 0.940740740625 0.1148148140625 0.9370370375 0.1120370375 0.9425925921875 0.1166666671875 0.9611111109375001 0.127777778125 0.9685185187500001 0.1759259265625 0.9685185187500001 0.184259259375 0.9601851859374999 0.19537037031249999 0.959259259375 0.27777777812500004 0.98148148125 0.415740740625 0.997222221875 0.7212962968750001 1 0.76944444375 0.9694444437499999 0.7879629625 0.9629629625 0.8444444437499999 0.93148148125 0.8740740734375001 0.925 0.925 0.8879629625 0.9870370375 0.83148148125 1 0.8240740734375 1 0.1916666671875 0.977777778125 0.1740740734375 0.9379629625 0.1546296296875 0.9055555562500001 0.10092592656249999 0.8574074078124999 0.0731481484375 0.8018518515625 0.047222221875 0.7703703703125 0.0361111109375 0.7333333328125 0.0379629625 0.709259259375 0.0324074078125 0.7 0.0259259265625 0.6824074078125 0 0.5574074078125 0
1 0.41484375 0.4078125 0.21875 0.11796875
1 0.096875 0.28125 0.18125 0.16640625
1 0.24609375 0.21015625 0.15859375 0.13984375
1 0.2796875 0.28046875 0.12578125 0.11796875
1 0.45234375 0.28046875 0.21328125 0.13671875
1 0.6765625 0.18671875 0.20234375 0.1125
1 0.05859375 0.590625 0.103125 0.09296875
1 0.13125 0.45390625 0.11640625 0.07578125
1 0.30078125 0.428125 0.1515625 0.1234375
1 0.4375 0.490625 0.13671875 0.084375
1 0.49140625 0.5578125 0.11640625 0.19375
1 0.61796875 0.54609375 0.109375 0.13984375
1 0.7890625 0.65078125 0.1828125 0.190625