4 0.3868055328125 0.06591951562500001 0.25354576406249996 0.1445080765625 0.22705161875000002 0.1715073125 0.1427898171875 0.2759175234375 0.1316140875 0.29406945625 0.1070149234375 0.3435366890625 0.0997905921875 0.36601065781250003 0.0994498078125 0.4198806484375 0.0893231828125 0.46087718750000006 0.0889076484375 0.5441734687500001 0.09882196875 0.609694425 0.11313307187499999 0.641837690625 0.13806991875000002 0.6773584875 0.150874590625 0.706118253125 0.193413384375 0.77434424375 0.26830464374999996 0.8605996546875 0.2971809484375 0.8822038671874999 0.3603734796875 0.905759896875 0.4444289453125 0.91698649375 0.466717596875 0.9283475421875 0.48401768437500003 0.9307805671875 0.52011831875 0.9299108109375 0.554237284375 0.9177607249999999 0.61684400625 0.9081303546875 0.63498996875 0.9101867734375 0.6685470078125 0.9013275296875 0.79955906875 0.8359023359375 0.82163851875 0.814922859375 0.8297146937500001 0.8011915937499999 0.8549923265625001 0.7828424015625 0.8817644515625 0.7496380890625 0.9045044578124999 0.7324187203125 0.9473123937500001 0.6373429921875 0.9787473406249999 0.5463172921874999 0.9913757671875001 0.4494750625 0.9820472562499999 0.4171405078125 0.9864500125 0.392882128125 0.977492140625 0.3522741375 0.93842950625 0.28047335625 0.9150110328125001 0.2665746828125 0.8977916640625001 0.2438346765625 0.8391872093750001 0.191883546875 0.8149109187500001 0.16012285937499998 0.8003337765625 0.1524232921875 0.776440065625 0.13062779062500002 0.7650611046875 0.125558509375 0.755078009375 0.0985831546875 0.7477431078125 0.09576755 0.7029924296875001 0.09542079375 0.6916134703125 0.0903515109375 0.6826735078125 0.077101453125 0.6732702484375 0.0741931890625 0.646381584375 0.072988615625 0.625703965625 0.08118133281249999 0.6145162953125001 0.08109464375 0.46106919218750003 0.055153350000000004 0.413688228125 0.058004776562500006 0.3868055328125 0.06591951562500001
1 0.67265625 0.2984375 0.15625 0.13125
1 0.69453125 0.57265625 0.1328125 0.11875
1 0.77890625 0.58984375 0.11875 0.1171875
1 0.69453125 0.66015625 0.1125 0.096875
1 0.48359375 0.68671875 0.15 0.15
1 0.36875 0.7296875 0.134375 0.140625
1 0.32890625 0.59609375 0.171875 0.159375
1 0.409375 0.45078125 0.0953125 0.1
1 0.38125 0.3375 0.146875 0.15
1 0.2578125 0.3078125 0.1421875 0.15
1 0.41171875 0.23046875 0.128125 0.1453125
1 0.52421875 0.24375 0.1359375 0.14375
1 0.46171875 0.5546875 0.153125 0.1453125
1 0.5921875 0.5734375 0.14375 0.109375
1 0.68046875 0.421875 0.165625 0.1859375
2 0.571875 0.69765625 0.1359375 0.1515625
2 0.23046875 0.421875 0.153125 0.13125
2 0.7765625 0.65546875 0.1296875 0.13125
2 0.7671875 0.4921875 0.1390625 0.125
2 0.56953125 0.5046875 0.1375 0.1328125