4 0.1305838171875 0.2405814703125 0.1095384609375 0.25736075 0.1036404984375 0.2652406828125 0.1041961046875 0.2812149828125 0.097969984375 0.2920045015625 0.061969742187499996 0.3185888234375 0.057690653125000005 0.3251780421875 0.065469875 0.352869478125 0.0592437515625 0.3636589984375 0.0527244078125 0.3953363015625 0.04545694375 0.41013361093749995 0.0444854765625 0.45009779375000003 0.0276095828125 0.5265739734375 0.0270450625 0.5550923156249999 0.0162685546875 0.5801016125 0.0268696609375 0.6611501046875 0.043491368749999995 0.6992679640625 0.0613119890625 0.71630553125 0.072770840625 0.747947896875 0.1399098859375 0.8188721031249999 0.21884485625 0.8740364421875 0.309361315625 0.92579245 0.33787965781249996 0.9263569703125001 0.379055765625 0.9374835640624999 0.4102911859375 0.9374705515624999 0.424895984375 0.943832321875 0.45509006249999995 0.9478271015624999 0.5995370109375 0.9237502375 0.6318925578125001 0.9111931828125 0.6453642171875 0.8988635765625 0.7016747078125001 0.8698554015625 0.7364191734375 0.8596304031249999 0.7661364296875 0.83911463125 0.7787023984375 0.826977534375 0.7900564375 0.8046853140625 0.8514599109375001 0.74619624375 0.88873785625 0.6899953765625 0.8994006390625 0.6555441359375 0.9092892828125001 0.5417420640625 0.903601659375 0.461542403125 0.897056290625 0.43074886562500003 0.8963520218750001 0.3873544265625 0.8890366109375 0.35293812343750003 0.8585452124999999 0.294103065625 0.8092487125 0.226959203125 0.7769589390625 0.1997445859375 0.745019253125 0.15636315781250001 0.7259647796875 0.1424276890625 0.6769875265625 0.116866884375 0.6572767328125 0.108750590625 0.527736721875 0.0738088 0.49043275625 0.067538828125 0.336430140625 0.08228747343750001 0.31002941562499997 0.09168556562499999 0.270021384375 0.11722854687499999 0.16112797968749998 0.2284094375 0.15212791875 0.23505551875 0.1305838171875 0.2405814703125
1 0.24140625 0.43828125 0.1484375 0.109375
1 0.38515625 0.67265625 0.1234375 0.1015625
1 0.32734375 0.73671875 0.1078125 0.1046875
1 0.43671875 0.74375 0.10625 0.0828125
1 0.6234375 0.64140625 0.1359375 0.1359375
1 0.74140625 0.60859375 0.11875 0.128125
1 0.69453125 0.47734375 0.1578125 0.1390625
1 0.54375 0.40703125 0.0828125 0.090625
1 0.5 0.2984375 0.13125 0.134375
1 0.5828125 0.20234375 0.125 0.1375
1 0.41328125 0.23046875 0.109375 0.1359375
1 0.3296875 0.30703125 0.11875 0.1328125
1 0.56328125 0.521875 0.1390625 0.1296875
1 0.46796875 0.6140625 0.1390625 0.0875
1 0.3078125 0.54296875 0.14375 0.1734375
2 0.55859375 0.70234375 0.1171875 0.140625
2 0.671875 0.278125 0.1453125 0.1109375
2 0.36796875 0.78828125 0.115625 0.11875
2 0.27890625 0.65078125 0.128125 0.109375
2 0.44609375 0.5453125 0.125 0.11875