4 0.225 0.16388888906250001 0.2148148140625 0.16851851874999998 0.1925925921875 0.16944444375 0.16851851874999998 0.18148148125000002 0.1611111109375 0.1879629625 0.1583333328125 0.20370370312500002 0.15 0.21296296250000002 0.109259259375 0.23148148124999998 0.10370370312499999 0.2370370375 0.10555555624999999 0.26574074062499997 0.097222221875 0.275 0.08425925937499999 0.3046296296875 0.0740740734375 0.31759259218749997 0.0648148140625 0.35648148125 0.0324074078125 0.427777778125 0.0259259265625 0.45555555625000005 0.0101851859375 0.477777778125 0.003703703125 0.559259259375 0.0120370375 0.6 0.0259259265625 0.6203703703125 0.030555556249999997 0.6537037031249999 0.08148148125 0.7370370375 0.147222221875 0.8074074078125 0.225 0.8768518515625001 0.252777778125 0.8833333328125 0.290740740625 0.902777778125 0.321296296875 0.909259259375 0.334259259375 0.91851851875 0.36296296250000004 0.928703703125 0.509259259375 0.9351851859375 0.54351851875 0.9296296296875 0.559259259375 0.9203703703125001 0.6203703703125 0.9037037031249999 0.6564814812499999 0.9009259265624999 0.6898148140625 0.8870370375000001 0.7046296296875 0.877777778125 0.7203703703125 0.8583333328125 0.7925925921875 0.8138888890624999 0.840740740625 0.7666666671875 0.8583333328125 0.7351851859375 0.8916666671875 0.6259259265625 0.902777778125 0.546296296875 0.902777778125 0.5148148140625 0.9111111109375001 0.47222222187499996 0.9111111109375001 0.4370370375 0.89351851875 0.3731481484375 0.859259259375 0.29722222187499997 0.8333333328125001 0.2638888890625 0.8111111109375001 0.2148148140625 0.7953703703125 0.197222221875 0.752777778125 0.1620370375 0.7351851859375 0.15 0.615740740625 0.0888888890625 0.58055555625 0.075 0.4268518515625 0.0574074078125 0.3990740734375 0.061111110937500004 0.3546296296875 0.077777778125 0.225 0.16388888906250001
1 0.26015625 0.3859375 0.13359375 0.08359375
1 0.3515625 0.6453125 0.109375 0.08125
1 0.28203125 0.6953125 0.09140625 0.08828125
1 0.3875 0.725 0.09453125 0.0640625
1 0.59140625 0.6640625 0.1140625 0.1140625
1 0.71328125 0.65625 0.0984375 0.109375
1 0.6953125 0.51796875 0.1375 0.1125
1 0.5625 0.41796875 0.06875 0.078125
1 0.5421875 0.303125 0.109375 0.11484375
1 0.64296875 0.22578125 0.103125 0.11796875
1 0.47109375 0.21796875 0.08671875 0.12109375
1 0.3734375 0.27578125 0.096875 0.11484375
1 0.55703125 0.534375 0.1203125 0.10625
1 0.4453125 0.6046875 0.12890625 0.0625
1 0.303125 0.50234375 0.1140625 0.15234375
2 0.51484375 0.71015625 0.09375 0.12421875
2 0.7140625 0.31875 0.1296875 0.08515625
2 0.3109375 0.7546875 0.09765625 0.1
2 0.25234375 0.6015625 0.1125 0.0875
2 0.43828125 0.5328125 0.10703125 0.0984375