4 0.30783047343750003 0.26969766093750003 0.22832950937500002 0.320082515625 0.20192947343749998 0.34812548125 0.13129206875 0.45242470468749996 0.1164860453125 0.5950510718750001 0.1176258890625 0.666765203125 0.12380664999999999 0.7074570625 0.155920790625 0.78704968125 0.23342802499999998 0.8779156765625 0.26922976875 0.9080131375 0.3194423671875 0.933597734375 0.429443025 0.9501273390625 0.5095218515625 0.9435073031250001 0.597039434375 0.9011589734375001 0.6858626703125 0.8298370109375 0.721062721875 0.7924463921875 0.7399763453125 0.7526852015625 0.7572755234375 0.700245853125 0.769502009375 0.647197765625 0.7777082734375 0.5782697859375 0.77416265 0.5033539203124999 0.7591659890625 0.4561942109375 0.7326865171875 0.40515964374999996 0.6760240843750001 0.3367701625 0.6257956 0.295370059375 0.56195554375 0.25691414687499997 0.46584347656249997 0.24746113125 0.4386044421875 0.237534003125 0.3980308515625 0.2405718453125 0.3427852796875 0.253917275 0.30783047343750003 0.26969766093750003
3 0.43203125 0.7265625 0.140625 0.1890625
3 0.5453125 0.7453125 0.1671875 0.2046875
3 0.65703125 0.64296875 0.178125 0.18125
3 0.6671875 0.52578125 0.0890625 0.078125
3 0.66484375 0.453125 0.1015625 0.090625
3 0.60234375 0.3671875 0.0703125 0.0953125
3 0.54453125 0.3375 0.075 0.1046875
3 0.49765625 0.33046875 0.0640625 0.0796875
3 0.390625 0.359375 0.128125 0.125
3 0.26875 0.46640625 0.125 0.0953125
3 0.26875 0.61796875 0.15 0.1875
3 0.41640625 0.54140625 0.1140625 0.0984375
3 0.3953125 0.63828125 0.1078125 0.1125