4 0.29136690625 0.31514084531250003 0.24820143906249997 0.3521126765625 0.22422062343750002 0.382042253125 0.17625899218750002 0.46302816875 0.1654676265625 0.5 0.1498800953125 0.625 0.20143884843749998 0.7588028171875 0.23501199062499997 0.8221830984375 0.25899280625 0.855633803125 0.3237410078125 0.91197183125 0.4340527578125 0.957746478125 0.47961630624999996 0.9683098593749999 0.5359712234375 0.9683098593749999 0.6414868109375 0.9330985921874999 0.709832134375 0.8908450703125 0.7685851312499999 0.8133802812500001 0.815347721875 0.7095070421874999 0.8297362109374999 0.6602112671875 0.8285371703125 0.6161971828125 0.820143884375 0.56161971875 0.8069544359374999 0.5088028171875 0.782973621875 0.443661971875 0.7458033578125 0.37852112656250003 0.711031175 0.343309859375 0.664268584375 0.30985915468749997 0.5827338125 0.2746478875 0.5191846515625 0.2605633796875 0.44484412500000003 0.255281690625 0.3549160671875 0.2904929578125 0.3261390890625 0.294014084375 0.29136690625 0.31514084531250003
3 0.5421875 0.7328125 0.0671875 0.17734375
3 0.6515625 0.6984375 0.096875 0.1796875
3 0.7046875 0.55625 0.13125 0.1359375
3 0.6609375 0.446875 0.07421875 0.05
3 0.62578125 0.38359375 0.084375 0.059375
3 0.53125 0.33515625 0.0328125 0.090625
3 0.465625 0.33515625 0.03359375 0.1
3 0.42109375 0.35 0.034375 0.07265625
3 0.3390625 0.42421875 0.0984375 0.090625
3 0.27890625 0.575 0.115625 0.04765625
3 0.34765625 0.71015625 0.08359375 0.16796875
3 0.44453125 0.575 0.09609375 0.0609375
3 0.46953125 0.67109375 0.07734375 0.08671875