4 0.2036177421875 0.5461069609375 0.20585996875 0.64020270625 0.21630045781249999 0.6772751484375 0.2693213890625 0.79154129375 0.3839503828125 0.8776905421875 0.446008453125 0.9136490140625 0.4840715109375 0.929308925 0.56883570625 0.9427749625 0.6866422437499999 0.9231377437500001 0.7308800640625 0.9079509968749999 0.77867174375 0.878087440625 0.8494949078125 0.79231185 0.8850640734375 0.720261328125 0.8938393578125 0.6234331156249999 0.8784518531250001 0.5105632156250001 0.8645312031250001 0.46113328906250006 0.8401904468750001 0.4244426234375 0.8041508875 0.38260607343749997 0.7649769078124999 0.34480414375 0.7101206343750001 0.30226946875 0.644079075 0.2667241375 0.5959314625000001 0.2552897390625 0.5385483640625 0.25170233125 0.4507438265625 0.26504832968750003 0.3893874296875 0.2867799140625 0.32354421875 0.32169526406250004 0.26594002968749997 0.3992107234375 0.24340168125 0.41744628281249996 0.22510867499999998 0.45378924062500003 0.20809436875 0.5080173453125 0.2036177421875 0.5461069609375
3 0.659375 0.675 0.1515625 0.1859375
3 0.73359375 0.58828125 0.178125 0.203125
3 0.703125 0.4390625 0.1828125 0.184375
3 0.60859375 0.36953125 0.0890625 0.08125
3 0.5453125 0.334375 0.103125 0.0953125
3 0.4390625 0.34375 0.0765625 0.09375
3 0.38359375 0.378125 0.08125 0.103125
3 0.35390625 0.41484375 0.0671875 0.0796875
3 0.3234375 0.52109375 0.13125 0.1296875
3 0.35234375 0.68046875 0.1234375 0.1015625
3 0.48203125 0.75859375 0.159375 0.1875
3 0.49296875 0.59296875 0.1140625 0.103125
3 0.56484375 0.6609375 0.1109375 0.1140625