4 1 0.3030447625 0.8309454531249999 0.1217559546875 0.7819392781250001 0.1180792390625 0.6632542625 0.12114107031250002 0.5821090734375 0.13730611875 0.4839887015625 0.170566825 0.3824741203125 0.22598333906249998 0.29024894218749997 0.2967921828125 0.23133433750000001 0.35173093906249997 0.1918294390625 0.3949000734375 0.1204431 0.48805583593749996 0.069318128125 0.58257426875 0.047814564062499995 0.635543809375 0.0263400765625 0.7252015109375 0.2825938140625 1 0.6873189734375 1 0.6949569359375001 0.9955332265625 0.7197840765625 0.9787117640625 1 0.7174061875 1 0.3030447625
2 0.28984375 0.8625 0.2796875 0.275
2 0.5921875 0.778125 0.3484375 0.3484375
2 0.81171875 0.5703125 0.3125 0.3125
2 0.52578125 0.55078125 0.2875 0.2859375
2 0.32421875 0.571875 0.2546875 0.253125
2 0.11640625 0.71015625 0.2015625 0.2
2 0.19765625 0.48984375 0.2140625 0.2109375
2 0.44453125 0.38828125 0.225 0.221875
2 0.6765625 0.34296875 0.253125 0.2484375
2 0.86953125 0.29375 0.215625 0.2140625
2 0.59296875 0.225 0.2140625 0.2109375
2 0.71328125 0.22734375 0.2234375 0.21875
2 0.65078125 0.4484375 0.1921875 0.1921875
0 0.528125 0.703125 0.1 0.1
0 0.4421875 0.6140625 0.1125 0.1125
0 0.52578125 0.5640625 0.0953125 0.0953125
0 0.6375 0.52734375 0.115625 0.115625
0 0.84921875 0.38046875 0.1171875 0.115625
0 0.85078125 0.26875 0.153125 0.1546875
0 0.6234375 0.29296875 0.259375 0.2515625
0 0.4671875 0.26875 0.1109375 0.1109375
0 0.41328125 0.34140625 0.075 0.0765625
0 0.35859375 0.66171875 0.121875 0.11875
0 0.33984375 0.5265625 0.121875 0.11875
0 0.27578125 0.61796875 0.0703125 0.0703125
0 0.1953125 0.59140625 0.0953125 0.09375
0 0.30390625 0.44140625 0.090625 0.0890625
0 0.34921875 0.4484375 0.096875 0.0953125
0 0.6 0.43984375 0.1625 0.1625
0 0.7484375 0.4125 0.109375 0.10625