4 1 0.3416666671875 0.9231481484374999 0.290740740625 0.871296296875 0.2666666671875 0.76944444375 0.23240740781250002 0.6537037031249999 0.21296296250000002 0.5953703703125 0.20833333281250002 0.5148148140625 0.20833333281250002 0.3990740734375 0.21944444375 0.2870370375 0.24814814843750002 0.1925925921875 0.290740740625 0.12222222187500001 0.334259259375 0.0333333328125 0.4129629625 0 0.44907407343749994 0 0.859259259375 0.0231481484375 0.8740740734375001 0.048148148437499996 0.9120370375 0.0740740734375 0.9416666671874999 0.1111111109375 0.965740740625 0.172222221875 0.99444444375 0.1898148140625 1 0.665740740625 1 0.6953703703125 0.9953703703125001 0.7324074078125 0.9870370375 0.7990740734374999 0.9620370375 0.8888888890625 0.9129629625 0.9490740734375 0.871296296875 1 0.815740740625 1 0.3416666671875
2 0.90234375 0.625 0.1953125 0.2
2 0.621875 0.76640625 0.26015625 0.2328125
2 0.3203125 0.7640625 0.22734375 0.21484375
2 0.515625 0.5546875 0.22421875 0.18125
2 0.67734375 0.4328125 0.20234375 0.15703125
2 0.92421875 0.3921875 0.15 0.13359375
2 0.7140625 0.28671875 0.1828125 0.1171875
2 0.4640625 0.38046875 0.1890625 0.1265625
2 0.2640625 0.50546875 0.2234375 0.13046875
2 0.0890625 0.6015625 0.15703125 0.146875
2 0.24453125 0.3625 0.1828125 0.11796875
2 0.1578125 0.44609375 0.20078125 0.1125
2 0.3546875 0.56484375 0.1234375 0.1484375
0 0.61796875 0.66796875 0.07109375 0.07109375
0 0.6203125 0.54375 0.08671875 0.07265625
0 0.525 0.5640625 0.0625 0.07265625
0 0.41796875 0.6140625 0.08671875 0.07734375
0 0.16328125 0.65078125 0.1 0.06484375
0 0.0859375 0.5703125 0.09765625 0.11953125
0 0.26875 0.4328125 0.25625 0.1046875
0 0.36640625 0.30859375 0.07421875 0.08203125
0 0.45546875 0.325 0.04921875 0.0578125
0 0.71328125 0.521875 0.103125 0.0671875
0 0.63515625 0.41015625 0.11328125 0.05625
0 0.74453125 0.43359375 0.059375 0.03984375
0 0.78515625 0.359375 0.08046875 0.05234375
0 0.603125 0.3234375 0.08125 0.04609375
0 0.575 0.359375 0.08046875 0.05546875
0 0.3859375 0.52421875 0.11953125 0.11015625
0 0.25859375 0.60546875 0.1 0.05234375