4 1 0.36938192187499996 0.93671456875 0.32076780781249997 0.8866683484375001 0.2931353765625 0.78745440625 0.25185474375 0.6733519796875 0.2243839984375 0.615483690625 0.21569651875 0.5351243640625001 0.21007724687499998 0.41889049062500006 0.2130876265625 0.3051241015625 0.2339061015625 0.20793860937500003 0.269806828125 0.134703959375 0.30831054999999996 0.04054150625 0.380621959375 0.0047703875 0.41431988906250006 0 0.482539609375 0 0.8430704109375 0.0205065859375 0.8795137437499999 0.0443024984375 0.9108796984374999 0.07956999375 0.9374787015624999 0.138529971875 0.9703753796875001 0.1556921734375 0.9771445999999999 0.4825396234375 1 0.7048054484375 1 0.7661154703124999 0.981773890625 0.8591347359375 0.9390845234375 0.9220798312499999 0.9017176609374999 0.9767570640625 0.8498498484375 1 0.5174603828125 1 0.36938192187499996
2 0.89296875 0.653125 0.209375 0.2125
2 0.603125 0.77421875 0.275 0.25
2 0.30234375 0.75078125 0.2421875 0.2296875
2 0.51171875 0.55546875 0.2359375 0.196875
2 0.68125 0.4453125 0.2125 0.1703125
2 0.925 0.421875 0.15 0.14375
2 0.728125 0.30234375 0.190625 0.1296875
2 0.47265625 0.378125 0.196875 0.1390625
2 0.2640625 0.4890625 0.23125 0.1453125
2 0.0828125 0.57265625 0.165625 0.1578125
2 0.2546875 0.3453125 0.190625 0.1296875
2 0.1625 0.42265625 0.2078125 0.1265625
2 0.35078125 0.5546875 0.1328125 0.15625
0 0.60625 0.67578125 0.0765625 0.0765625
0 0.6171875 0.55234375 0.0921875 0.078125
0 0.5203125 0.565625 0.0671875 0.0765625
0 0.41015625 0.6078125 0.0921875 0.0828125
0 0.15390625 0.6265625 0.1046875 0.071875
0 0.08203125 0.54140625 0.10625 0.1265625
0 0.27421875 0.4171875 0.2625 0.121875
0 0.38046875 0.3 0.0796875 0.0875
0 0.46796875 0.32265625 0.053125 0.0609375
0 0.7109375 0.53671875 0.1078125 0.0734375
0 0.64140625 0.41953125 0.1171875 0.0640625
0 0.7484375 0.45078125 0.0625 0.04375
0 0.79453125 0.3796875 0.084375 0.0578125
0 0.61484375 0.33125 0.084375 0.0515625
0 0.584375 0.36484375 0.084375 0.0609375
0 0.384375 0.51640625 0.1265625 0.11875
0 0.2515625 0.58828125 0.103125 0.059375