4 0 0.547379440625 0.011039353125 0.611489159375 0.047998417187499996 0.719090875 0.060607112500000004 0.74656711875 0.0857792609375 0.7850340265625 0.20737818125000002 0.8835625671875 0.3035770953125 0.9363960734375001 0.341222221875 0.9528824859375 0.404610390625 0.9695062765625 0.44179980468749996 0.9715364453124999 0.480516775 0.9806351531249999 0.5051197000000001 0.9822318109375001 0.590808359375 0.9763280828124999 0.6310306765625 0.9654525953125 0.661106315625 0.9525247374999999 0.6902696953125 0.9482842781249999 0.7737019953125001 0.897142065625 0.85271121875 0.8260939296875 0.8890122437500001 0.7886544546875001 0.9187465125 0.7460844671875 0.9501917843750001 0.663725671875 0.9630760687500001 0.6021159500000001 0.9712633500000001 0.5344864921875 0.9742518453125 0.46749536562499994 0.9701940062500001 0.429074528125 0.9523873578125001 0.3646367234375 0.8996493171875001 0.268207459375 0.8258652421875 0.1776605484375 0.761018628125 0.12229675468750001 0.715279190625 0.0936112890625 0.61581951875 0.0464553171875 0.5741839921875 0.03507638125 0.5074437578125 0.0287588515625 0.407709325 0.03308895625 0.290964496875 0.05467951875 0.220826125 0.0797825625 0.162430259375 0.1199349421875 0.046708703125 0.2680517796875 0.016335271874999998 0.3430228703125 0.0066887109375 0.40951221406249994 0.0013755812500000002 0.42533642812499994 0 0.440264525 0 0.547379440625
1 0.0984375 0.4390625 0.1921875 0.196875
1 0.1671875 0.20859375 0.1265625 0.1265625
1 0.33359375 0.2640625 0.165625 0.1734375
1 0.38671875 0.12109375 0.109375 0.1
1 0.71640625 0.225 0.1796875 0.1859375
1 0.63671875 0.11796875 0.1953125 0.184375
1 0.86640625 0.47109375 0.1875 0.1828125
1 0.8453125 0.59609375 0.178125 0.16875
1 0.628125 0.65703125 0.178125 0.1734375
1 0.6734375 0.84453125 0.1609375 0.1625
1 0.51796875 0.71015625 0.13125 0.128125
1 0.77109375 0.70625 0.115625 0.1109375
1 0.3109375 0.81015625 0.1390625 0.140625
1 0.4421875 0.3984375 0.090625 0.090625