4 1 0.4108419453125 0.9839952249999999 0.341817828125 0.892868971875 0.177421715625 0.8414732718750001 0.128628553125 0.7761254 0.092862509375 0.6641954015625 0.0532748484375 0.56636624375 0.033396153125 0.4994594140625 0.029195428125 0.45655643125 0.033921040624999996 0.3509444546875 0.0649375234375 0.30128075 0.0861145984375 0.2285717 0.130652528125 0.141531371875 0.2085422828125 0.07435776250000001 0.29553429531250003 0.0466900515625 0.356393190625 0.036671826562499996 0.39370621875 0.0291438078125 0.4603400765625 0.0266507125 0.528417675 0.029738485937499996 0.5912844265625 0.047912859375 0.677548371875 0.0706216375 0.7242457171875001 0.10061891249999999 0.76690298125 0.1675410234375 0.8494361625 0.241945728125 0.9130004171874999 0.27008670625 0.9217508265625 0.2977697 0.9392243875 0.3357955140625 0.9562581375000001 0.41950565781250004 0.975493840625 0.44405545156250004 0.977765584375 0.483719103125 0.9748355656250001 0.5207682421875 0.9786480984375 0.5859765296874999 0.9721450671874999 0.6257372265625001 0.961750625 0.729016753125 0.9246164125 0.8645318484375 0.846323184375 0.8954116359375 0.812267659375 0.9121633296875 0.787102128125 0.9654999828124999 0.6866068390625 0.9916541609375 0.6096483328125 1 0.5575876015625 1 0.4108419453125
1 0.90625 0.50234375 0.184375 0.1921875
1 0.87421875 0.2640625 0.1234375 0.1234375
1 0.7015625 0.29296875 0.153125 0.175
1 0.67109375 0.14375 0.1125 0.090625
1 0.32890625 0.19453125 0.1703125 0.184375
1 0.425 0.1015625 0.1953125 0.1703125
1 0.1421875 0.4140625 0.184375 0.1734375
1 0.14375 0.54140625 0.178125 0.1578125
1 0.3484375 0.63515625 0.1734375 0.165625
1 0.275 0.81328125 0.15625 0.1578125
1 0.44921875 0.7046875 0.1296875 0.1203125
1 0.2 0.66171875 0.115625 0.1046875
1 0.63828125 0.8359375 0.134375 0.1359375
1 0.5734375 0.40859375 0.0859375 0.0890625