4 0 0.5962962968750001 0.022222221875 0.6740740734374999 0.055555556250000006 0.7324074078125 0.061111110937500004 0.7481481484375 0.0861111109375 0.7870370375 0.1231481484375 0.834259259375 0.1833333328125 0.8888888890625 0.27870370312500004 0.9509259265625 0.30555555624999997 0.9648148140625 0.3490740734375 0.9796296296874999 0.50555555625 0.9824074078124999 0.6138888890625 0.9648148140625 0.6537037031249999 0.9546296296874999 0.7138888890625 0.928703703125 0.74444444375 0.9074074078125 0.7805555562500001 0.890740740625 0.8009259265625 0.8768518515625001 0.8648148140625 0.8194444437499999 0.8898148140625001 0.7861111109375 0.9055555562500001 0.7574074078125 0.9259259265625 0.7361111109375 0.9601851859374999 0.64444444375 0.978703703125 0.5398148140625 0.984259259375 0.4879629625 0.98148148125 0.4361111109375 0.95555555625 0.3518518515625 0.9277777781250001 0.2953703703125 0.8925925921875001 0.2370370375 0.853703703125 0.1824074078125 0.8268518515625001 0.1546296296875 0.7731481484375 0.1148148140625 0.672222221875 0.071296296875 0.5583333328125 0.045370370312500005 0.4731481484375 0.0416666671875 0.41944444374999995 0.047222221875 0.3120370375 0.071296296875 0.272222221875 0.08796296249999999 0.21574074062499998 0.12407407343750002 0.13981481406250001 0.1888888890625 0.061111110937500004 0.27777777812500004 0.021296296875000002 0.340740740625 0 0.40833333281249995 0 0.5962962968750001
1 0.14609375 0.69921875 0.12734375 0.15
1 0.05859375 0.475 0.090625 0.090625
1 0.2234375 0.41640625 0.09453125 0.146875
1 0.17734375 0.27109375 0.103125 0.04609375
1 0.5015625 0.15 0.1140625 0.146875
1 0.37265625 0.11484375 0.16640625 0.103125
1 0.77109375 0.2515625 0.1453125 0.11796875
1 0.83125 0.36328125 0.1484375 0.0984375
1 0.69765625 0.54453125 0.1359375 0.1140625
1 0.8484375 0.66484375 0.1140625 0.11640625
1 0.64375 0.6546875 0.10390625 0.08046875
1 0.840625 0.49609375 0.09453125 0.0671875
1 0.5421875 0.8609375 0.0984375 0.10078125
1 0.39140625 0.45546875 0.0609375 0.06796875