4 0.290740740625 0.2622432859375 0.275 0.2804107421875 0.25648148125 0.28830963593750003 0.20370370312500002 0.32464455000000003 0.1740740734375 0.3538704578125 0.1361111109375 0.403633490625 0.1101851859375 0.457345971875 0.09629629687499999 0.5426540281250001 0.0990740734375 0.604265403125 0.109259259375 0.6627172203125 0.13333333281249998 0.7322274875 0.1824074078125 0.7906793046875 0.2101851859375 0.8135860984375001 0.271296296875 0.8507108999999999 0.3046296296875 0.8657188 0.365740740625 0.88388625625 0.4175925921875 0.903633490625 0.4546296296875 0.908372828125 0.48333333281249996 0.9060031593750001 0.49259259218749996 0.9099526062500001 0.50648148125 0.9099526062500001 0.51851851875 0.9060031593750001 0.5611111109375 0.908372828125 0.6388888890625 0.8886255921874999 0.7018518515625 0.86334913125 0.7166666671875 0.8404423375000001 0.76851851875 0.80173775625 0.8148148140625 0.7535545031249999 0.871296296875 0.6706161140625 0.89444444375 0.6445497625 0.8925925921875001 0.5821484984375 0.88148148125 0.5055292265625 0.871296296875 0.4660347546875 0.8546296296874999 0.42654028437499997 0.81851851875 0.3641390203125 0.7759259265625 0.31990521250000004 0.7361111109375 0.289889415625 0.6870370375 0.263033175 0.6166666671875001 0.2353870453125 0.5425925921875 0.2164297 0.45277777812500003 0.20853080624999998 0.4166666671875 0.2164297 0.35648148125 0.23617693593750003 0.290740740625 0.2622432859375
2 0.665625 0.375 0.1015625 0.0921875
2 0.3921875 0.29296875 0.10390625 0.08203125
2 0.42734375 0.4296875 0.0890625 0.05546875
2 0.53046875 0.43671875 0.07265625 0.075
2 0.275 0.3515625 0.09375 0.06484375
2 0.31015625 0.54765625 0.09921875 0.08359375
2 0.53828125 0.5734375 0.06015625 0.07578125
2 0.6859375 0.70625 0.1125 0.09609375
2 0.5859375 0.78984375 0.10859375 0.090625
2 0.44765625 0.74375 0.09609375 0.0859375
2 0.32109375 0.8 0.07734375 0.0796875
2 0.31015625 0.68046875 0.05546875 0.090625
2 0.15 0.546875 0.06328125 0.07734375
1 0.7828125 0.46953125 0.06796875 0.08984375
1 0.715625 0.47109375 0.071875 0.075
1 0.55078125 0.37578125 0.04375 0.05234375
1 0.37421875 0.35859375 0.075 0.05234375
1 0.25546875 0.43125 0.05 0.04140625
1 0.16171875 0.49375 0.08125 0.0375
1 0.2703125 0.628125 0.075 0.078125
1 0.47578125 0.8296875 0.0578125 0.0546875
1 0.37421875 0.53359375 0.0703125 0.0546875
1 0.546875 0.51328125 0.0984375 0.03984375
1 0.6828125 0.63515625 0.0671875 0.0734375
1 0.56171875 0.72109375 0.090625 0.071875
1 0.56875 0.6609375 0.0890625 0.0546875
1 0.590625 0.596875 0.04140625 0.04453125
1 0.40234375 0.61796875 0.07265625 0.053125
1 0.359375 0.68046875 0.07734375 0.08203125
3 0.6796875 0.69296875 0.13515625 0.06015625
3 0.34609375 0.7328125 0.22421875 0.08671875
3 0.49453125 0.82421875 0.065625 0.06875
3 0.61015625 0.79296875 0.05078125 0.05703125
3 0.634375 0.59453125 0.0390625 0.0875
3 0.44296875 0.39921875 0.1171875 0.0515625
3 0.3359375 0.46171875 0.0703125 0.078125
3 0.26953125 0.590625 0.11796875 0.04921875
3 0.6109375 0.51953125 0.053125 0.0453125
3 0.6578125 0.46328125 0.059375 0.040625