4 0.301348028125 0.2457334609375 0.2426068984375 0.271330325 0.20794508125000002 0.2943656703125 0.161184371875 0.3359707421875 0.12548595468749998 0.3837494734375 0.09557469843750001 0.4648400546875 0.086545434375 0.5258494812500001 0.0853903578125 0.5851707984375001 0.0957589390625 0.657997515625 0.1327782515625 0.724739184375 0.1556748515625 0.752525365625 0.2085794328125 0.8006286296875 0.23843669687500002 0.8217210921874999 0.29495851093750003 0.8512153093749999 0.342089746875 0.88049353125 0.3775420015625 0.8922127937500001 0.4061704921875 0.8953635875 0.4145060421875 0.901007221875 0.42813975312499997 0.903657346875 0.4407092265625 0.9020772375 0.48206711875 0.91253041875 0.56218385 0.9079866953125 0.6288129812500001 0.8951885328125 0.6477264296875 0.8755294015624999 0.7060107984374999 0.8474297328124999 0.7606503 0.8089654906250001 0.8319194484375 0.7383280890624999 0.85961599375 0.717157525 0.8697048875 0.6555493968749999 0.8734175656250001 0.5782177374999999 0.8709554125000001 0.537505465625 0.8621308593749999 0.4955564703125 0.8385899328124999 0.4274113671875 0.8052200953125 0.375863209375 0.771864075 0.3388018625 0.7288160421875001 0.303075271875 0.6650137046875 0.2625097796875 0.5959178109375001 0.229766734375 0.509260328125 0.2048754921875 0.47230549999999993 0.2057389359375 0.409458134375 0.21363948437500002 0.3399515421875 0.22668299687500001 0.3210334890625 0.241513190625 0.301348028125 0.2457334609375
2 0.68671875 0.40859375 0.1171875 0.109375
2 0.43359375 0.2765625 0.1171875 0.1
2 0.4421875 0.4171875 0.0984375 0.071875
2 0.5421875 0.44375 0.0859375 0.0875
2 0.3078125 0.31171875 0.1046875 0.08125
2 0.3046875 0.5109375 0.1140625 0.1015625
2 0.5234375 0.5796875 0.0734375 0.0859375
2 0.64296875 0.73828125 0.128125 0.115625
2 0.52890625 0.80078125 0.1234375 0.109375
2 0.40234375 0.72890625 0.1109375 0.103125
2 0.2671875 0.76015625 0.090625 0.09375
2 0.27890625 0.640625 0.071875 0.1
2 0.14765625 0.47890625 0.0765625 0.0875
1 0.78359375 0.52421875 0.084375 0.1015625
1 0.7171875 0.5125 0.084375 0.0875
1 0.5734375 0.3875 0.053125 0.059375
1 0.403125 0.3375 0.084375 0.065625
1 0.2734375 0.3859375 0.05625 0.05
1 0.16875 0.4296875 0.0875 0.0515625
1 0.25 0.58203125 0.0890625 0.090625
1 0.41328125 0.81875 0.0671875 0.0640625
1 0.3703125 0.50859375 0.0796875 0.0671875
1 0.54375 0.521875 0.1046875 0.0578125
1 0.65390625 0.6671875 0.0796875 0.084375
1 0.51875 0.72890625 0.103125 0.0875
1 0.53671875 0.67109375 0.0984375 0.0703125
1 0.5703125 0.6125 0.0484375 0.0515625
1 0.38125 0.596875 0.08125 0.065625
1 0.32734375 0.65 0.0921875 0.0953125
3 0.63984375 0.7234375 0.14375 0.084375
3 0.3046875 0.69921875 0.2359375 0.128125
3 0.4328125 0.8171875 0.078125 0.0796875
3 0.55234375 0.80859375 0.0609375 0.065625
3 0.6140625 0.61875 0.0546875 0.09375
3 0.46328125 0.38984375 0.125 0.0734375
3 0.34609375 0.43125 0.084375 0.090625
3 0.25625 0.5453125 0.125 0.0703125
3 0.60546875 0.540625 0.0609375 0.0546875
3 0.66171875 0.49375 0.065625 0.0515625