4 0.46627431093749994 0.17910023749999998 0.40289473593749997 0.1696795546875 0.361292975 0.1708466703125 0.299590315625 0.1813503703125 0.2439974703125 0.2029517546875 0.175659825 0.25586991718749996 0.13567250625 0.3028240640625 0.1032574359375 0.352519296875 0.073458209375 0.4197743671875 0.0694846734375 0.49599175781250004 0.07417765781249999 0.5316891265625 0.0935524421875 0.6005181640624999 0.10769553437499998 0.6342275265625 0.139999196875 0.6891920390624999 0.16445365781250001 0.73899713125 0.1883086125 0.7677224609375 0.21091728281250002 0.7855652734375 0.214995559375 0.7947685156250001 0.22515325000000003 0.804240715625 0.2366500984375 0.8095615125 0.2661842375 0.84034265625 0.33653488593750003 0.8789447593749999 0.3998215875 0.9033993640625001 0.426278853125 0.8967500749999999 0.49059735781249997 0.9038062140625 0.557317225 0.9001412109375 0.6551890109375 0.8780041921875 0.689895703125 0.8747274671874999 0.7310989046875 0.8278271125 0.7752269703125 0.764213565625 0.7947131625 0.7283828578125 0.8094590984375 0.688131790625 0.8256066625 0.6178666765624999 0.824623796875 0.556468040625 0.815975809375 0.5073622375 0.798401215625 0.45425238749999997 0.7657902 0.3860408125 0.7245447296874999 0.32165788906250004 0.664245365625 0.2546274484375 0.6324483375 0.235776615625 0.5749640968749999 0.20917263125000002 0.5091071546875 0.183401275 0.48520493125 0.185952953125 0.46627431093749994 0.17910023749999998
2 0.70625 0.521875 0.1375 0.1359375
2 0.5625 0.275 0.13125 0.13125
2 0.49453125 0.39921875 0.103125 0.1015625
2 0.565625 0.47421875 0.1046875 0.1046875
2 0.43671875 0.23828125 0.1125 0.1109375
2 0.32890625 0.40546875 0.1296875 0.128125
2 0.478125 0.5796875 0.0953125 0.096875
2 0.4953125 0.77734375 0.1484375 0.146875
2 0.36484375 0.7703125 0.140625 0.140625
2 0.2953125 0.6421875 0.128125 0.128125
2 0.16484375 0.59765625 0.1109375 0.1109375
2 0.23828125 0.50234375 0.103125 0.1046875
2 0.21171875 0.2953125 0.0984375 0.1
1 0.72734375 0.6703125 0.1109375 0.1125
1 0.67734375 0.62578125 0.103125 0.103125
1 0.621875 0.44375 0.0671875 0.06875
1 0.5046875 0.3109375 0.090625 0.0890625
1 0.36796875 0.2828125 0.0640625 0.0640625
1 0.25703125 0.26484375 0.084375 0.0828125
1 0.24453125 0.43671875 0.1078125 0.1078125
1 0.2578125 0.72421875 0.0796875 0.0796875
1 0.38515625 0.4390625 0.0890625 0.0875
1 0.525 0.54140625 0.0984375 0.096875
1 0.54140625 0.7234375 0.1 0.1
1 0.39453125 0.70390625 0.115625 0.1140625
1 0.440625 0.66484375 0.103125 0.1
1 0.5 0.6328125 0.0609375 0.0609375
1 0.3484375 0.51953125 0.0890625 0.0890625
1 0.27421875 0.5359375 0.1125 0.1125
3 0.5 0.7640625 0.140625 0.1359375
3 0.22890625 0.565625 0.2234375 0.215625
3 0.275 0.73359375 0.0953125 0.0953125
3 0.38046875 0.7890625 0.0765625 0.0765625
3 0.53359375 0.6609375 0.0875 0.090625
3 0.52734375 0.3875 0.1203125 0.1171875
3 0.40625 0.36015625 0.1046875 0.1046875
3 0.26953125 0.409375 0.1203125 0.1171875
3 0.56796875 0.58984375 0.0703125 0.06875
3 0.640625 0.58046875 0.071875 0.0703125