4 0.34351851875 0.040740740625 0.3166666671875 0.048148148437499996 0.2518518515625 0.0953703703125 0.2203703703125 0.1324074078125 0.2009259265625 0.13888888906250002 0.18148148125000002 0.1703703703125 0.15 0.1888888890625 0.1324074078125 0.23148148124999998 0.0870370375 0.3046296296875 0.08333333281250001 0.321296296875 0.075 0.3333333328125 0.058333332812500006 0.3851851859375 0.05 0.40092592656250003 0.021296296875000002 0.5203703703125 0.021296296875000002 0.609259259375 0.034259259375000004 0.6648148140625 0.060185185937499996 0.7083333328125 0.12407407343750002 0.784259259375 0.165740740625 0.8268518515625001 0.2018518515625 0.8453703703125001 0.2638888890625 0.8879629625 0.3481481484375 0.925 0.44907407343749994 0.953703703125 0.525 0.9685185187500001 0.5722222218749999 0.9712962968750001 0.6425925921875 0.95648148125 0.70648148125 0.91944444375 0.7231481484375 0.9055555562500001 0.784259259375 0.877777778125 0.8083333328125001 0.8333333328125001 0.8620370375 0.76944444375 0.8703703703125001 0.7481481484375 0.915740740625 0.671296296875 0.9324074078125 0.63148148125 0.94351851875 0.6203703703125 0.9490740734375 0.6083333328125 0.9481481484375 0.5898148140624999 0.9768518515625001 0.403703703125 0.9759259265625 0.31759259218749997 0.9629629625 0.2870370375 0.9138888890624999 0.2398148140625 0.8953703703125001 0.23240740781250002 0.8740740734375001 0.21203703749999997 0.81851851875 0.1824074078125 0.771296296875 0.147222221875 0.7129629625 0.1129629625 0.6574074078125001 0.0861111109375 0.61944444375 0.07962962968750001 0.534259259375 0.048148148437499996 0.4574074078125 0.025 0.43333333281249997 0.0240740734375 0.40092592656250003 0.0296296296875 0.365740740625 0.0296296296875 0.34351851875 0.040740740625
2 0.83359375 0.5578125 0.09140625 0.08359375
2 0.67890625 0.646875 0.08671875 0.07265625
2 0.54765625 0.56015625 0.078125 0.0875
2 0.33125 0.628125 0.07578125 0.08984375
2 0.40625 0.74453125 0.07890625 0.09765625
2 0.4890625 0.7515625 0.08046875 0.1015625
2 0.18046875 0.5953125 0.1015625 0.096875
2 0.25078125 0.46484375 0.10390625 0.1
2 0.3703125 0.5421875 0.07578125 0.08828125
2 0.41171875 0.45390625 0.08359375 0.08125
2 0.54453125 0.409375 0.096875 0.1046875
2 0.69609375 0.39296875 0.09140625 0.10078125
2 0.8171875 0.3109375 0.09140625 0.09765625
2 0.7703125 0.48828125 0.08046875 0.09140625
2 0.58203125 0.228125 0.09375 0.0953125
2 0.41875 0.25546875 0.1046875 0.078125
2 0.29765625 0.28671875 0.084375 0.08515625