4 0 0.422597221875 0.0135350609375 0.496460559375 0.0772230703125 0.6736753609374999 0.07984765625 0.6920303171875 0.087597915625 0.70278615 0.10062498281250001 0.71157301875 0.1245824625 0.747476175 0.183783275 0.8142589656249999 0.19602702656249998 0.8335739140625 0.2609346171875 0.8860418343750001 0.29304678281249996 0.9250761593749999 0.358335359375 0.9406830328125 0.3773459375 0.9511365921875001 0.4471280078125 0.9753025796875001 0.5190322765625 0.97641790625 0.56485686875 0.9646807390625 0.636561021875 0.9356507640625 0.730155728125 0.8882168531250001 0.8057999078125 0.8357828656249999 0.8585701 0.7821355953125 0.8904842484375 0.7570669890625 0.9232583328124999 0.7073065671875 0.9714860515625 0.620585040625 0.9886319203125 0.572919178125 0.9907562171875 0.5159108859375 0.9737954171875 0.42865513593750004 0.9228280078125 0.3168821484375 0.9116443078125 0.30302068437499996 0.885390053125 0.2553016453125 0.874913053125 0.2450758390625 0.8680972453125 0.22942208593750002 0.8096031328125 0.16627495 0.784206715625 0.12782172812499998 0.7497701375 0.115650396875 0.7246759921875 0.08845749375 0.704352071875 0.0858052703125 0.6663819953125001 0.0554556578125 0.5937475859375 0.021468290625 0.5659756781249999 0.019320553125 0.542041640625 0.012653784375 0.5075029062499999 0.019367434375 0.4746308640625 0.0200975734375 0.45117577343750004 0.0256000375 0.38015278124999996 0.0629869140625 0.30253963906250003 0.11014409218750001 0.2665108859375 0.123750165625 0.21709961875 0.160709171875 0.16637500624999998 0.2054695171875 0.126734040625 0.24901867656249999 0.07785279687499999 0.2887044265625 0.0608346234375 0.31276406093750003 0.0440697421875 0.323568871875 0.004907721875 0.3792872640625 0 0.4023986546875 0 0.422597221875
2 0.18359375 0.6203125 0.10625 0.1
2 0.35234375 0.678125 0.0984375 0.0875
2 0.46484375 0.56796875 0.09375 0.1015625
2 0.68984375 0.59375 0.0921875 0.103125
2 0.6390625 0.721875 0.0953125 0.1109375
2 0.55859375 0.74453125 0.0984375 0.115625
2 0.83203125 0.5328125 0.11875 0.1140625
2 0.73828125 0.41796875 0.1203125 0.11875
2 0.63515625 0.51640625 0.090625 0.1015625
2 0.578125 0.43828125 0.096875 0.0953125
2 0.4390625 0.41953125 0.115625 0.121875
2 0.28671875 0.43203125 0.109375 0.115625
2 0.15234375 0.375 0.1078125 0.1140625
2 0.23203125 0.53984375 0.096875 0.1046875
2 0.36796875 0.2484375 0.1109375 0.1109375
2 0.5328125 0.24453125 0.1171875 0.096875
2 0.6578125 0.25234375 0.0984375 0.1