4 0 0.573676340625 0.0337564328125 0.6388438 0.146474171875 0.7896945859375 0.154350546875 0.8064801625 0.1649068578125 0.8145000609374999 0.1799337359375 0.8190942390625 0.21334145468750002 0.8464241078124999 0.289480871875 0.8929801671875 0.30683677343750004 0.9078714171875 0.384248346875 0.9390695953125 0.4263698953125 0.96700961875 0.4933686796875 0.9628460125 0.5146049109375 0.9672846453125 0.5884032890625 0.9699923921875 0.657491771875 0.9500362109375 0.6978824312499999 0.9254140874999999 0.7579659109375 0.87668831875 0.8336026406249999 0.8039626015625 0.8906113156250001 0.7317035109375001 0.9253907578125 0.664971859375 0.9485810578124999 0.6316678390625 0.96537453125 0.574499496875 0.98614000625 0.47746686718750003 0.988600534375 0.426870809375 0.973964396875 0.371732425 0.9322335921875 0.29324819375 0.85081395625 0.20126058281249998 0.8360662296875001 0.1912745953125 0.7970074656249999 0.153316653125 0.7839985234375 0.14660084375 0.7729038203124999 0.133623834375 0.6985031859374999 0.09033795156249999 0.6629738374999999 0.060990146875 0.626483421875 0.059418925 0.5945353359375 0.040751040625 0.5743240390625 0.044156846875 0.52913970625 0.02623474375 0.44974212968750005 0.014968709375 0.42255578437499997 0.0210345375 0.3977183765625 0.021656709375 0.36665170156250004 0.038175153125 0.335429484375 0.04848424375 0.314608034375 0.060603882812499996 0.25761927500000004 0.11712224375 0.19718488125 0.1849107625 0.1667084453125 0.208456103125 0.1302619828125 0.258246634375 0.094840453125 0.31588160625 0.06966415000000001 0.369117771875 0.034521775 0.4213609359375 0.0252815703125 0.44934491093749995 0.01240825625 0.46457917968749995 0 0.5025384625 0 0.573676340625
2 0.2328125 0.7078125 0.1203125 0.1171875
2 0.4109375 0.7140625 0.1109375 0.1046875
2 0.4859375 0.57578125 0.109375 0.1140625
2 0.709375 0.53359375 0.109375 0.115625
2 0.69765625 0.671875 0.115625 0.1234375
2 0.628125 0.7171875 0.11875 0.128125
2 0.8265625 0.434375 0.134375 0.1328125
2 0.70390625 0.35234375 0.1390625 0.1375
2 0.634375 0.4765625 0.1078125 0.1140625
2 0.55625 0.41796875 0.1125 0.1109375
2 0.41796875 0.440625 0.134375 0.1375
2 0.2765625 0.49765625 0.128125 0.13125
2 0.13125 0.48203125 0.1265625 0.1296875
2 0.25546875 0.61640625 0.1140625 0.11875
2 0.3 0.2984375 0.128125 0.128125
2 0.45703125 0.24609375 0.1296875 0.11875
2 0.57890625 0.21640625 0.1140625 0.1140625