4 0.31759259218749997 0.15 0.2666666671875 0.175 0.2148148140625 0.21111111093749999 0.19444444375 0.23518518593749999 0.134259259375 0.2824074078125 0.061111110937500004 0.3768518515625 0.046296296875 0.403703703125 0.0388888890625 0.427777778125 0.039814814062499995 0.4481481484375 0.034259259375000004 0.46851851875 0.028703703125 0.521296296875 0.0296296296875 0.6018518515625 0.05 0.6944444437499999 0.0666666671875 0.7074074078125 0.0861111109375 0.7379629624999999 0.15092592656249998 0.8138888890624999 0.21296296250000002 0.8638888890624999 0.253703703125 0.8888888890625 0.3518518515625 0.925 0.4601851859375 0.9472222218749999 0.5555555562500001 0.9416666671874999 0.634259259375 0.9277777781250001 0.7361111109375 0.8870370375000001 0.8074074078125 0.85 0.8583333328125 0.809259259375 0.909259259375 0.7574074078125 0.9379629625 0.7351851859375 0.95648148125 0.6879629625 0.984259259375 0.6537037031249999 0.9916666671875 0.6203703703125 0.9925925921875001 0.5796296296875 0.9851851859374999 0.559259259375 0.9824074078124999 0.4981481484375 0.9861111109375 0.4703703703125 0.9981481484374999 0.4453703703125 1 0.40277777812500004 0.99444444375 0.3851851859375 0.9870370375 0.3296296296875 0.9546296296874999 0.3046296296875 0.9277777781250001 0.26574074062499997 0.884259259375 0.225 0.809259259375 0.17962962968750001 0.7731481484375 0.15 0.7240740734375 0.14444444375 0.6453703703125 0.12407407343750002 0.559259259375 0.1175925921875 0.502777778125 0.1175925921875 0.44444444375 0.12222222187500001 0.3648148140625 0.14351851875 0.31759259218749997 0.15
0 0.29140625 0.5421875 0.075 0.059375
0 0.5484375 0.528125 0.059375 0.06171875
0 0.628125 0.4234375 0.05625 0.0546875
0 0.82421875 0.3703125 0.07578125 0.06171875
0 0.890625 0.4890625 0.0671875 0.07265625
0 0.84375 0.63359375 0.08203125 0.08046875
0 0.734375 0.74296875 0.075 0.07890625
0 0.59765625 0.7640625 0.071875 0.059375
0 0.36953125 0.75 0.0671875 0.0640625
0 0.4125 0.33671875 0.059375 0.0484375
0 0.48125 0.17734375 0.0546875 0.03515625
0 0.6640625 0.17265625 0.0671875 0.0484375
0 0.7421875 0.2515625 0.07109375 0.04453125
0 0.16953125 0.41640625 0.07109375 0.05078125
0 0.49296875 0.384375 0.0671875 0.0484375
0 0.2859375 0.3140625 0.0578125 0.0390625
0 0.4859375 0.66015625 0.053125 0.0609375