4 0 0.48155889687500003 0.013006173437499999 0.5043519437499999 0.018638534374999998 0.5318036984375001 0.0201304171875 0.5929597140625 0.0141620203125 0.613797178125 0.0179276203125 0.6543740875 0.0276422 0.68710950625 0.05774211875 0.7193476328124999 0.07950958281250001 0.7651630390624999 0.109693509375 0.7853288593750001 0.164112384375 0.8335019890625001 0.21775618749999998 0.8705910749999999 0.2914623828125 0.9025645125 0.395908059375 0.9361011859374999 0.47538888281249997 0.9444661484375001 0.570914471875 0.9433554703125001 0.67743376875 0.9136304296875 0.7728238484375 0.8707608140625 0.8117214359375 0.8429797828125001 0.8701195281249999 0.7887740953125 0.9294801343750001 0.7085118671874999 0.9467457640625 0.67667436875 0.96246758125 0.6625803734375 0.9763293984375 0.5687923671874999 0.9716337968750001 0.488368453125 0.9624101828124999 0.436106775 0.9554471953125001 0.4161735609375 0.9549499000000001 0.3957882234375 0.9458812140624999 0.37228950625 0.9292293968750001 0.34653649375 0.8496713218749999 0.25742466875000003 0.786338690625 0.2145157828125 0.76433861875 0.1919213171875 0.710094090625 0.1595151734375 0.65754830625 0.138128484375 0.609988990625 0.1349568484375 0.5290677796875001 0.119267109375 0.470553596875 0.11871788593749999 0.4142097015625 0.122657834375 0.32876047812500003 0.135130334375 0.2516694578125 0.1609411765625 0.2031024609375 0.169906434375 0.1691461734375 0.201982871875 0.097493746875 0.2524744578125 0.0569231671875 0.296151653125 0.0328494765625 0.3368189015625 0.0022649234375 0.3640186296875 0 0.4000723671875 0 0.48155889687500003
0 0.7109375 0.52734375 0.0796875 0.0640625
0 0.45390625 0.53125 0.0640625 0.065625
0 0.3671875 0.4328125 0.059375 0.0578125
0 0.1671875 0.39296875 0.0796875 0.0671875
0 0.109375 0.51640625 0.071875 0.0765625
0 0.16640625 0.65703125 0.0875 0.0859375
0 0.2828125 0.75859375 0.0796875 0.084375
0 0.42109375 0.7703125 0.0765625 0.0640625
0 0.64765625 0.740625 0.071875 0.06875
0 0.57578125 0.33125 0.0625 0.053125
0 0.49609375 0.1765625 0.05625 0.0390625
0 0.31328125 0.18515625 0.0703125 0.053125
0 0.24140625 0.26875 0.0734375 0.05
0 0.82421875 0.39375 0.075 0.05625
0 0.49921875 0.384375 0.0703125 0.053125
0 0.70078125 0.29921875 0.0609375 0.04375
0 0.525 0.65859375 0.0578125 0.0640625