4 0 0.5717965656249999 0.0076463984375 0.5934018484375 0.0264667671875 0.613790178125 0.038130071875 0.6392713421875 0.0533408296875 0.69852433125 0.052212812500000004 0.7201703296875 0.06500971875 0.7588601796875001 0.08183918125 0.7885712875 0.11841964062500002 0.8132121437500001 0.1499354296875 0.8529566890625 0.1838820671875 0.86581575625 0.24774278593750002 0.900512628125 0.30835493125 0.9245838921875 0.3873645 0.9391575671875 0.49667735 0.9483395328125 0.5760027937500001 0.9386108078125 0.6688302187499999 0.9160400125000001 0.765932753125 0.8631151953125 0.849234428125 0.7998862265625 0.8808856984375 0.7640671671875 0.9255934265624999 0.69811405625 0.96537755 0.6065557125 0.9750387843749999 0.5716502859375 0.98718719375 0.5543808796875 0.9795960218750001 0.45987842343749996 0.9569293249999999 0.38257204843750003 0.936185790625 0.33372469531250004 0.9249172671875 0.3158687 0.9198470140625 0.2961177046875 0.905724696875 0.27526126875 0.8837064984375 0.253914146875 0.7861416921875 0.184982925 0.7147798734374999 0.157420534375 0.6882610125 0.14035410312500002 0.628116971875 0.12098089062499999 0.572106975 0.11196257031250001 0.5250531374999999 0.11957074062499999 0.442676509375 0.122486440625 0.38553849218749997 0.1351141203125 0.3315249828125 0.15162770781249998 0.25107151875 0.18300243124999999 0.1817625140625 0.22549345 0.1364570296875 0.245154125 0.11058666875 0.2840469484375 0.052128823437500006 0.3493627265625 0.022423296875000002 0.401046875 0.0081147546875 0.44608722500000003 0 0.45752591562499995 0 0.5717965656249999
0 0.71171875 0.4796875 0.0890625 0.078125
0 0.46171875 0.54140625 0.075 0.0765625
0 0.35546875 0.4640625 0.0703125 0.06875
0 0.15234375 0.47109375 0.090625 0.08125
0 0.1234375 0.60390625 0.0859375 0.0890625
0 0.21015625 0.728125 0.1015625 0.1015625
0 0.346875 0.80078125 0.0953125 0.096875
0 0.48359375 0.78125 0.0859375 0.078125
0 0.69765625 0.70078125 0.0828125 0.08125
0 0.5359375 0.31796875 0.0703125 0.0640625
0 0.4234375 0.1859375 0.0625 0.05
0 0.24765625 0.23515625 0.078125 0.065625
0 0.19609375 0.33359375 0.08125 0.0640625
0 0.79140625 0.3234375 0.0828125 0.06875
0 0.47265625 0.3875 0.078125 0.065625
0 0.65 0.259375 0.0671875 0.0546875
0 0.56015625 0.64921875 0.06875 0.0734375