4 0.6141394140624999 1 0.6320652515625 0.9677812609374999 0.6640676671875 0.9253208140625 0.66749468125 0.9097127781250001 0.7056418234375 0.8354410828125 0.7521391359375 0.7843492000000001 0.7769010921875 0.7404341984375 0.786873246875 0.7141449984375 0.7995351484375 0.6947336765625 0.8187282078125 0.676181734375 0.8383636250000001 0.64413824375 0.8631395656249999 0.5886826984375 0.917586634375 0.5396405421875 0.9363653 0.5114990609375 0.9451997765625 0.4865656921875 0.9295036453125001 0.4318068765625 0.74396184375 0.2668769984375 0.7072536406250001 0.20834969375 0.57219165625 0.1042610546875 0.5262066171875001 0.08415866875 0.4996396296875 0.09421269531250001 0.4406558359375 0.1371376296875 0.40710135000000003 0.1713643671875 0.3712854921875 0.196762225 0.333461221875 0.2389584640625 0.314134690625 0.2504670453125 0.2713313359375 0.30003761406249996 0.22115405156249998 0.34111026718750004 0.1194863890625 0.45218967499999996 0.066900278125 0.48893062968749995 0.0245392828125 0.5250096484375 0 0.5519737484375 0 0.714974690625 0.0028611296875 0.7193814140625 0.15408956875 0.8416562328125 0.318241565625 1 0.6141394140624999 1
1 0.2703125 0.4 0.1578125 0.1703125
1 0.29140625 0.75078125 0.1140625 0.11875
1 0.56640625 0.6640625 0.125 0.128125
1 0.72890625 0.7203125 0.140625 0.146875
1 0.55859375 0.928125 0.1796875 0.14375
1 0.4546875 0.9203125 0.153125 0.159375
1 0.66328125 0.32734375 0.0921875 0.0953125
1 0.4734375 0.30859375 0.1125 0.11875
1 0.7140625 0.4390625 0.1015625 0.1078125
1 0.84609375 0.5265625 0.0953125 0.1015625
1 0.4734375 0.5359375 0.0953125 0.1
3 0.365625 0.803125 0.18125 0.2
3 0.70546875 0.78046875 0.103125 0.1078125
3 0.83203125 0.47578125 0.078125 0.08125
3 0.64296875 0.47109375 0.15 0.1671875
3 0.64296875 0.27109375 0.065625 0.065625
3 0.521875 0.2234375 0.053125 0.0546875
3 0.15390625 0.52578125 0.196875 0.2109375
3 0.3625 0.33203125 0.0953125 0.096875
3 0.3484375 0.61015625 0.14375 0.1625
3 0.51484375 0.5671875 0.1203125 0.13125
3 0.509375 0.4140625 0.1453125 0.1484375
3 0.66640625 0.653125 0.1046875 0.1125
3 0.51875 0.725 0.13125 0.1328125