4 0.315740740625 1 0.5453703703125 0.984070796875 0.7398148140624999 0.98761061875 0.8324074078124999 0.9592920359375 0.8425925921875 0.9327433624999999 0.8509259265625 0.893805309375 0.8481481484375 0.8247787609375001 0.8388888890624999 0.7699115046875 0.8222222218749999 0.7079646015625001 0.815740740625 0.5575221234375001 0.803703703125 0.493805309375 0.8027777781250001 0.42831858437500003 0.7953703703125 0.4070796453125 0.79351851875 0.350442478125 0.7824074078125001 0.3079646015625 0.7787037031249999 0.260176990625 0.7611111109375 0.18938053125 0.747222221875 0.1646017703125 0.6990740734374999 0.150442478125 0.5287037031249999 0.14336283125 0.46296296249999996 0.1646017703125 0.2148148140625 0.171681415625 0.1675925921875 0.20353982343750002 0.1583333328125 0.22831858437500002 0.1546296296875 0.261946903125 0.1648148140625 0.334513275 0.1481481484375 0.39292035468750003 0.1425925921875 0.43008849531250004 0.1453703703125 0.45663716875000004 0.1425925921875 0.4796460171875 0.13333333281249998 0.506194690625 0.12407407343750002 0.5557522125000001 0.1268518515625 0.6247787609375 0.10833333281249999 0.7061946906250001 0.10092592656249999 0.7203539828125 0.0981481484375 0.773451328125 0.078703703125 0.8743362828125001 0.07962962968750001 0.9115044250000001 0.075 0.9469026546875 0.0824074078125 0.9752212390624999 0.1 1 0.315740740625 1
1 0.740625 0.57109375 0.0640625 0.16875
1 0.4984375 0.82578125 0.0671875 0.09765625
1 0.34375 0.5828125 0.07890625 0.1015625
1 0.1828125 0.521875 0.071875 0.13203125
1 0.16171875 0.8109375 0.06484375 0.20234375
1 0.2625 0.85234375 0.07421875 0.15078125
1 0.4859375 0.26328125 0.053125 0.0796875
1 0.64375 0.3703125 0.05859375 0.10625
1 0.375 0.315625 0.05390625 0.09453125
1 0.21796875 0.29765625 0.04609375 0.09375
1 0.49765625 0.54453125 0.053125 0.08515625
3 0.4078125 0.81875 0.0609375 0.209375
3 0.1625 0.5828125 0.0546875 0.09453125
3 0.2609375 0.26796875 0.04453125 0.06796875
3 0.40859375 0.3859375 0.04296875 0.18203125
3 0.5375 0.2328125 0.05078125 0.0421875
3 0.6609375 0.27421875 0.028125 0.0484375
3 0.7484375 0.7421875 0.08515625 0.2046875
3 0.71328125 0.459375 0.06484375 0.071875
3 0.5453125 0.68203125 0.034375 0.1828125
3 0.4453125 0.5421875 0.04609375 0.1328125
3 0.54765625 0.428125 0.0875 0.12109375
3 0.27421875 0.51015625 0.040625 0.11328125
3 0.34140625 0.66015625 0.09296875 0.09453125