4 0.43419202031250004 1 0.5790269218749999 0.9797267484375001 0.773244634375 0.9696941875 0.8636362734375 0.9349856546875 0.8719447046875001 0.9077911703125 0.8775415578124999 0.8683666640625001 0.8699554984375 0.7997020296875 0.856891446875 0.7456143203125001 0.83594418125 0.684980925 0.818984153125 0.5353570421875 0.8025317765625 0.47263510000000003 0.797039984375 0.4073724859375 0.7881690671875 0.3867019984375 0.7823709171875 0.3303319765625 0.768323765625 0.2887326453125 0.7612955875 0.2413198 0.7388073390625001 0.17192299375 0.723223803125 0.1481734328125 0.6742052390625 0.1374072765625 0.50375603125 0.14222931249999998 0.439656984375 0.16800235624999998 0.1926071640625 0.192374696875 0.147722303125 0.2274495546875 0.140214078125 0.2528138484375 0.138865190625 0.28661860781250004 0.15408753749999998 0.3582977296875 0.14153574375 0.4177251390625 0.1385864390625 0.4551902765625 0.1432093921875 0.48148051093750005 0.142043396875 0.5046270796875 0.134658634375 0.531756975 0.1288788875 0.5818396703125 0.1364649484375 0.6505043046875 0.123670828125 0.733013696875 0.1172691671875 0.7476552109375 0.1182020390625 0.8008169828125 0.1058423390625 0.9028125625 0.109358728125 0.9398255750000001 0.10720963125 0.9754605234374999 0.11549605781250001 1 0.43419202031250004 1
1 0.7453125 0.55390625 0.075 0.1734375
1 0.52109375 0.825 0.0734375 0.1015625
1 0.35 0.59375 0.0859375 0.10625
1 0.18515625 0.54375 0.08125 0.1375
1 0.184375 0.83359375 0.078125 0.20625
1 0.2875 0.86796875 0.084375 0.15625
1 0.46953125 0.26484375 0.0578125 0.0828125
1 0.634375 0.3609375 0.065625 0.109375
1 0.3625 0.325 0.0609375 0.0984375
1 0.2046875 0.31796875 0.053125 0.096875
1 0.50078125 0.54453125 0.059375 0.0890625
3 0.43046875 0.82421875 0.075 0.2125
3 0.16875 0.60625 0.0609375 0.0984375
3 0.2453125 0.28515625 0.0484375 0.0703125
3 0.40078125 0.39296875 0.05625 0.184375
3 0.51875 0.23046875 0.053125 0.0453125
3 0.64453125 0.26328125 0.03125 0.05
3 0.76484375 0.72421875 0.1 0.209375
3 0.71015625 0.44453125 0.0703125 0.0765625
3 0.5578125 0.678125 0.046875 0.184375
3 0.4484375 0.54609375 0.0546875 0.1359375
3 0.5421875 0.425 0.0953125 0.1265625
3 0.27578125 0.52578125 0.0484375 0.115625
3 0.353125 0.67109375 0.1 0.1015625