4 0.08664648124999999 0.2739591671875 0.087498146875 0.2870914578125 0.07457772812499999 0.31939664687499997 0.06528415625 0.41668611875000006 0.068836228125 0.44629090156249995 0.069077178125 0.5144325859375 0.08650518593749999 0.5969321328125 0.110218915625 0.6495153140625 0.1293835015625 0.6822858078125 0.188879715625 0.7420146875 0.21951065 0.7653586828125001 0.29070171093749997 0.8091177671875001 0.357700909375 0.8415933000000001 0.403678471875 0.8569565515625 0.51031135625 0.86133538125 0.54153638125 0.8676668031249999 0.595016928125 0.85577670625 0.6619496625 0.8338743281250001 0.7315537265625001 0.7917562796875 0.76541269375 0.76018228125 0.7942655203125 0.7218821890625 0.8127404734375 0.6805991828125 0.8354529859375001 0.64929106875 0.8537451390624999 0.6132427 0.856187971875 0.599570328125 0.8812976203125 0.5558985 0.8859547875 0.5350970484375 0.8873423921875 0.45784044843749994 0.8795236828125 0.3815726140625 0.840359471875 0.2649025140625 0.8033846625000001 0.19809856718750002 0.749663165625 0.14184698125 0.705139671875 0.1036050421875 0.6642222624999999 0.074660815625 0.591402646875 0.040016646875 0.53820460625 0.025056378125 0.45846778749999995 0.019651396874999998 0.3472691328125 0.0334567 0.3187445125 0.0435977671875 0.304029365625 0.0522556890625 0.251255075 0.10020246562499999 0.23202816875 0.1067374515625 0.210358428125 0.1269448109375 0.174970615625 0.14601799531249998 0.1358770109375 0.177409196875 0.117136175 0.2075457484375 0.1146933421875 0.221218121875 0.09496374375 0.2421483609375 0.0944610484375 0.2565436125 0.08664648124999999 0.2739591671875
2 0.55078125 0.32265625 0.0953125 0.0953125
2 0.56953125 0.24453125 0.0921875 0.0921875
2 0.4203125 0.196875 0.0953125 0.096875
2 0.34765625 0.1390625 0.10625 0.10625
2 0.30625 0.29140625 0.103125 0.103125
2 0.46484375 0.43671875 0.090625 0.090625
2 0.36875 0.40546875 0.1 0.1
2 0.26484375 0.45546875 0.084375 0.084375
2 0.1703125 0.503125 0.096875 0.096875
2 0.23359375 0.6484375 0.0984375 0.0984375
2 0.65703125 0.640625 0.0921875 0.0921875
2 0.75390625 0.57265625 0.0953125 0.0953125
2 0.76875 0.43671875 0.1109375 0.1109375
2 0.75234375 0.3296875 0.0921875 0.0921875
2 0.49375 0.53828125 0.0921875 0.0921875
2 0.46953125 0.63671875 0.0921875 0.0921875
0 0.79453125 0.61953125 0.075 0.0765625
0 0.55 0.8171875 0.0375 0.0375
0 0.528125 0.57734375 0.0453125 0.046875
0 0.55546875 0.5640625 0.0390625 0.040625
0 0.5671875 0.59296875 0.040625 0.040625
0 0.51796875 0.48984375 0.04375 0.04375
0 0.65859375 0.3953125 0.05625 0.05625
0 0.58046875 0.48203125 0.0421875 0.0421875
0 0.56484375 0.503125 0.0484375 0.0484375
0 0.7109375 0.6078125 0.0328125 0.0328125
0 0.66875 0.61328125 0.040625 0.0421875
0 0.665625 0.2546875 0.0625 0.0625
0 0.6640625 0.18046875 0.046875 0.046875
0 0.540625 0.1015625 0.05 0.05
0 0.45234375 0.1140625 0.0421875 0.0421875
0 0.4859375 0.11953125 0.0390625 0.0390625
0 0.5078125 0.15234375 0.040625 0.0421875
0 0.45859375 0.24375 0.0375 0.0375
0 0.48359375 0.2265625 0.04375 0.0453125
0 0.4203125 0.25859375 0.04375 0.04375
0 0.3921875 0.35703125 0.046875 0.046875
0 0.42578125 0.3953125 0.040625 0.040625
0 0.2 0.459375 0.0484375 0.0484375
0 0.19765625 0.42890625 0.04375 0.04375
0 0.2203125 0.375 0.0609375 0.0625
0 0.253125 0.43203125 0.0703125 0.0703125
0 0.31015625 0.41640625 0.0640625 0.0640625
0 0.2703125 0.553125 0.0515625 0.0515625
0 0.3203125 0.6859375 0.0546875 0.0546875
0 0.3484375 0.65625 0.046875 0.046875
0 0.37890625 0.634375 0.0453125 0.0453125
0 0.3890625 0.52421875 0.0390625 0.040625
0 0.44296875 0.5875 0.034375 0.034375
0 0.35390625 0.721875 0.0421875 0.04375
0 0.4015625 0.7765625 0.034375 0.034375
0 0.58515625 0.6171875 0.040625 0.040625
0 0.5984375 0.7265625 0.053125 0.053125
0 0.26640625 0.23125 0.0453125 0.046875
0 0.2921875 0.1734375 0.0453125 0.0453125
0 0.403125 0.290625 0.05 0.05
0 0.4296875 0.3359375 0.040625 0.040625
0 0.28203125 0.59375 0.0390625 0.0390625
0 0.33125 0.6046875 0.0453125 0.0453125
0 0.54375 0.7125 0.0390625 0.0390625
0 0.396875 0.4546875 0.0484375 0.0484375
0 0.29609375 0.1390625 0.0390625 0.0390625
0 0.6234375 0.6765625 0.0421875 0.04375
3 0.49609375 0.34921875 0.078125 0.078125
3 0.4375 0.575 0.125 0.125
3 0.3984375 0.1484375 0.1015625 0.103125
3 0.35859375 0.234375 0.1265625 0.1328125
3 0.25078125 0.3046875 0.184375 0.184375
3 0.34453125 0.403125 0.184375 0.184375
3 0.25 0.546875 0.1703125 0.16875
3 0.61484375 0.5140625 0.153125 0.1515625
3 0.81796875 0.5375 0.175 0.175
3 0.68359375 0.31171875 0.2 0.2
3 0.771875 0.30625 0.153125 0.153125
3 0.56484375 0.109375 0.1578125 0.1578125
3 0.36953125 0.6234375 0.0984375 0.0984375
3 0.340625 0.70078125 0.1625 0.165625
3 0.4890625 0.68828125 0.1515625 0.146875
3 0.45078125 0.375 0.065625 0.0671875
3 0.4984375 0.39296875 0.071875 0.071875