4 0.6459677734375 0.035948509375 0.5962903500000001 0.0291756921875 0.5561336578125 0.031052853125 0.52715150625 0.024892506249999998 0.5073050640625001 0.02919351875 0.4373742515625 0.015275878125 0.42030174843749996 0.015433453125 0.390628340625 0.0214321265625 0.28820223437500003 0.0668702140625 0.22263821250000002 0.112570684375 0.1847437 0.152793153125 0.140168171875 0.21999387656249997 0.12000248437500001 0.26587794531250003 0.10153445781249999 0.3215889796875 0.0844578546875 0.397474615625 0.08717083437499999 0.4737802109375 0.11369009687500001 0.5939570640625 0.1462689921875 0.6633582921875 0.1872484921875 0.728865453125 0.2019540046875 0.7442971593750001 0.24596982656250002 0.768798796875 0.25510553593749996 0.77926015625 0.2893512546875 0.8007384828124999 0.3249445484375 0.815876965625 0.36204299375 0.8417481046875 0.4065006984375 0.8597173874999999 0.4517853109375 0.8693429281249999 0.5331400359375 0.8695963984375 0.601793146875 0.8538974953125 0.653758775 0.8365447796875 0.6772629218749999 0.8150356140625 0.7664098796875 0.756362228125 0.7979076828125 0.7195131578125 0.8386110703125 0.657169053125 0.8770961249999999 0.582994090625 0.8913289140625 0.547208284375 0.9115644749999999 0.46536782656250003 0.9111136796875 0.42740753906249995 0.9043579734374999 0.37012148125 0.8768062828125001 0.2904294796875 0.8419172546875 0.2318965578125 0.8297143859375 0.2046908546875 0.77164045625 0.12608404374999999 0.7439270953125 0.10504759999999999 0.737893484375 0.0933523890625 0.72222541875 0.0824491453125 0.7143804234375 0.0703689125 0.6866889859375 0.062589690625 0.6775532765625 0.05212833125000001 0.6459677734375 0.035948509375
2 0.365625 0.37421875 0.0796875 0.0796875
2 0.309375 0.31640625 0.075 0.0796875
2 0.4125 0.19921875 0.078125 0.0828125
2 0.44453125 0.11171875 0.0890625 0.0890625
2 0.55859375 0.221875 0.0828125 0.0890625
2 0.49765625 0.42734375 0.0765625 0.0765625
2 0.5640625 0.3515625 0.08125 0.0875
2 0.678125 0.340625 0.0625 0.0796875
2 0.78359375 0.3328125 0.0828125 0.0796875
2 0.8046875 0.490625 0.084375 0.08125
2 0.43828125 0.7015625 0.078125 0.0765625
2 0.3203125 0.69296875 0.078125 0.0828125
2 0.23671875 0.58359375 0.090625 0.09375
2 0.19609375 0.484375 0.075 0.0796875
2 0.525 0.52890625 0.0765625 0.0765625
2 0.596875 0.6015625 0.08125 0.0734375
0 0.309375 0.75390625 0.0578125 0.0703125
0 0.6203125 0.796875 0.034375 0.0296875
0 0.515625 0.58046875 0.034375 0.04375
0 0.48515625 0.58359375 0.03125 0.0359375
0 0.48984375 0.61484375 0.034375 0.0328125
0 0.47890625 0.5 0.0359375 0.0375
0 0.31015625 0.4921875 0.05 0.046875
0 0.421875 0.52578125 0.0359375 0.034375
0 0.44609375 0.5359375 0.034375 0.046875
0 0.375 0.70078125 0.021875 0.0328125
0 0.4140625 0.68359375 0.0328125 0.0375
0 0.23203125 0.375 0.05625 0.0484375
0 0.19453125 0.31015625 0.0390625 0.0390625
0 0.26015625 0.17890625 0.0421875 0.0421875
0 0.3421875 0.14453125 0.034375 0.0359375
0 0.315625 0.1671875 0.0328125 0.034375
0 0.3140625 0.20546875 0.0328125 0.0375
0 0.403125 0.259375 0.03125 0.0328125
0 0.3734375 0.2578125 0.034375 0.0421875
0 0.44453125 0.2515625 0.0359375 0.0375
0 0.51875 0.321875 0.0390625 0.0390625
0 0.509375 0.371875 0.034375 0.034375
0 0.7359375 0.31015625 0.0390625 0.0421875
0 0.72265625 0.28359375 0.0328125 0.040625
0 0.67578125 0.24921875 0.05 0.053125
0 0.6765625 0.31484375 0.053125 0.065625
0 0.61953125 0.33046875 0.0546875 0.053125
0 0.72421875 0.42734375 0.0453125 0.0421875
0 0.75 0.56640625 0.046875 0.04375
0 0.71015625 0.55546875 0.0359375 0.0421875
0 0.6734375 0.553125 0.0359375 0.040625
0 0.6078125 0.4640625 0.03125 0.0359375
0 0.59453125 0.5453125 0.028125 0.03125
0 0.7390625 0.61484375 0.034375 0.0375
0 0.7265625 0.6859375 0.028125 0.03125
0 0.48671875 0.64453125 0.034375 0.034375
0 0.53203125 0.74453125 0.040625 0.0484375
0 0.56171875 0.15 0.034375 0.0421875
0 0.51015625 0.11328125 0.0375 0.0390625
0 0.475 0.27109375 0.0390625 0.0453125
0 0.475 0.32265625 0.034375 0.034375
0 0.73515625 0.46796875 0.0328125 0.034375
0 0.6984375 0.503125 0.0390625 0.0375
0 0.571875 0.7046875 0.034375 0.0328125
0 0.56484375 0.40859375 0.0421875 0.0390625
0 0.4890625 0.08515625 0.03125 0.034375
0 0.48515625 0.71484375 0.0328125 0.0390625
3 0.42578125 0.36953125 0.0609375 0.0703125
3 0.5921875 0.53203125 0.103125 0.10625
3 0.40625 0.14609375 0.0765625 0.0953125
3 0.48515625 0.2 0.0671875 0.1515625
3 0.61328125 0.2046875 0.14375 0.165625
3 0.58359375 0.3375 0.159375 0.15
3 0.73828125 0.41171875 0.146875 0.1375
3 0.409375 0.57109375 0.1390625 0.1171875
3 0.246875 0.69609375 0.15 0.14375
3 0.24609375 0.4328125 0.165625 0.171875
3 0.16796875 0.47421875 0.1234375 0.134375
3 0.24296875 0.1984375 0.1328125 0.134375
3 0.67578125 0.5390625 0.08125 0.084375
3 0.73984375 0.58984375 0.1109375 0.1640625
3 0.60625 0.65625 0.1625 0.0875
3 0.478125 0.3671875 0.04375 0.0671875
3 0.44609375 0.4078125 0.0625 0.0578125