4 0.3796296296875 0.0351851859375 0.36944444375 0.045370370312500005 0.3518518515625 0.052777778124999994 0.34351851875 0.0629629625 0.3120370375 0.077777778125 0.2388888890625 0.1425925921875 0.221296296875 0.1666666671875 0.175 0.2166666671875 0.13148148125 0.2888888890625 0.1129629625 0.34351851875 0.1046296296875 0.38055555625 0.1074074078125 0.46481481406249997 0.11388888906250001 0.502777778125 0.1361111109375 0.5833333328125 0.1629629625 0.652777778125 0.1861111109375 0.6953703703125 0.2611111109375 0.771296296875 0.2796296296875 0.797222221875 0.32685185156249996 0.825 0.39074074062499997 0.8546296296874999 0.4703703703125 0.871296296875 0.5166666671875 0.871296296875 0.5638888890625 0.8629629624999999 0.60555555625 0.8453703703125001 0.64351851875 0.8379629625 0.68148148125 0.8240740734375 0.6925925921875 0.815740740625 0.740740740625 0.8009259265625 0.7583333328124999 0.7888888890625 0.8120370375 0.7333333328125 0.8583333328125 0.672222221875 0.909259259375 0.5601851859375 0.9277777781250001 0.4861111109375 0.9268518515625 0.40833333281249995 0.9203703703125001 0.35 0.9101851859375 0.3009259265625 0.88055555625 0.2259259265625 0.8518518515625001 0.178703703125 0.797222221875 0.1203703703125 0.70648148125 0.0546296296875 0.678703703125 0.0425925921875 0.6620370375 0.0388888890625 0.590740740625 0.0379629625 0.5722222218749999 0.0296296296875 0.5425925921875 0.0296296296875 0.503703703125 0.019444443750000002 0.45370370312499997 0.015740740625 0.41944444374999995 0.025 0.40833333281249995 0.0333333328125 0.3796296296875 0.0351851859375
2 0.6578125 0.4046875 0.0671875 0.06796875
2 0.725 0.36015625 0.06171875 0.06796875
2 0.6484375 0.22421875 0.065625 0.0703125
2 0.63515625 0.13203125 0.075 0.075
2 0.50078125 0.215625 0.06796875 0.07734375
2 0.5171875 0.4296875 0.0640625 0.0640625
2 0.46796875 0.34140625 0.0671875 0.075
2 0.35859375 0.30703125 0.0484375 0.07109375
2 0.25703125 0.27734375 0.0703125 0.0671875
2 0.20390625 0.42734375 0.07265625 0.0671875
2 0.51875 0.71015625 0.065625 0.0640625
2 0.6359375 0.7265625 0.06484375 0.0703125
2 0.73984375 0.63671875 0.07578125 0.08046875
2 0.80078125 0.54765625 0.0625 0.06796875
2 0.46953125 0.5234375 0.06484375 0.06484375
2 0.384375 0.57890625 0.07109375 0.059375
0 0.63359375 0.78828125 0.0453125 0.0625
0 0.3203125 0.765625 0.0296875 0.0234375
0 0.46796875 0.57578125 0.0265625 0.0390625
0 0.496875 0.58515625 0.025 0.03125
0 0.4859375 0.6140625 0.02890625 0.028125
0 0.5203125 0.5046875 0.0296875 0.03203125
0 0.6875 0.53203125 0.0421875 0.03828125
0 0.57109375 0.54140625 0.03125 0.02890625
0 0.5453125 0.54609375 0.0265625 0.0421875
0 0.58046875 0.72265625 0.01640625 0.0296875
0 0.54609375 0.69765625 0.02578125 0.0328125
0 0.78828125 0.43359375 0.0484375 0.03984375
0 0.83828125 0.378125 0.0328125 0.03359375
0 0.8015625 0.2359375 0.03515625 0.03515625
0 0.728125 0.18515625 0.028125 0.03125
0 0.74921875 0.2125 0.0265625 0.0296875
0 0.74296875 0.25078125 0.02578125 0.0328125
0 0.64453125 0.284375 0.02578125 0.028125
0 0.67421875 0.2890625 0.0265625 0.03671875
0 0.60625 0.26875 0.0296875 0.0328125
0 0.51875 0.321875 0.03359375 0.0328125
0 0.5171875 0.37265625 0.028125 0.0296875
0 0.30859375 0.265625 0.0328125 0.0359375
0 0.32734375 0.2421875 0.0265625 0.0359375
0 0.38046875 0.21796875 0.04140625 0.04609375
0 0.365625 0.28203125 0.0421875 0.0578125
0 0.41796875 0.309375 0.04609375 0.04453125
0 0.29609375 0.38203125 0.03828125 0.03515625
0 0.24140625 0.51328125 0.03984375 0.03671875
0 0.2828125 0.5109375 0.02890625 0.03671875
0 0.31953125 0.515625 0.0296875 0.03515625
0 0.40234375 0.4421875 0.025 0.03125
0 0.3984375 0.525 0.02265625 0.0265625
0 0.2421875 0.5625 0.028125 0.0328125
0 0.23984375 0.63515625 0.02265625 0.0265625
0 0.4828125 0.64375 0.028125 0.0296875
0 0.41796875 0.7328125 0.0328125 0.0421875
0 0.5125 0.14453125 0.0265625 0.03828125
0 0.5703125 0.11953125 0.03203125 0.0328125
0 0.571875 0.28125 0.03125 0.03984375
0 0.5609375 0.33203125 0.028125 0.0296875
0 0.2765625 0.41953125 0.0265625 0.0296875
0 0.30546875 0.46171875 0.0328125 0.03203125
0 0.3875 0.68515625 0.0296875 0.0265625
0 0.45546875 0.396875 0.03671875 0.03203125
0 0.596875 0.096875 0.02578125 0.02890625
0 0.46953125 0.71328125 0.02578125 0.03515625
3 0.6 0.3875 0.04921875 0.0609375
3 0.403125 0.5125 0.08671875 0.08984375
3 0.665625 0.1734375 0.059375 0.08515625
3 0.57734375 0.209375 0.03671875 0.146875
3 0.45078125 0.1875 0.1171875 0.14375
3 0.45234375 0.3234375 0.13671875 0.12421875
3 0.28515625 0.3640625 0.12578125 0.1140625
3 0.57421875 0.58828125 0.12265625 0.09375
3 0.70703125 0.74453125 0.12734375 0.11953125
3 0.7625 0.4875 0.1375 0.14609375
3 0.83046875 0.54375 0.10078125 0.11640625
3 0.8140625 0.25859375 0.1109375 0.11328125
3 0.3203125 0.5015625 0.0671875 0.07265625
3 0.246875 0.53828125 0.08203125 0.15
3 0.36328125 0.63046875 0.1546875 0.05625
3 0.54921875 0.375 0.03203125 0.0625
3 0.571875 0.42109375 0.053125 0.0484375