4 1 0.32818880156249997 0.9226802718749999 0.21992830625 0.841592771875 0.1493650546875 0.8241193062500001 0.129422740625 0.6848457515625 0.046129565625 0.63174091875 0.026539978125000002 0.569609434375 0.00901278125 0.4991925734375 0.0100948421875 0.472495196875 0.006316821875000001 0.4345115234375 0.009676440625000001 0.36823735 0.0014538734374999998 0.3145526796875 0.0059313765625 0.2751492625 0.023862168750000003 0.2067947890625 0.03397088125 0.1728551734375 0.0350768234375 0.1577161046875 0.03948555 0 0.39372172031249997 0 0.764805040625 0.08000685156250001 0.8400541 0.12229465312500001 0.868003809375 0.145219978125 0.8893598968750001 0.39372171875 1 0.824703796875 1 1 0.6062782796875 1 0.32818880156249997
1 0.3578125 0.640625 0.146875 0.1515625
1 0.51328125 0.5125 0.1375 0.14375
1 0.4921875 0.60078125 0.1484375 0.13125
1 0.53515625 0.7546875 0.121875 0.146875
1 0.7765625 0.790625 0.115625 0.0859375
1 0.5984375 0.896875 0.1203125 0.09375
1 0.92734375 0.6390625 0.1 0.1140625
1 0.91015625 0.4296875 0.1515625 0.1234375
1 0.83359375 0.29296875 0.125 0.1078125
1 0.65234375 0.140625 0.1265625 0.128125
1 0.64140625 0.22421875 0.0984375 0.0796875
1 0.55546875 0.17421875 0.11875 0.115625
1 0.384375 0.05 0.134375 0.1
1 0.3859375 0.1875 0.0796875 0.084375
1 0.3546875 0.25859375 0.0921875 0.103125
1 0.271875 0.20390625 0.1109375 0.0953125
1 0.209375 0.2984375 0.096875 0.0921875
1 0.28125 0.3875 0.103125 0.10625
1 0.2203125 0.49921875 0.1359375 0.1046875
1 0.103125 0.40546875 0.171875 0.1859375
1 0.0859375 0.2828125 0.0921875 0.103125
1 0.1375 0.246875 0.0953125 0.0796875
1 0.340625 0.15625 0.065625 0.0671875
1 0.45078125 0.234375 0.0578125 0.0578125
1 0.50390625 0.2859375 0.075 0.075
1 0.43671875 0.14296875 0.109375 0.1
1 0.6765625 0.40546875 0.178125 0.20625
1 0.80390625 0.56171875 0.0828125 0.0828125
1 0.6875 0.625 0.1375 0.16875
1 0.89453125 0.51640625 0.08125 0.0890625
1 0.734375 0.271875 0.109375 0.1125
2 0.33125 0.753125 0.146875 0.146875
2 0.2171875 0.6703125 0.1421875 0.14375
2 0.1546875 0.55390625 0.128125 0.11875
2 0.315625 0.46484375 0.1109375 0.1203125
2 0.4234375 0.434375 0.1265625 0.1203125
2 0.38203125 0.32578125 0.1078125 0.1
2 0.58203125 0.2859375 0.109375 0.10625
2 0.8046875 0.37890625 0.0953125 0.0828125
2 0.9484375 0.39375 0.103125 0.103125
2 0.98125 0.47421875 0.0375 0.1046875
2 0.94140625 0.59140625 0.1078125 0.1125
2 0.85234375 0.60625 0.1046875 0.0921875
2 0.85390625 0.69609375 0.1265625 0.128125
2 0.70625 0.76796875 0.1296875 0.13125
2 0.75078125 0.8859375 0.1359375 0.134375
2 0.70625 0.92109375 0.14375 0.14375
2 0.62109375 0.853125 0.1515625 0.1453125
2 0.61015625 0.74921875 0.15 0.18125
2 0.56484375 0.93828125 0.1203125 0.1234375
2 0.07265625 0.3375 0.1 0.0875
2 0.18515625 0.334375 0.121875 0.10625
2 0.18203125 0.14140625 0.096875 0.0984375
2 0.33203125 0.09765625 0.084375 0.0765625
2 0.46171875 0.10390625 0.0875 0.084375
2 0.528125 0.12734375 0.0859375 0.0765625
2 0.54921875 0.54765625 0.11875 0.1296875
2 0.634375 0.6 0.1234375 0.1234375
2 0.4140625 0.2828125 0.090625 0.096875
2 0.74765625 0.19765625 0.0828125 0.0796875
2 0.7703125 0.146875 0.0953125 0.090625
2 0.846875 0.2546875 0.084375 0.0765625