4 0.5111229765624999 0 0.4340014015625 0.014948795312499999 0.40752890624999993 0.016440359374999998 0.256147625 0.07490901875 0.2080162203125 0.10469564375 0.1559526375 0.1428651015625 0.11345236562500001 0.19902052812499998 0.0940386984375 0.2177323671875 0.07330102968749999 0.24973229843750003 0.026019103124999998 0.296894740625 0 0.336607140625 0 0.624664 0.19956969062500002 1 0.6246640015625 1 1 0.800430309375 1 0.3753359984375 0.800430309375 0 0.722904703125 0 0.7037353265624999 0.00156454375 0.6673999890625 0 0.5111229765624999 0
1 0.5234375 0.6984375 0.15 0.1546875
1 0.51796875 0.49765625 0.1421875 0.146875
1 0.57421875 0.56875 0.15 0.1359375
1 0.72265625 0.62890625 0.1265625 0.146875
1 0.89921875 0.4609375 0.115625 0.090625
1 0.8734375 0.66640625 0.1203125 0.0984375
1 0.87265625 0.2484375 0.1046875 0.1140625
1 0.696875 0.13359375 0.153125 0.1296875
1 0.5421875 0.109375 0.1265625 0.1125
1 0.3109375 0.159375 0.1296875 0.13125
1 0.3703125 0.21875 0.0984375 0.0828125
1 0.27734375 0.25546875 0.121875 0.11875
1 0.06953125 0.31015625 0.1359375 0.1171875
1 0.18359375 0.39765625 0.0828125 0.0859375
1 0.21953125 0.465625 0.0953125 0.103125
1 0.1265625 0.49765625 0.1109375 0.0984375
1 0.1625 0.60546875 0.0984375 0.0953125
1 0.2765625 0.603125 0.1046875 0.109375
1 0.32734375 0.7203125 0.1359375 0.109375
1 0.18125 0.7546875 0.178125 0.1890625
1 0.07421875 0.69296875 0.0953125 0.1046875
1 0.07734375 0.63046875 0.0953125 0.0828125
1 0.13125 0.4140625 0.06875 0.06875
1 0.26015625 0.375 0.059375 0.059375
1 0.33359375 0.365625 0.0765625 0.078125
1 0.1796875 0.3296875 0.1109375 0.103125
1 0.534375 0.303125 0.1859375 0.209375
1 0.7359375 0.2984375 0.084375 0.084375
1 0.7140625 0.4296875 0.14375 0.16875
1 0.75625 0.19921875 0.084375 0.090625
1 0.4640625 0.175 0.1125 0.115625
2 0.59609375 0.7890625 0.1515625 0.15
2 0.46015625 0.82734375 0.146875 0.146875
2 0.3296875 0.80546875 0.1296875 0.1234375
2 0.35859375 0.6234375 0.1140625 0.121875
2 0.40078125 0.5203125 0.1296875 0.1234375
2 0.28984375 0.4859375 0.109375 0.103125
2 0.38125 0.30390625 0.1109375 0.109375
2 0.5921875 0.1859375 0.0953125 0.0859375
2 0.6921875 0.08125 0.10625 0.10625
2 0.796875 0.078125 0.10625 0.1078125
2 0.84375 0.20859375 0.1109375 0.1140625
2 0.80078125 0.28828125 0.10625 0.0953125
2 0.87265625 0.34140625 0.1296875 0.13125
2 0.83828125 0.50234375 0.1328125 0.134375
2 0.94453125 0.540625 0.1109375 0.1375
2 0.9421875 0.596875 0.115625 0.146875
2 0.853125 0.621875 0.1546875 0.15
2 0.76484375 0.56640625 0.1578125 0.1828125
2 0.890625 0.721875 0.125 0.1359375
2 0.10859375 0.7359375 0.1015625 0.090625
2 0.17578125 0.64609375 0.1234375 0.1109375
2 0.03515625 0.52890625 0.0703125 0.1015625
2 0.0796875 0.384375 0.084375 0.078125
2 0.1640625 0.28671875 0.0890625 0.0859375
2 0.2234375 0.24765625 0.0859375 0.0796875
2 0.5671875 0.490625 0.1234375 0.13125
2 0.66171875 0.45546875 0.1265625 0.1265625
2 0.27578125 0.434375 0.09375 0.0984375
2 0.4140625 0.11875 0.084375 0.0828125
2 0.3875 0.06953125 0.096875 0.0921875
2 0.5203125 0.07578125 0.084375 0.078125