4 1 0.1990740734375 0.9611111109375001 0.1759259265625 0.9138888890624999 0.15555555625 0.772222221875 0.072222221875 0.66944444375 0.040740740625 0.6453703703125 0.0296296296875 0.48425925937500003 0.0101851859375 0.427777778125 0.013888889062500001 0.3638888890625 0.0231481484375 0.3 0.052777778124999994 0.2740740734375 0.060185185937499996 0.240740740625 0.078703703125 0.1768518515625 0.0981481484375 0.1296296296875 0.12407407343750002 0.10092592656249999 0.15648148125 0.0425925921875 0.19351851874999998 0.0120370375 0.20833333281250002 0 0.21851851875 0 0.85648148125 0.0416666671875 0.8898148140625001 0.051851851562499995 0.9037037031249999 0.0981481484375 0.9268518515625 0.2546296296875 0.98148148125 0.3046296296875 0.9898148140625 0.334259259375 1 0.825 1 0.8824074078124999 0.984259259375 0.925 0.98148148125 0.9305555562500001 0.9740740734375001 0.9574074078124999 0.9694444437499999 0.9731481484375 0.9611111109375001 1 0.9546296296874999 1 0.1990740734375
1 0.42734375 0.6859375 0.1078125 0.1171875
1 0.5171875 0.50625 0.10078125 0.11328125
1 0.53359375 0.5953125 0.12265625 0.08828125
1 0.6359375 0.71796875 0.07734375 0.12578125
1 0.87109375 0.653125 0.10625 0.04609375
1 0.7515625 0.82265625 0.10625 0.05546875
1 0.946875 0.453125 0.06796875 0.09375
1 0.84609375 0.26875 0.1328125 0.07578125
1 0.7203125 0.175 0.1046875 0.071875
1 0.49296875 0.11015625 0.0953125 0.0984375
1 0.5171875 0.190625 0.08515625 0.04921875
1 0.41796875 0.1796875 0.09296875 0.084375
1 0.209375 0.13046875 0.11640625 0.0703125
1 0.26875 0.2609375 0.05859375 0.065625
1 0.26875 0.33828125 0.0640625 0.08359375
1 0.17109375 0.32265625 0.09296875 0.0625
1 0.15234375 0.434375 0.07578125 0.06796875
1 0.2546875 0.4859375 0.075 0.08359375
1 0.24453125 0.61328125 0.12265625 0.059375
1 0.09921875 0.575 0.12265625 0.1484375
1 0.03359375 0.4703125 0.0625 0.08515625
1 0.065625 0.41640625 0.08125 0.05078125
1 0.21484375 0.25078125 0.04921875 0.05234375
1 0.346875 0.27734375 0.04296875 0.04453125
1 0.41640625 0.303125 0.05625 0.0578125
1 0.296875 0.19921875 0.08984375 0.06875
1 0.62265625 0.3421875 0.1171875 0.17421875
1 0.803125 0.4328125 0.0625 0.0625
1 0.721875 0.53828125 0.08515625 0.14609375
1 0.8671875 0.3546875 0.0578125 0.07109375
1 0.62109375 0.19609375 0.08046875 0.0875
2 0.44921875 0.8 0.1125 0.11015625
2 0.3109375 0.7703125 0.10703125 0.11015625
2 0.20625 0.68984375 0.1015625 0.08515625
2 0.3171875 0.54296875 0.078125 0.096875
2 0.403125 0.47109375 0.10078125 0.08671875
2 0.32109375 0.3890625 0.08671875 0.0703125
2 0.4875 0.27109375 0.084375 0.07890625
2 0.72890625 0.265625 0.07890625 0.05546875
2 0.86640625 0.2203125 0.078125 0.078125
2 0.96015625 0.2671875 0.078125 0.08046875
2 0.940625 0.40390625 0.07890625 0.0875
2 0.86484375 0.45390625 0.08828125 0.0609375
2 0.903125 0.53515625 0.0953125 0.0984375
2 0.79765625 0.6609375 0.096875 0.1
2 0.8859375 0.75078125 0.1046875 0.1
2 0.859375 0.80078125 0.11015625 0.1078125
2 0.7546875 0.7734375 0.11796875 0.10703125
2 0.70234375 0.6828125 0.09453125 0.15703125
2 0.740625 0.87890625 0.08203125 0.1109375
2 0.04375 0.525 0.08359375 0.05859375
2 0.1453125 0.4765625 0.1015625 0.071875
2 0.06328125 0.3015625 0.07265625 0.07578125
2 0.1828125 0.20078125 0.06796875 0.053125
2 0.30390625 0.15390625 0.06875 0.0609375
2 0.37421875 0.14765625 0.0703125 0.05234375
2 0.5640625 0.5234375 0.084375 0.10390625
2 0.66328125 0.53671875 0.09375 0.09296875
2 0.3328125 0.33671875 0.06484375 0.07734375
2 0.603125 0.1234375 0.0640625 0.059375
2 0.603125 0.0671875 0.07578125 0.06484375
2 0.7171875 0.13515625 0.06796875 0.053125