4 0.7363696140625 0.06231146875 0.7115712671875001 0.047295409375 0.6849505453125 0.042388529687499996 0.665254059375 0.0433189859375 0.6234527484375 0.0280238375 0.58194441875 0.026361309375000003 0.5584195859375 0.007332323437500001 0.54072126875 0.006333173437500001 0.5156670437499999 0.011045985937499999 0.46857439375 0.034257946875 0.40905327187499996 0.048598615625 0.410129503125 0.0670410828125 0.4001972703125 0.0794156390625 0.385946421875 0.0806535265625 0.3223488796875 0.126761853125 0.29312253125 0.1271543046875 0.2825242421875 0.140172065625 0.273111571875 0.14508711093749999 0.261495646875 0.1423889265625 0.250428584375 0.1335944921875 0.23756844375 0.1362725 0.198995828125 0.1763047515625 0.1760061734375 0.2138127109375 0.167347453125 0.222174340625 0.15243055 0.224055428125 0.1410783109375 0.23362660468750002 0.134220475 0.262514021875 0.13799022656249998 0.27974694218749996 0.11772338906249999 0.3174086171875 0.10110130312500001 0.334851934375 0.091344859375 0.35540606406249997 0.0800590234375 0.3997019921875 0.059389814062500004 0.4502762265625 0.0414063203125 0.46764268593749997 0.034862959375 0.47952775625 0.039445259375 0.5029337843749999 0.036876739062500004 0.5415946093749999 0.027932843750000002 0.568321846875 0.029763025 0.5902108968750001 0.047871521875 0.610295715625 0.0595831484375 0.6490819140624999 0.06376307656249999 0.6854005015625 0.07503522812499999 0.7037377703125001 0.0808617421875 0.721767609375 0.1089981734375 0.7655658843750001 0.140837953125 0.791872328125 0.155557575 0.8124466343750001 0.25160428437500004 0.9159046796875 0.28964365000000003 0.9459651390625 0.31499085937500004 0.9548849468749999 0.345432125 0.9477530406250001 0.4204561171875 0.9587965234375 0.4896242953125 0.9504469046875 0.547117953125 0.9366725796875001 0.6176182421874999 0.9270365593750001 0.6620466703125001 0.90639740625 0.6931246921875001 0.8972590374999999 0.733410296875 0.8736627875 0.7576812734375 0.864140128125 0.836861775 0.8155075109375 0.856872734375 0.7975747078125 0.8768250953125 0.7769153796875 0.888433215625 0.7476153328125 0.9148410421875001 0.7109811500000001 0.9560993703125 0.6377411203125 0.9822650046874999 0.5582026109375 0.9911717953125001 0.49811388125 0.9885583656250001 0.47141498437499996 0.995709184375 0.4561601890625 0.997414365625 0.44059796249999994 0.968947846875 0.349805571875 0.9190718531250001 0.24350763749999998 0.9124327921875001 0.2193046921875 0.8968713234375001 0.1911940171875 0.8231638296874999 0.114867671875 0.77883698125 0.0769634140625 0.7363696140625 0.06231146875
0 0.534375 0.7234375 0.096875 0.096875
0 0.715625 0.634375 0.1640625 0.1625
0 0.81015625 0.553125 0.096875 0.096875
0 0.9546875 0.43984375 0.090625 0.0921875
0 0.628125 0.57265625 0.084375 0.084375
0 0.58125 0.52890625 0.065625 0.065625
0 0.2375 0.64921875 0.06875 0.06875
0 0.309375 0.57109375 0.1234375 0.1234375
0 0.36875 0.49609375 0.0984375 0.0984375
0 0.53046875 0.38828125 0.121875 0.1203125
0 0.69140625 0.23046875 0.109375 0.109375
0 0.63828125 0.140625 0.0734375 0.0734375
0 0.5578125 0.26171875 0.075 0.075
0 0.5484375 0.1609375 0.0828125 0.0828125
0 0.60703125 0.05625 0.05625 0.0578125
0 0.35390625 0.18828125 0.078125 0.078125
0 0.41875 0.24296875 0.1328125 0.134375
0 0.20078125 0.3140625 0.1046875 0.10625
0 0.12734375 0.32109375 0.075 0.0734375
0 0.03515625 0.571875 0.0609375 0.0609375
0 0.25 0.41328125 0.1 0.1
0 0.19140625 0.40703125 0.0625 0.0625
0 0.21953125 0.5734375 0.05 0.05
0 0.2625 0.59375 0.05625 0.05625
0 0.2828125 0.37734375 0.0890625 0.0875
0 0.51796875 0.6078125 0.08125 0.08125