4 0 0.553553553125 0.0083333328125 0.584584584375 0.0203703703125 0.60660660625 0.058333332812500006 0.7177177171875 0.10092592656249999 0.8028028031250001 0.1129629625 0.8128128125 0.12870370312499999 0.81881881875 0.1453703703125 0.8398398390624999 0.19351851874999998 0.8768768765624999 0.2675925921875 0.9159159156250001 0.3481481484375 0.939939940625 0.3925925921875 0.9479479484375 0.42129629687500003 0.9609609609374999 0.45 0.9619619625 0.4768518515625 0.9609609609374999 0.5675925921875 0.9409409406250001 0.5916666671875 0.93093093125 0.6370370375000001 0.9199199203124999 0.665740740625 0.9049049046875 0.7120370375 0.8888888890625 0.76944444375 0.846846846875 0.8203703703125 0.8168168171874999 0.8759259265624999 0.774774775 0.922222221875 0.7147147140625 0.9490740734375 0.6986986984375 0.9611111109375001 0.674674675 0.9675925921875 0.6266266265625 0.9648148140625 0.4854854859375 0.9611111109375001 0.46046046093750004 0.965740740625 0.41941941875 0.95555555625 0.36836836875 0.9472222218749999 0.3513513515625 0.9425925921875 0.3303303296875 0.9203703703125001 0.3013013015625 0.9018518515625 0.26526526562499997 0.9009259265624999 0.2382382375 0.8870370375000001 0.22122122187499998 0.8620370375 0.2082082078125 0.8333333328125001 0.1821821828125 0.8203703703125 0.16216216249999998 0.8074074078125 0.1581581578125 0.7824074078125001 0.1581581578125 0.7324074078125 0.1361361359375 0.69351851875 0.1121121125 0.672222221875 0.1041041046875 0.6481481484375 0.103103103125 0.6074074078125 0.090090090625 0.5981481484375 0.075075075 0.5731481484375001 0.059059059375 0.5583333328125 0.060060059374999995 0.546296296875 0.06906906874999999 0.534259259375 0.06906906874999999 0.4916666671875 0.058058057812499994 0.4361111109375 0.05605605625 0.425 0.0630630625 0.42314814843750004 0.0770770765625 0.4166666671875 0.08708708750000001 0.40648148125 0.090090090625 0.3898148140625 0.0880880875 0.36851851875 0.10810810781249999 0.290740740625 0.11911911875 0.2796296296875 0.12812812812500002 0.2638888890625 0.1261261265625 0.2518518515625 0.1121121125 0.1990740734375 0.14314314374999998 0.1490740734375 0.159159159375 0.127777778125 0.1731731734375 0.11574074062499999 0.1861861859375 0.1120370375 0.21621621562499999 0.08333333281250001 0.24624624687500002 0.0638888890625 0.2862862859375 0.0490740734375 0.2992993 0.0333333328125 0.321321321875 0.0259259265625 0.34934935 0.00555555625 0.3893893890625 0 0.44744744687500004 0 0.553553553125
0 0.63046875 0.684375 0.06328125 0.0734375
0 0.43828125 0.746875 0.134375 0.09609375
0 0.3140625 0.75390625 0.06796875 0.06875
0 0.13046875 0.7734375 0.06640625 0.06484375
0 0.45859375 0.64140625 0.0546875 0.0640625
0 0.46171875 0.57734375 0.046875 0.046875
0 0.7921875 0.425 0.04375 0.053125
0 0.68671875 0.41875 0.0765625 0.0984375
0 0.59140625 0.40625 0.08515625 0.05390625
0 0.40078125 0.440625 0.10078125 0.0703125
0 0.175 0.4390625 0.07421875 0.08125
0 0.15078125 0.3375 0.0484375 0.05625
0 0.29296875 0.36875 0.059375 0.046875
0 0.2296875 0.28984375 0.05546875 0.0609375
0 0.11484375 0.25546875 0.0296875 0.05078125
0 0.38828125 0.17421875 0.05625 0.05390625
0 0.3796875 0.25859375 0.078125 0.1109375
0 0.5859375 0.15859375 0.05625 0.09296875
0 0.64375 0.1125 0.06171875 0.04296875
0 0.884375 0.22890625 0.0390625 0.046875
0 0.61953125 0.2640625 0.065625 0.07578125
0 0.6578125 0.21875 0.03828125 0.04921875
0 0.753125 0.3578125 0.04140625 0.02890625
0 0.7359375 0.40234375 0.04140625 0.03828125
0 0.57109375 0.2609375 0.08203125 0.04296875
0 0.56171875 0.58984375 0.05390625 0.0609375