4 1 0.48690703593749995 0.9965643796875 0.42135149062500005 0.9879779125000001 0.3636637546875 0.9655399250000001 0.3247446921875 0.956675796875 0.2971427484375 0.9398040859375 0.2759747140625 0.924328525 0.26375488125 0.9028151953125001 0.224787359375 0.8725791765625001 0.19630071875 0.8673088999999999 0.16650568125 0.854607309375 0.154140471875 0.8326067640625 0.14126022656249998 0.7818370734375 0.1278829578125 0.7275075859375 0.09965662812500001 0.7162204828125 0.11428140625000001 0.700606090625 0.11710447187499999 0.6890387109375 0.10868931875000001 0.610791253125 0.10176397343750002 0.5884763765625001 0.0828859515625 0.571937328125 0.0857574765625 0.5616089359374999 0.083291640625 0.5546124531250001 0.0736345625 0.552029703125 0.0597366734375 0.5405671 0.0533207796875 0.4851924578125 0.058227590625000006 0.44323450937500003 0.0714526359375 0.43121396875 0.07208260625 0.4187219328125 0.0637159125 0.40387503281250003 0.06349163125 0.3797475078125 0.080794096875 0.3712867625 0.0962731265625 0.3312829046875 0.1114005109375 0.3072942125 0.11366008125 0.28644620781249996 0.12277167656250002 0.24886793593749998 0.1487980625 0.2000890015625 0.1734067015625 0.1751232640625 0.1747151015625 0.1623876203125 0.17939204687500002 0.1504901890625 0.200063059375 0.12318791874999999 0.22755565312499998 0.09890322968750001 0.24185923125 0.0859239765625 0.25957981406249997 0.08641380625 0.2866182625 0.069806646875 0.323574096875 0.049134140625 0.3537263625 0.0456110109375 0.374960871875 0.0381797 0.3923907015625 0.0306802796875 0.44390483906249995 0.0374514859375 0.4846473390625 0.0350625671875 0.5098319046875 0.039675353125 0.6509249953125 0.0486625921875 0.6985679796875 0.061940453124999996 0.721929109375 0.08959371875 0.7365178593749999 0.13896986718749998 0.7940726484375 0.196649596875 0.8331495203125 0.24907738125 0.8604731375 0.3086064234375 0.8994530921875 0.3556774859375 0.9130241968749999 0.38512767812500004 0.9265163984375 0.43101214062500004 0.93513781875 0.45557710625 0.9438741687500001 0.5472412578125 0.9591177500000001 0.5741086984375 0.9587120625000001 0.602720675 0.956210196875 0.63070399375 0.94171278125 0.674668421875 0.9313897062500001 0.753856259375 0.9031826531249999 0.8257856703125 0.8603203781250001 0.871929465625 0.8208142203125 0.8874731359375 0.7989497421875 0.902877975 0.792128159375 0.91437463125 0.7815018984375001 0.9524558437499999 0.6943042953125 0.984551671875 0.5813586296875 0.9954196703125 0.55873681875 1 0.5372471328125 1 0.48690703593749995
0 0.3796875 0.690625 0.0671875 0.0765625
0 0.57421875 0.74296875 0.1390625 0.103125
0 0.69921875 0.74375 0.071875 0.071875
0 0.88359375 0.75390625 0.0703125 0.06875
0 0.5484375 0.6390625 0.0578125 0.0671875
0 0.5421875 0.575 0.05 0.05
0 0.20390625 0.440625 0.046875 0.0546875
0 0.309375 0.42890625 0.08125 0.1015625
0 0.40390625 0.4109375 0.0875 0.0578125
0 0.59609375 0.43515625 0.1046875 0.075
0 0.82109375 0.421875 0.078125 0.084375
0 0.840625 0.31953125 0.0515625 0.059375
0 0.7 0.3578125 0.0625 0.05
0 0.75859375 0.27578125 0.0578125 0.0640625
0 0.871875 0.2359375 0.0328125 0.0515625
0 0.59453125 0.16875 0.059375 0.05625
0 0.6078125 0.25234375 0.084375 0.115625
0 0.39609375 0.16328125 0.0609375 0.0953125
0 0.3359375 0.1203125 0.0640625 0.046875
0 0.10234375 0.24921875 0.0421875 0.0484375
0 0.36796875 0.2703125 0.06875 0.0796875
0 0.32734375 0.22734375 0.040625 0.0515625
0 0.23984375 0.37109375 0.0421875 0.03125
0 0.259375 0.41484375 0.04375 0.040625
0 0.41640625 0.26484375 0.084375 0.046875
0 0.44296875 0.59296875 0.05625 0.0640625