4 0.3799606203125 0 0 0.19359960625 0 0.6200393796875 0.19359960625 1 0.62003938125 1 1 0.8064003953125001 1 0.3799606203125 0.80640039375 0 0.3799606203125 0
1 0.65703125 0.09453125 0.2015625 0.1796875
1 0.05078125 0.2625 0.1015625 0.1375
1 0.33828125 0.35 0.178125 0.19375
1 0.459375 0.33984375 0.1484375 0.146875
1 0.7015625 0.40703125 0.2390625 0.2140625
1 0.80390625 0.55078125 0.1265625 0.1328125
1 0.90703125 0.52109375 0.1578125 0.14375
1 0.78984375 0.6484375 0.0984375 0.0859375
1 0.49609375 0.87578125 0.1578125 0.1578125
1 0.13984375 0.83671875 0.0796875 0.0890625
1 0.375 0.65390625 0.13125 0.1359375
1 0.83828125 0.85703125 0.2203125 0.1484375
1 0.6875 0.77890625 0.103125 0.1046875
1 0.675 0.625 0.1109375 0.1125
1 0.47734375 0.23046875 0.1984375 0.1703125
1 0.76875 0.01484375 0.084375 0.0296875
3 0.5828125 0.54765625 0.1390625 0.14375
3 0.60546875 0.30859375 0.2296875 0.2203125
3 0.40625 0.16796875 0.109375 0.115625
3 0.2625 0.19296875 0.215625 0.234375
3 0.2453125 0.4078125 0.1984375 0.196875
3 0.04375 0.4375 0.0875 0.196875
3 0.22578125 0.5390625 0.1203125 0.1328125
3 0.13515625 0.725 0.125 0.1375
3 0.45390625 0.0984375 0.2890625 0.196875
3 0.80390625 0.73984375 0.175 0.16875
3 0.94140625 0.7625 0.1171875 0.159375
1 0.5796875 0.8578125 0.1375 0.153125
3 0.47109375 0.4734375 0.1859375 0.178125