4 0.22852215 0 0 0.35189325312499997 0 0.77147785 0.35189325312499997 1 0.77147785 1 1 0.6481067484375 1 0.22852215 0.648106746875 0 0.22852215 0
1 0.3859375 0.0875 0.203125 0.175
1 0.95859375 0.3125 0.0828125 0.140625
1 0.6765625 0.36796875 0.1859375 0.1953125
1 0.55703125 0.3453125 0.1515625 0.1515625
1 0.309375 0.38671875 0.240625 0.225
1 0.1921875 0.51875 0.13125 0.1359375
1 0.09296875 0.47890625 0.1609375 0.15
1 0.19609375 0.61796875 0.0984375 0.090625
1 0.46484375 0.87421875 0.1625 0.1625
1 0.8234375 0.87265625 0.0828125 0.0890625
1 0.6078125 0.66640625 0.1359375 0.1390625
1 0.1265625 0.8203125 0.2140625 0.165625
1 0.284375 0.7578125 0.10625 0.10625
1 0.31328125 0.60546875 0.1140625 0.115625
1 0.55078125 0.23359375 0.1984375 0.18125
3 0.4125 0.5390625 0.14375 0.146875
3 0.415625 0.29921875 0.234375 0.228125
3 0.628125 0.1796875 0.1140625 0.1171875
3 0.76875 0.21953125 0.225 0.2375
3 0.76328125 0.43515625 0.2046875 0.2015625
3 0.95625 0.49140625 0.0875 0.2015625
3 0.76875 0.5671875 0.125 0.134375
3 0.8390625 0.7625 0.13125 0.1390625
3 0.590625 0.1046875 0.29375 0.209375
3 0.17265625 0.70703125 0.178125 0.175
3 0.04609375 0.71171875 0.0921875 0.1671875
1 0.38359375 0.846875 0.14375 0.1546875
3 0.53203125 0.4765625 0.190625 0.184375