4 0 0 0 0.897222221875 0.0259259265625 0.9268518515625 0.10185185156250001 1 0.8796296296874999 1 0.8879629625 0.9703703703125001 0.9111111109375001 0.9509259265625 0.9416666671874999 0.9175925921875001 0.9759259265625 0.8629629624999999 1 0.8361111109375001 1 0.1296296296875 0.9259259265625 0.039814814062499995 0.8990740734375 0.0111111109375 0.8824074078124999 0 0 0
1 0.17578125 0.21015625 0.16640625 0.1171875
1 0.096875 0.03125 0.115625 0.0625
1 0.8046875 0.078125 0.09296875 0.10703125
1 0.57578125 0.29296875 0.1203125 0.15546875
1 0.46328125 0.3390625 0.1109375 0.1078125
1 0.278125 0.50859375 0.196875 0.13984375
1 0.25234375 0.68359375 0.08984375 0.10390625
1 0.146875 0.70390625 0.1296875 0.09453125
1 0.309375 0.7640625 0.08359375 0.053125
1 0.67421875 0.8328125 0.11796875 0.11640625
1 0.97421875 0.63671875 0.0515625 0.0734375
1 0.68125 0.58046875 0.09375 0.1046875
1 0.3609375 0.971875 0.21875 0.05546875
1 0.459375 0.83359375 0.075 0.07890625
1 0.40078125 0.690625 0.08125 0.084375
1 0.39765625 0.24921875 0.16796875 0.10625
1 0.021875 0.1546875 0.04375 0.1
3 0.44765625 0.58046875 0.1 0.1109375
3 0.31953125 0.37734375 0.178125 0.15625
3 0.4328125 0.16171875 0.07734375 0.08984375
3 0.57265625 0.11875 0.14609375 0.18828125
3 0.68515625 0.30234375 0.15 0.14375
3 0.92578125 0.21328125 0.14375 0.146875
3 0.76171875 0.41015625 0.07890625 0.109375
3 0.92734375 0.53515625 0.084375 0.1109375
3 0.34296875 0.090625 0.23203125 0.18125
3 0.33828125 0.8515625 0.13515625 0.1203125
3 0.196875 0.94921875 0.153125 0.10078125
1 0.59140625 0.8546875 0.08984375 0.1265625
3 0.5140625 0.46328125 0.14375 0.12734375