4 1 0.4675925921875 0.9731481484375 0.44444444375 0.9675925921875 0.4148148140625 0.9037037031249999 0.3601851859375 0.86944444375 0.325 0.8574074078124999 0.315740740625 0.83148148125 0.30555555624999997 0.8129629625 0.2870370375 0.79351851875 0.28055555625 0.7620370375000001 0.2601851859375 0.6509259265625 0.225 0.6148148140624999 0.22407407343750002 0.5796296296875 0.22777777812500002 0.5361111109375 0.2203703703125 0.4953703703125 0.21944444375 0.4675925921875 0.22314814843750003 0.4296296296875 0.21944444375 0.3898148140625 0.22407407343750002 0.36759259218749996 0.2203703703125 0.3379629625 0.22314814843750003 0.325 0.21944444375 0.31759259218749997 0.221296296875 0.309259259375 0.23148148124999998 0.28055555625 0.24444444375000002 0.2148148140625 0.2601851859375 0.178703703125 0.2796296296875 0.15092592656249998 0.28611111093749997 0.12870370312499999 0.3111111109375 0.0620370375 0.365740740625 0.0675925921875 0.3796296296875 0.060185185937499996 0.3925925921875 0.003703703125 0.44351851875000003 0 0.45277777812500003 0 0.6916666671875 0.00648148125 0.6972222218749999 0.037037037499999995 0.759259259375 0.0574074078125 0.7814814812499999 0.06851851875000001 0.8 0.097222221875 0.828703703125 0.17962962968750001 0.8870370375000001 0.25648148125 0.9259259265625 0.33055555625 0.9481481484375 0.4268518515625 0.965740740625 0.5731481484375001 0.9796296296874999 0.6351851859375001 0.9796296296874999 0.66944444375 0.9712962968750001 0.696296296875 0.95 0.7648148140625 0.9166666671874999 0.8222222218749999 0.8740740734375001 0.8462962968750001 0.8611111109375 0.85648148125 0.8481481484375 0.85648148125 0.8333333328125001 0.85 0.825 0.85555555625 0.8111111109375001 0.8916666671875 0.7833333328125 0.9175925921875001 0.76851851875 0.9231481484374999 0.7583333328124999 0.9333333328125001 0.7509259265625 0.946296296875 0.7203703703125 0.9583333328125001 0.7148148140624999 0.9740740734375001 0.69351851875 1 0.675 1 0.4675925921875
0 0.67578125 0.76484375 0.1 0.08125
0 0.78984375 0.62890625 0.08046875 0.06875
0 0.8046875 0.571875 0.078125 0.059375
0 0.871875 0.4375 0.07109375 0.0578125
0 0.67734375 0.4390625 0.06796875 0.05078125
0 0.7859375 0.40078125 0.0703125 0.05234375
0 0.7984375 0.4453125 0.065625 0.03125
0 0.5265625 0.4015625 0.0640625 0.0421875
0 0.5578125 0.4609375 0.0625 0.04140625
0 0.59375 0.5453125 0.0609375 0.08203125
0 0.46875 0.55078125 0.07421875 0.05625
0 0.4359375 0.5109375 0.053125 0.0546875
0 0.49921875 0.51015625 0.0625 0.05859375
0 0.35234375 0.59296875 0.05234375 0.05546875
0 0.390625 0.62109375 0.04921875 0.0421875
0 0.58828125 0.71015625 0.07890625 0.08359375
0 0.34140625 0.67578125 0.0875 0.053125
0 0.2296875 0.6546875 0.096875 0.0609375
0 0.09140625 0.61015625 0.071875 0.06171875
0 0.16328125 0.50625 0.07265625 0.071875
0 0.184375 0.36953125 0.0546875 0.04609375
0 0.39765625 0.321875 0.05234375 0.03671875
0 0.44375 0.24453125 0.07578125 0.059375
0 0.49453125 0.275 0.03671875 0.028125
0 0.484375 0.31484375 0.04921875 0.053125
0 0.39765625 0.4359375 0.05234375 0.0453125
1 0.49140625 0.759375 0.1515625 0.16640625
1 0.12890625 0.45234375 0.11953125 0.071875
1 0.2921875 0.40625 0.090625 0.08203125
1 0.6015625 0.328125 0.10625 0.08046875
1 0.74140625 0.34140625 0.084375 0.0609375
1 0.603125 0.38203125 0.1 0.06875
1 0.528125 0.54453125 0.12109375 0.14296875
1 0.4515625 0.44453125 0.06171875 0.0640625
1 0.69296875 0.66484375 0.13515625 0.1015625
3 0.7203125 0.503125 0.1859375 0.109375
3 0.7890625 0.4734375 0.28828125 0.04765625
3 0.65546875 0.3546875 0.1625 0.07890625
3 0.55625 0.31875 0.14921875 0.1296875
3 0.40625 0.29921875 0.1453125 0.14375
3 0.2640625 0.4375 0.1875 0.1359375
3 0.2734375 0.38359375 0.184375 0.13203125
3 0.196875 0.5640625 0.20390625 0.090625
3 0.303125 0.69765625 0.10078125 0.3140625
3 0.353125 0.678125 0.16953125 0.18203125
3 0.6375 0.721875 0.1109375 0.22734375