4 1 0.4606491484375 0.988774534375 0.3897743484375 0.95863210625 0.371111746875 0.9485098531249999 0.3427159875 0.8768615843750001 0.298753365625 0.8375199375 0.269360696875 0.82418263125 0.262098440625 0.79698258125 0.2560943625 0.775795121875 0.240700771875 0.7555761453125001 0.23734086875 0.721295625 0.22214607968750003 0.6060483 0.20477568906250002 0.570236928125 0.2095101859375 0.53606431875 0.2186724671875 0.4919228109375 0.21816405312499998 0.45153881093750003 0.22362278125 0.424682409375 0.2316262890625 0.386607446875 0.23390689999999997 0.3480070515625 0.24470794062499998 0.3254790359375 0.24452615781249998 0.29664873593749996 0.25190483124999996 0.28326598281250004 0.2502745796875 0.276239465625 0.2532624078125 0.26960204375 0.264625815625 0.24327958437500002 0.28191943125 0.1808106140625 0.307750496875 0.1481858734375 0.33260456875 0.1217640140625 0.3433516546875 0.10372624374999999 0.371520184375 0.0464263125 0.435906196875 0.0540861703125 0.44875501093750003 0.048797815625000004 0.46271715 0.000978284375 0.5218517453125 0 0.526157190625 0 0.539350853125 0.0361391015625 0.767524165625 0.043409865625 0.77199739375 0.0832939640625 0.8284907109375 0.10688986250000002 0.8472527124999999 0.1207611109375 0.8638050765624999 0.153601671875 0.887665140625 0.244119853125 0.9323889375000001 0.3261090921875 0.9587767609375 0.4027475140625 0.9691376515625001 0.5006103296875 0.971449590625 0.647278178125 0.9622817015624999 0.7085514359375 0.9525769703125 0.7410852859375 0.93898690625 0.7642750734375 0.9137522468749999 0.82673553125 0.8701106453125 0.876773209375 0.819061940625 0.8985230375000001 0.8024925578125 0.9065549718750001 0.7880958765625 0.904237425 0.77346345625 0.8965321203125001 0.7662466484375 0.8998465781249999 0.7516596734375 0.9311676984374999 0.7185748640625 0.9544568859375 0.6998867359375 0.9583507296875 0.6889578671875001 0.96725174375 0.68004834375 0.9752751703125 0.6478411234375 0.9862949296875 0.6404709578125 0.9985104015624999 0.6169744609375 1 0.615508709375 1 0.4606491484375
0 0.71484375 0.734375 0.1109375 0.0953125
0 0.80625 0.58203125 0.090625 0.08125
0 0.8125 0.5234375 0.0859375 0.0703125
0 0.8578125 0.38046875 0.0796875 0.06875
0 0.665625 0.41171875 0.075 0.0609375
0 0.7671875 0.35703125 0.078125 0.0625
0 0.7859375 0.39921875 0.0703125 0.040625
0 0.5109375 0.3984375 0.0703125 0.0515625
0 0.55078125 0.45234375 0.06875 0.05
0 0.6 0.53046875 0.0734375 0.090625
0 0.47734375 0.5546875 0.0828125 0.0671875
0 0.43828125 0.52109375 0.0609375 0.0625
0 0.50078125 0.51015625 0.0703125 0.0671875
0 0.36875 0.61484375 0.0609375 0.0625
0 0.4109375 0.63671875 0.0546875 0.05
0 0.6203125 0.69375 0.090625 0.0953125
0 0.37109375 0.6984375 0.0953125 0.065625
0 0.25703125 0.6953125 0.1046875 0.075
0 0.11328125 0.67265625 0.08125 0.071875
0 0.16875 0.55859375 0.0828125 0.0828125
0 0.16796875 0.4203125 0.0609375 0.0546875
0 0.37109375 0.33984375 0.0578125 0.04375
0 0.4046875 0.25625 0.084375 0.0703125
0 0.459375 0.27890625 0.040625 0.0328125
0 0.45546875 0.31953125 0.05625 0.0609375
0 0.3890625 0.453125 0.059375 0.053125
1 0.53203125 0.7578125 0.175 0.1875
1 0.12578125 0.5109375 0.1296875 0.0890625
1 0.28046875 0.43984375 0.1015625 0.0953125
1 0.5734375 0.3140625 0.1171875 0.096875
1 0.71328125 0.30546875 0.0921875 0.0734375
1 0.58359375 0.3671875 0.109375 0.0828125
1 0.534375 0.53984375 0.1421875 0.159375
1 0.44375 0.453125 0.0703125 0.0734375
1 0.71640625 0.6328125 0.15 0.121875
3 0.71796875 0.46875 0.2 0.1375
3 0.78125 0.42890625 0.2921875 0.0921875
3 0.63046875 0.33203125 0.1734375 0.103125
3 0.52734375 0.3125 0.1671875 0.1515625
3 0.37578125 0.31640625 0.165625 0.1640625
3 0.25703125 0.475 0.20625 0.1640625
3 0.2578125 0.4203125 0.203125 0.159375
3 0.2109375 0.6109375 0.215625 0.121875
3 0.33671875 0.72578125 0.1484375 0.3265625
3 0.3828125 0.69921875 0.1953125 0.20625
3 0.6703125 0.69765625 0.1453125 0.2421875