4 1 0.41632869843750003 0.9622084671875 0.3065741171875 0.9292832437499999 0.2934292203125 0.9143838984375 0.26722256718750004 0.8361900999999999 0.23636942656249998 0.7923421578125 0.214254903125 0.777946396875 0.209418978125 0.7501169796875 0.208229353125 0.7265783359375 0.19674878906249998 0.7060830890625 0.1969509203125 0.6696848203125 0.1879397234375 0.5531720250000001 0.190845715625 0.5187268453125 0.2017268640625 0.4866644078125 0.21668396093750003 0.4431052234375 0.2238483625 0.40428264374999995 0.23623677031249998 0.379224046875 0.2487822515625 0.342123553125 0.2576398609375 0.305985165625 0.27497969843750003 0.28376783437499997 0.2787126265625 0.256656825 0.29098553125 0.2431942953125 0.2917039375 0.23679335781250002 0.2958665140625 0.2322300078125 0.3082098640625 0.2093104515625 0.329811596875 0.1522760421875 0.366097853125 0.1244628078125 0.3962395640625 0.10030856875000001 0.411411484375 0.087436246875 0.44228429687500004 0.04218734375 0.5156421703125 0.051962004687499994 0.5269656609375 0.0491784921875 0.5416339984375 0.0123540609375 0.6081739796875001 0.011866660937499999 0.6181345890625 0.08964127499999999 0.844008471875 0.09757834843749999 0.8471511875 0.146666478125 0.8958604421875 0.17316188906250002 0.9102400218750001 0.189696690625 0.9241322015625 0.2261815875 0.9419270750000001 0.3230907984375 0.9702530984375001 0.408416634375 0.98200275 0.485689896875 0.9788981140624999 0.5824674203125 0.9641812296875001 0.7253150671874999 0.9296840171874999 0.7839722375 0.9094867328125 0.813651934375 0.8904536890625 0.8321074640624999 0.8615755359374999 0.8860407234375 0.807750803125 0.9264537015625001 0.748788690625 0.9449958593750001 0.7286942171875 0.9504058125 0.7131215234375 0.9455825796875 0.699113840625 0.9367411515624999 0.6933446828125 0.937472253125 0.67840376875 0.96257241875 0.6403827359375 0.98226263125 0.6179343984375001 0.9841995406249999 0.606495403125 0.99141820625 0.5961755906249999 0.9937270140625 0.5630644171875 1 0.5570540609375 1 0.41632869843750003
0 0.75234375 0.69296875 0.1203125 0.109375
0 0.81640625 0.52734375 0.0984375 0.090625
0 0.81171875 0.46875 0.09375 0.08125
0 0.83125 0.31953125 0.0859375 0.078125
0 0.64765625 0.384375 0.08125 0.0703125
0 0.73828125 0.31328125 0.0828125 0.071875
0 0.7640625 0.35078125 0.071875 0.0515625
0 0.49296875 0.3984375 0.075 0.0609375
0 0.5421875 0.44453125 0.071875 0.059375
0 0.603125 0.5125 0.084375 0.096875
0 0.48671875 0.5578125 0.0890625 0.078125
0 0.44296875 0.53125 0.06875 0.06875
0 0.50234375 0.51015625 0.078125 0.075
0 0.390625 0.6359375 0.0671875 0.06875
0 0.4359375 0.65 0.0609375 0.05625
0 0.6515625 0.6703125 0.1015625 0.1046875
0 0.40703125 0.71796875 0.1 0.078125
0 0.29453125 0.734375 0.1109375 0.0890625
0 0.14921875 0.7375 0.0875 0.08125
0 0.18359375 0.615625 0.0921875 0.0921875
0 0.159375 0.4796875 0.0671875 0.0609375
0 0.3453125 0.36484375 0.0609375 0.0515625
0 0.36328125 0.2765625 0.090625 0.08125
0 0.421875 0.2890625 0.04375 0.0390625
0 0.425 0.3296875 0.0640625 0.065625
0 0.38203125 0.47265625 0.0640625 0.059375
1 0.5765625 0.74765625 0.196875 0.20625
1 0.13359375 0.57578125 0.1359375 0.10625
1 0.27265625 0.47890625 0.1125 0.1078125
1 0.53984375 0.3046875 0.1265625 0.1109375
1 0.6765625 0.27109375 0.1 0.084375
1 0.559375 0.3546875 0.1171875 0.096875
1 0.54140625 0.5328125 0.1609375 0.175
1 0.4359375 0.46328125 0.0796875 0.08125
1 0.7359375 0.59296875 0.1609375 0.140625
3 0.709375 0.43125 0.2109375 0.1640625
3 0.76484375 0.38046875 0.2875 0.1390625
3 0.6 0.31171875 0.1796875 0.128125
3 0.49453125 0.31015625 0.1828125 0.171875
3 0.34609375 0.340625 0.184375 0.1828125
3 0.25625 0.51796875 0.221875 0.1890625
3 0.24765625 0.4640625 0.2171875 0.184375
3 0.234375 0.659375 0.221875 0.1515625
3 0.378125 0.75078125 0.196875 0.3296875
3 0.41875 0.71640625 0.2203125 0.2265625
3 0.70234375 0.66484375 0.1796875 0.2515625