4 1 0.5397936609375 0.9722191062500001 0.5227075453125 0.9138613765624999 0.501157534375 0.894417365625 0.4849864109375 0.799816090625 0.45882317187500005 0.775790971875 0.44519139843750005 0.7094034578125 0.441566928125 0.6703653421875 0.43326264999999997 0.6271257359375 0.429533053125 0.5953388984375 0.4194550859375 0.5275316140624999 0.437578028125 0.467368075 0.44248093437499997 0.42449523750000007 0.4542683515625 0.3977742515625 0.466834278125 0.36139988437500004 0.46603649843749995 0.338114728125 0.476697909375 0.2859231578125 0.5243428328124999 0.25664997343749996 0.545809328125 0.23996841249999998 0.5670334546875 0.198980815625 0.6024792203125 0.180133096875 0.6278984109375 0.1676466 0.6512886921875001 0.153896853125 0.6656475796875 0.12778500625 0.7063221390625001 0.10548861093749999 0.747127521875 0.07552919531249999 0.82137545625 0.043429321874999996 0.8728550984375 0.0426508140625 0.8890069484374999 0.42972958281249996 1 0.876777025 1 1 0.5702704140625 1 0.5397936609375
1 0.58359375 0.5671875 0.096875 0.0796875
1 0.85625 0.75 0.128125 0.1125
1 0.915625 0.65859375 0.1109375 0.096875
1 0.72265625 0.584375 0.1515625 0.1453125
1 0.56953125 0.6203125 0.2109375 0.1484375
1 0.43203125 0.55703125 0.1515625 0.1203125
1 0.4625 0.49921875 0.075 0.06875
1 0.41484375 0.64140625 0.1203125 0.1
1 0.521875 0.77109375 0.1625 0.1296875
1 0.27578125 0.7875 0.2171875 0.271875
1 0.73828125 0.87109375 0.1609375 0.1296875
1 0.8140625 0.94609375 0.153125 0.1078125
1 0.5125 0.903125 0.128125 0.19375
1 0.578125 0.95 0.140625 0.1
1 0.2859375 0.9015625 0.0953125 0.0953125
1 0.73046875 0.7 0.1078125 0.121875
1 0.8203125 0.68515625 0.084375 0.09375
1 0.8734375 0.903125 0.078125 0.103125
1 0.921875 0.721875 0.0734375 0.0671875
1 0.64140625 0.821875 0.0734375 0.0890625