4 0.8324074078124999 1 0.8361111109375001 0.984259259375 0.8194444437499999 0.9259259265625 0.8111111109375001 0.8462962968750001 0.8009259265625 0.8009259265625 0.7870370375 0.7546296296875 0.777777778125 0.7370370375 0.772222221875 0.7111111109375 0.7611111109375 0.68148148125 0.73148148125 0.6361111109375 0.7212962968750001 0.6111111109375 0.6990740734374999 0.5824074078125 0.6620370375 0.522222221875 0.6425925921875 0.50555555625 0.6074074078125 0.49629629687500004 0.5851851859375 0.4768518515625 0.547222221875 0.45370370312499997 0.490740740625 0.43240740781250003 0.43055555625 0.396296296875 0.397222221875 0.397222221875 0.3546296296875 0.3888888890625 0.3148148140625 0.3861111109375 0.25 0.371296296875 0.22314814843750003 0.377777778125 0.125 0.3768518515625 0.10185185156250001 0.38703703749999996 0.039814814062499995 0.3916666671875 0 0.40277777812500004 0 1 0.8324074078124999 1
1 0.4015625 0.54140625 0.08359375 0.05859375
1 0.08828125 0.6421875 0.109375 0.08515625
1 0.05703125 0.53828125 0.0953125 0.07265625
1 0.2625 0.51953125 0.12421875 0.11484375
1 0.4 0.596875 0.190625 0.1
1 0.55 0.5734375 0.1328125 0.0875
1 0.53671875 0.509375 0.0625 0.053125
1 0.54296875 0.659375 0.103125 0.07421875
1 0.40390625 0.7546875 0.14296875 0.09375
1 0.6359375 0.83828125 0.15703125 0.2375
1 0.16875 0.79140625 0.13984375 0.0953125
1 0.071875 0.85 0.1328125 0.09140625
1 0.3765625 0.8859375 0.08203125 0.18125
1 0.29375 0.9328125 0.1125 0.11796875
1 0.5953125 0.9453125 0.07734375 0.07734375
1 0.2234375 0.62890625 0.08203125 0.10390625
1 0.140625 0.58984375 0.065625 0.078125
1 0.0296875 0.784375 0.05546875 0.09140625
1 0.03359375 0.596875 0.06171875 0.0515625
1 0.275 0.7703125 0.0546875 0.07734375