4 0.74324131875 1 0.740630103125 0.9749261 0.7462509125000001 0.8950591546875 0.744098946875 0.848609425 0.7384603281250001 0.8006046921875001 0.732396659375 0.7816715171874999 0.7314274953125001 0.7551747515625 0.7256303171875 0.7240658390625 0.7043293109375 0.6742396140625 0.6986400671874999 0.6478507828125 0.6817397953125 0.6157243046875001 0.6557164828125 0.550022053125 0.6394615781249999 0.5302320984375 0.6064187890625 0.515003665625 0.587910665625 0.4919957765625 0.554544078125 0.46260709999999994 0.502618740625 0.4318264375 0.44961853281249997 0.3858128875 0.416630821875 0.3809364734375 0.3761323734375 0.3653336171875 0.337404790625 0.35568426875000003 0.276147225 0.3298395515625 0.24857781562499998 0.3315597890625 0.15208154375 0.31360468125 0.12751642968750002 0.31961549843750003 0.065617946875 0.313402175 0.024478584375 0.3174307140625 0 0.456255665625 0 0.919549815625 0.4562556671875 1 0.74324131875 1
1 0.39609375 0.5234375 0.0921875 0.071875
1 0.06953125 0.56875 0.121875 0.103125
1 0.05703125 0.4609375 0.10625 0.0875
1 0.2625 0.478125 0.1421875 0.134375
1 0.384375 0.578125 0.2046875 0.13125
1 0.53671875 0.58125 0.1453125 0.109375
1 0.534375 0.515625 0.0703125 0.0625
1 0.51484375 0.6640625 0.1140625 0.090625
1 0.3609375 0.734375 0.1578125 0.1171875
1 0.575 0.85703125 0.1953125 0.2609375
1 0.1234375 0.7296875 0.1546875 0.11875
1 0.0453125 0.7703125 0.090625 0.1125
1 0.31171875 0.85859375 0.1125 0.1921875
1 0.221875 0.890625 0.13125 0.1359375
1 0.51640625 0.95546875 0.0890625 0.0890625
1 0.20546875 0.57890625 0.0984375 0.1171875
1 0.13046875 0.52578125 0.078125 0.0890625
1 0.0109375 0.6984375 0.021875 0.1
1 0.0296875 0.51328125 0.059375 0.0609375
1 0.23125 0.72734375 0.0671875 0.0859375