4 0.1740740734375 0.690740740625 0.196296296875 0.7231481484375 0.225 0.7490740734375 0.3324074078125 0.8074074078125 0.3703703703125 0.8240740734375 0.434259259375 0.8379629625 0.49259259218749996 0.8444444437499999 0.547222221875 0.8453703703125001 0.5796296296875 0.8379629625 0.6546296296875 0.8120370375 0.728703703125 0.76944444375 0.7481481484375 0.7620370375000001 0.8009259265625 0.725 0.8370370375 0.6851851859375 0.8629629624999999 0.6296296296875 0.875 0.5796296296875 0.875 0.4768518515625 0.8490740734375001 0.365740740625 0.8055555562500001 0.25833333281250004 0.7861111109375 0.22870370312500002 0.752777778125 0.197222221875 0.6972222218749999 0.1620370375 0.5916666671875 0.1111111109375 0.5370370375 0.1046296296875 0.4981481484375 0.1046296296875 0.4675925921875 0.1101851859375 0.4129629625 0.1129629625 0.3509259265625 0.12407407343750002 0.325 0.1324074078125 0.2601851859375 0.1629629625 0.1898148140625 0.21203703749999997 0.1740740734375 0.22777777812500002 0.1490740734375 0.26574074062499997 0.1324074078125 0.3 0.10555555624999999 0.38055555625 0.10555555624999999 0.5120370375000001 0.1101851859375 0.553703703125 0.1361111109375 0.6203703703125 0.1740740734375 0.690740740625
0 0.7703125 0.52734375 0.04765625 0.05625
0 0.58984375 0.6109375 0.05546875 0.0515625
0 0.4859375 0.6015625 0.0578125 0.04296875
0 0.3875 0.553125 0.0578125 0.05234375
0 0.28984375 0.53984375 0.0609375 0.0484375
0 0.17421875 0.46484375 0.05625 0.06875
0 0.2421875 0.55703125 0.05078125 0.0625
0 0.303125 0.60859375 0.0625 0.06484375
0 0.37890625 0.68046875 0.05546875 0.04609375
0 0.53203125 0.72734375 0.0703125 0.059375
0 0.49296875 0.66171875 0.0671875 0.0515625
0 0.46796875 0.315625 0.0578125 0.05234375
0 0.3953125 0.41328125 0.059375 0.05859375
0 0.33828125 0.46171875 0.06484375 0.04921875
0 0.31875 0.39609375 0.03984375 0.04140625
0 0.3125 0.29609375 0.04921875 0.04453125
0 0.2359375 0.271875 0.0625 0.0453125
0 0.42421875 0.15 0.0453125 0.04921875
0 0.3828125 0.21328125 0.03671875 0.04296875
0 0.49375 0.20703125 0.04140625 0.03828125
0 0.7328125 0.271875 0.04765625 0.0484375
0 0.653125 0.25703125 0.0421875 0.03828125
0 0.8140625 0.434375 0.05078125 0.0484375
0 0.78828125 0.37734375 0.0421875 0.0390625
0 0.67265625 0.36015625 0.0453125 0.0453125
0 0.65078125 0.6078125 0.0546875 0.065625
0 0.725 0.55234375 0.0515625 0.05625
0 0.70703125 0.67421875 0.0625 0.05234375
0 0.52265625 0.41484375 0.0390625 0.06484375
0 0.5578125 0.3734375 0.053125 0.0578125
0 0.6125 0.30625 0.04765625 0.05234375
0 0.53671875 0.290625 0.0421875 0.0359375
0 0.5625 0.19765625 0.04609375 0.0421875
0 0.4859375 0.52109375 0.05234375 0.05234375
0 0.53359375 0.5078125 0.04609375 0.0484375
0 0.6765625 0.43671875 0.0625 0.05625
0 0.6765625 0.4890625 0.03984375 0.04140625
0 0.24453125 0.40859375 0.053125 0.03671875