4 0.8665396234375 0.6462190609375 0.9115089390625 0.5226668828125 0.913828075 0.437785546875 0.9098838890625001 0.3998920390625 0.8993756718749999 0.35566801875 0.8899678640625 0.3354929109375 0.8406256671874999 0.2653102796875 0.7901702796875 0.21442947812500002 0.7686580453125 0.19773151718749998 0.714162525 0.166072571875 0.6637775203125 0.14477788125 0.6369648015625 0.1291067515625 0.6004212 0.1158059671875 0.5468693421874999 0.10321213437500001 0.43026187499999996 0.11496472499999999 0.3660226859375 0.1290268640625 0.32393229843750004 0.147209109375 0.2955265671875 0.1684014609375 0.21789704062499998 0.2544472 0.1555324 0.3499903015625 0.12038032968750001 0.446569821875 0.1145904375 0.49767136250000005 0.11995171874999999 0.5587436968749999 0.1402675953125 0.6085081109375 0.17719507031249998 0.6613626046875 0.19293339062499998 0.6749736828125 0.24797272499999998 0.740332453125 0.309582484375 0.7903463640624999 0.337502003125 0.8083910375000001 0.3891537484375 0.8262053843749999 0.44618594843750004 0.840065959375 0.5109721453125 0.8488659593750001 0.552345996875 0.846188515625 0.6732271203125 0.8281086078125 0.7090669671875001 0.813563453125 0.7410330125 0.7907108984375 0.8007746125 0.737568478125 0.84793835625 0.6837894921875 0.8665396234375 0.6462190609375
0 0.23671875 0.43359375 0.0640625 0.06875
0 0.37734375 0.5734375 0.0703125 0.0671875
0 0.478125 0.6 0.06875 0.059375
0 0.5875 0.58828125 0.071875 0.06875
0 0.68359375 0.609375 0.0734375 0.065625
0 0.81796875 0.578125 0.0765625 0.084375
0 0.72265625 0.64140625 0.06875 0.0765625
0 0.64765625 0.66953125 0.08125 0.0828125
0 0.55234375 0.7109375 0.0671875 0.0625
0 0.3921875 0.70234375 0.0859375 0.0796875
0 0.4515625 0.6546875 0.08125 0.071875
0 0.59296875 0.3375 0.071875 0.06875
0 0.628125 0.4546875 0.0765625 0.075
0 0.66484375 0.51953125 0.078125 0.06875
0 0.70546875 0.4640625 0.0515625 0.053125
0 0.74609375 0.37265625 0.0609375 0.059375
0 0.82578125 0.37578125 0.075 0.0640625
0 0.690625 0.196875 0.059375 0.0625
0 0.7078125 0.2703125 0.0484375 0.053125
0 0.60625 0.2265625 0.0515625 0.05
0 0.359375 0.20625 0.0609375 0.0625
0 0.4390625 0.21953125 0.053125 0.05
0 0.22734375 0.33125 0.0640625 0.0625
0 0.27109375 0.2859375 0.053125 0.0515625
0 0.3859375 0.309375 0.0578125 0.0578125
0 0.32109375 0.55 0.0734375 0.0796875
0 0.2703125 0.471875 0.0671875 0.0703125
0 0.24609375 0.59296875 0.0765625 0.0703125
0 0.5078125 0.4125 0.059375 0.075
0 0.4890625 0.3609375 0.0703125 0.071875
0 0.4609375 0.2796875 0.0625 0.065625
0 0.53671875 0.290625 0.0515625 0.0484375
0 0.54453125 0.19453125 0.0578125 0.0546875
0 0.50625 0.525 0.0671875 0.0671875
0 0.465625 0.49609375 0.059375 0.0609375
0 0.35546875 0.38046875 0.078125 0.075
0 0.3375 0.4296875 0.0515625 0.053125
0 0.77109375 0.5015625 0.0625 0.053125