4 0.8569172734375 0.33165104843750004 0.7972259296875001 0.214500190625 0.7367292984375 0.15491515 0.7063258125 0.131956434375 0.666815825 0.10948095 0.645644575 0.10260199375000001 0.5606649515625 0.090824153125 0.48904259687499996 0.0930242640625 0.4621591734375 0.097369334375 0.40183942968749997 0.1156334859375 0.3519029890625 0.1379598015625 0.3221556203125 0.146881696875 0.287505365625 0.164536884375 0.24177254062500003 0.195113259375 0.1708417390625 0.2884098109375 0.137315115625 0.344981734375 0.12190719218749999 0.38816495624999997 0.118033634375 0.4233927421875 0.1280202953125 0.5388504375000001 0.15536351406249999 0.6496212859375 0.20202364843749998 0.74119695625 0.235448253125 0.7802825828125 0.283770115625 0.8180128218749999 0.3340208984375 0.8370939796875 0.39786070625000003 0.8461336125000001 0.41854872656250003 0.8439060656249999 0.5038858421875 0.84822741875 0.5824814546875 0.8372783 0.614719559375 0.82916569375 0.662974553125 0.8035393531249999 0.712007403125 0.7712815328125 0.7626273968749999 0.72990149375 0.7888861359375 0.6978165609375 0.8581040578125 0.5970792375 0.8719091203125 0.5609478609375 0.8769966109375 0.5219839703125 0.878874378125 0.4420486859375 0.8717085140625 0.370878128125 0.8569172734375 0.33165104843750004
0 0.271875 0.646875 0.06875 0.071875
0 0.4703125 0.63984375 0.0734375 0.071875
0 0.55859375 0.584375 0.0703125 0.0640625
0 0.62421875 0.49609375 0.075 0.0734375
0 0.70546875 0.43984375 0.0765625 0.0703125
0 0.77421875 0.32109375 0.08125 0.0875
0 0.75546875 0.43359375 0.0734375 0.078125
0 0.725 0.50703125 0.084375 0.0859375
0 0.68984375 0.60546875 0.0703125 0.065625
0 0.575 0.7171875 0.0890625 0.084375
0 0.5796875 0.640625 0.0828125 0.0765625
0 0.44453125 0.32109375 0.075 0.0734375
0 0.55390625 0.375 0.0796875 0.0796875
0 0.6265625 0.3921875 0.0796875 0.0734375
0 0.6140625 0.325 0.0546875 0.0546875
0 0.57421875 0.2328125 0.0640625 0.0625
0 0.63203125 0.1765625 0.0765625 0.06875
0 0.40859375 0.15390625 0.0625 0.0640625
0 0.47421875 0.19140625 0.0515625 0.0546875
0 0.37265625 0.2359375 0.0546875 0.053125
0 0.1890625 0.40234375 0.0640625 0.0640625
0 0.253125 0.353125 0.0546875 0.053125
0 0.190625 0.584375 0.0671875 0.065625
0 0.1875 0.521875 0.0546875 0.0546875
0 0.2828125 0.45390625 0.0609375 0.0609375
0 0.41484375 0.66484375 0.078125 0.0828125
0 0.3234375 0.6484375 0.071875 0.0734375
0 0.39453125 0.74921875 0.0796875 0.075
0 0.44140625 0.434375 0.0640625 0.075
0 0.39140625 0.41328125 0.0734375 0.075
0 0.31171875 0.378125 0.065625 0.06875
0 0.371875 0.33046875 0.053125 0.0515625
0 0.30703125 0.25859375 0.0609375 0.0578125
0 0.521875 0.5125 0.0703125 0.0703125
0 0.4734375 0.521875 0.0625 0.0640625
0 0.3140625 0.5234375 0.08125 0.078125
0 0.3375 0.5703125 0.0546875 0.0546875
0 0.6859375 0.30234375 0.0640625 0.05625