4 1 0.3333333328125 0.996296296875 0.328703703125 0.9648148140625 0.296296296875 0.9009259265624999 0.2416666671875 0.8870370375000001 0.225 0.8620370375 0.22314814843750003 0.8425925921875 0.21296296250000002 0.8240740734375 0.20833333281250002 0.8074074078125 0.20833333281250002 0.7953703703125 0.21296296250000002 0.7833333328125 0.2009259265625 0.75648148125 0.1870370375 0.6370370375000001 0.15277777812499999 0.49351851875 0.1361111109375 0.4546296296875 0.1361111109375 0.328703703125 0.1481481484375 0.296296296875 0.1583333328125 0.271296296875 0.172222221875 0.1981481484375 0.2296296296875 0.1120370375 0.315740740625 0.0870370375 0.3518518515625 0.0620370375 0.4166666671875 0.048148148437499996 0.5351851859375001 0.060185185937499996 0.5935185187500001 0.0574074078125 0.622222221875 0.078703703125 0.64351851875 0.09629629687499999 0.671296296875 0.1120370375 0.6879629625 0.140740740625 0.7083333328125 0.20277777812500003 0.7629629625 0.26574074062499997 0.8009259265625 0.3879629625 0.8425925921875 0.434259259375 0.8509259265625 0.490740740625 0.85555555625 0.54444444375 0.85555555625 0.627777778125 0.847222221875 0.652777778125 0.8481481484375 0.68148148125 0.8361111109375001 0.747222221875 0.8259259265625 0.8203703703125 0.8 0.8833333328125 0.7638888890625 0.953703703125 0.7138888890625 1 0.6583333328125 1 0.3333333328125
2 0.80078125 0.63515625 0.13359375 0.12109375
2 0.9046875 0.440625 0.1171875 0.071875
2 0.78203125 0.30390625 0.1015625 0.07109375
2 0.59296875 0.3171875 0.10390625 0.07734375
2 0.57265625 0.23359375 0.084375 0.065625
2 0.3953125 0.2171875 0.07578125 0.0578125
2 0.29140625 0.3171875 0.09140625 0.0578125
2 0.20703125 0.384375 0.1234375 0.09765625
2 0.37265625 0.61875 0.1171875 0.09765625
2 0.5296875 0.5 0.08984375 0.103125
2 0.50234375 0.3609375 0.09140625 0.06796875
2 0.640625 0.61171875 0.0984375 0.10390625
2 0.6875 0.3953125 0.10625 0.08125
2 0.3859375 0.40234375 0.075 0.05546875
1 0.5078125 0.6453125 0.09375 0.13671875
1 0.66328125 0.7390625 0.10390625 0.0953125
1 0.7796875 0.48125 0.13984375 0.12265625
1 0.8203125 0.375 0.090625 0.06484375
1 0.63671875 0.265625 0.07578125 0.05625
1 0.45546875 0.23984375 0.075 0.0609375
1 0.61796875 0.1875 0.0609375 0.053125
1 0.3328125 0.3484375 0.05234375 0.05234375
1 0.42890625 0.3046875 0.0578125 0.07265625
1 0.2734375 0.4953125 0.09296875 0.09375
1 0.2328125 0.41796875 0.05859375 0.07734375
1 0.19296875 0.5109375 0.08359375 0.0875
1 0.2703125 0.44375 0.07421875 0.04765625
1 0.45703125 0.47265625 0.06171875 0.10390625
1 0.61875 0.4765625 0.0625 0.053125
1 0.571875 0.55234375 0.0578125 0.05234375