4 1 0.513481725 0.9745084953125 0.4518398765625 0.9696999125 0.43068434375000003 0.9482654734375 0.4176845703125 0.9355643234375 0.399781909375 0.921166009375 0.387249646875 0.9063159015625001 0.3796831390625 0.893489015625 0.37834346874999997 0.8882286359375 0.36215369062499997 0.8706088843750001 0.3375881140625 0.779736484375 0.2528362484375 0.65942705625 0.1728300953125 0.624776803125 0.155174909375 0.5071112796875 0.1087308140625 0.4736120921875 0.103093225 0.44503150625 0.104118553125 0.3537936109375 0.1220603625 0.237974421875 0.1596922984375 0.1993051578125 0.180517771875 0.14760468437500002 0.22691843281250001 0.0814233125 0.3262137828125 0.0656656125 0.3836538625 0.0501593859375 0.407967965625 0.05946620625 0.4366114203125 0.062530475 0.46934847187499995 0.0689890703125 0.4913447265625 0.0853163015625 0.52252606875 0.115790375 0.59936565 0.154655959375 0.6617754859375 0.24464048593749999 0.754388484375 0.282107534375 0.78283161875 0.3303310953125 0.8125987046875001 0.3781814453125 0.836979675 0.45621524375 0.8673871625 0.4780700453125 0.8795619312499999 0.5091099328124999 0.8818680609375 0.5723093390625 0.9026386671875001 0.649254940625 0.9127470625 0.7217494515625 0.9091564125 0.8071494359375 0.8965535671874999 0.8736214328124999 0.8680712828124999 1 0.6200393796875 1 0.513481725
2 0.70625 0.75703125 0.1734375 0.16875
2 0.8875 0.63046875 0.1375 0.1171875
2 0.840625 0.453125 0.1234375 0.109375
2 0.665625 0.3796875 0.128125 0.115625
2 0.6859375 0.2953125 0.1046875 0.096875
2 0.53515625 0.20078125 0.09375 0.0859375
2 0.396875 0.2421875 0.1078125 0.09375
2 0.29140625 0.2640625 0.1546875 0.14375
2 0.3328125 0.54765625 0.1484375 0.140625
2 0.5265625 0.51328125 0.1265625 0.1328125
2 0.56484375 0.37734375 0.1125 0.1015625
2 0.57421875 0.66328125 0.134375 0.1375
2 0.71484375 0.4921875 0.13125 0.1203125
2 0.44296875 0.3609375 0.0921875 0.0828125
1 0.440625 0.6328125 0.1453125 0.1640625
1 0.53671875 0.7875 0.1359375 0.1328125
1 0.7578125 0.61015625 0.1796875 0.1734375
1 0.8421875 0.534375 0.1109375 0.0984375
1 0.728125 0.353125 0.09375 0.084375
1 0.578125 0.24765625 0.09375 0.0890625
1 0.746875 0.275 0.078125 0.075
1 0.41953125 0.2890625 0.0703125 0.0703125
1 0.525 0.29375 0.084375 0.090625
1 0.3 0.39296875 0.125 0.125
1 0.29921875 0.30546875 0.0875 0.0953125
1 0.22109375 0.3703125 0.1140625 0.115625
1 0.32109375 0.3453125 0.0875 0.0765625
1 0.47421875 0.45625 0.1015625 0.1203125
1 0.61640625 0.5328125 0.0796875 0.075
1 0.540625 0.57890625 0.075 0.0734375