4 0.036725121875 0.4557487 0.061745775 0.523883228125 0.10111564375 0.5907623640625 0.14492906249999998 0.6408220015625 0.159180115625 0.6684932921875 0.1789264015625 0.68385368125 0.23740687500000002 0.7438030203125 0.2785462984375 0.7783230953125 0.3247894921875 0.8110821890625 0.36561107656249997 0.8344571703125 0.486021546875 0.8811015828125001 0.558656096875 0.892492078125 0.641294475 0.8905199921875001 0.6763766078125 0.8933657687500001 0.699147840625 0.8907163140625001 0.7304797609375 0.880745603125 0.760482665625 0.8781206890625001 0.7768051484375 0.8543468546874999 0.8235219984375 0.8173981875 0.889064728125 0.7176801296875001 0.9115757765625 0.6519594093750001 0.915636440625 0.608227003125 0.9050226578125 0.48691091093749994 0.8858886953124999 0.3959155609375 0.8756651906249999 0.36920636406249996 0.8573865875 0.34057298125 0.7686589890625 0.25040845 0.738868371875 0.2254111546875 0.61821368125 0.1459266359375 0.5046925015625 0.09539334375 0.47519518437499997 0.08877281249999999 0.4582370203125 0.0902564578125 0.4519919828125 0.078972696875 0.43922457656249997 0.06825957187500001 0.4220627 0.059902598437499996 0.40062047968750003 0.055206256249999995 0.3802790203125 0.040555165625 0.3589263875 0.0443949671875 0.2748694109375 0.04517670625 0.22992211718750002 0.0497663140625 0.224109046875 0.050932120312499995 0.0152030734375 0.299896565625 0.014957671875 0.37221327656250003 0.036725121875 0.4557487
2 0.1828125 0.41015625 0.1796875 0.178125
2 0.228125 0.19453125 0.1359375 0.1296875
2 0.41015625 0.16875 0.1234375 0.1203125
2 0.54609375 0.3 0.1296875 0.1265625
2 0.615625 0.24921875 0.10625 0.1046875
2 0.76171875 0.35078125 0.0953125 0.09375
2 0.77734375 0.49375 0.1078125 0.103125
2 0.7984375 0.6 0.1578125 0.1546875
2 0.52109375 0.67265625 0.153125 0.15
2 0.47734375 0.48125 0.134375 0.1375
2 0.5875 0.3921875 0.1140625 0.1109375
2 0.3203125 0.4953125 0.1421875 0.1421875
2 0.4234375 0.29921875 0.134375 0.13125
2 0.65 0.4984375 0.09375 0.090625
1 0.40078125 0.60625 0.159375 0.165625
1 0.22109375 0.578125 0.140625 0.1390625
1 0.29765625 0.30546875 0.1859375 0.184375
1 0.33515625 0.1984375 0.1109375 0.1078125
1 0.54609375 0.2328125 0.09375 0.0921875
1 0.7015625 0.3296875 0.096875 0.0953125
1 0.61015625 0.18515625 0.08125 0.0796875
1 0.72578125 0.49140625 0.0734375 0.0734375
1 0.6796875 0.39609375 0.090625 0.0921875
1 0.6765625 0.6421875 0.13125 0.13125
1 0.75703125 0.60859375 0.0953125 0.096875
1 0.728125 0.70546875 0.1203125 0.1203125
1 0.71171875 0.6046875 0.0875 0.084375
1 0.55078125 0.50703125 0.1140625 0.11875
1 0.42421875 0.40546875 0.08125 0.08125
1 0.4109375 0.49375 0.078125 0.0765625