4 0.24523727499999998 0 0 0.3375401515625 0 0.754762725 0.3375401515625 1 0.754762725 1 0.7982997765625 0.9400763890625001 0.755759509375 0.878573334375 0.752541328125 0.8624671046874999 0.72894650625 0.8254372328124999 0.6921310187499999 0.7497360265624999 0.6634835921875 0.6738501171875 0.640734825 0.6435540875 0.6287160015625 0.6348219015625001 0.620824728125 0.6046119609375 0.6124669093749999 0.5924205015624999 0.61189764375 0.555292015625 0.57954961875 0.5287302265625 0.5829734296875 0.5098007515625 0.6098893390625 0.4727541796875 0.6157564328125 0.4678381515625 0.6239244953124999 0.4676534484375 0.61916436875 0.49632054375 0.70554965625 0.5590831281249999 0.7372651015625 0.59283425625 0.7451800953125 0.6245912171875 0.7423888640625 0.636331353125 0.7243210359375001 0.669097921875 0.7297215875 0.6822003734375001 0.7357072796875 0.6850194468749999 0.753379721875 0.674912421875 0.76908326875 0.6817323531249999 0.81235099375 0.7422341515624999 0.89505155625 0.8069089890625 1 0.6624598484375 1 0.3597187140625 0.96923685 0.3162035515625 0.896064384375 0.24315341093749998 0.869464859375 0.20394049218750002 0.8432211234375 0.1879328765625 0.7896345296875 0.181125465625 0.7805492546874999 0.169935265625 0.7773073546875 0.152282015625 0.7539497265625 0.130722346875 0.6782943828125 0.08952360625 0.6476621875 0.07797652187500001 0.6131080734375 0.0528714875 0.579660925 0.051517520312499995 0.5406946296874999 0.029325996875 0.504899075 0.020146662500000002 0.47792788281250004 0.00514030625 0.452601359375 0.00050759375 0.45190271718749997 0 0.24523727499999998 0
3 0.1421875 0.25625 0.1828125 0.2
3 0.5828125 0.5984375 0.1171875 0.1265625
3 0.7765625 0.53359375 0.1515625 0.1546875
3 0.68359375 0.3828125 0.125 0.121875
3 0.4296875 0.125 0.1015625 0.0953125
3 0.35390625 0.13046875 0.184375 0.1640625
3 0.25625 0.284375 0.171875 0.2140625
3 0.15703125 0.52890625 0.2421875 0.253125
3 0.05234375 0.48203125 0.1046875 0.2453125
3 0.490625 0.76640625 0.096875 0.1046875
3 0.52265625 0.31953125 0.1046875 0.1203125
1 0.50078125 0.66171875 0.16875 0.1703125