4 1 0.14108910937500002 0.9303621171875 0.1386138609375 0.8727948 0.1237623765625 0.831940575 0.1237623765625 0.8087279484375 0.11262376249999999 0.7780872796875 0.10891089062499999 0.743732590625 0.0952970296875 0.6991643453124999 0.090346534375 0.6713091921875 0.071782178125 0.6285979578124999 0.071782178125 0.5970287843750001 0.0631188125 0.5116063140625 0.0519801984375 0.480037140625 0.05569306875 0.46703806875 0.06806930624999999 0.45311049218750005 0.071782178125 0.40575673125 0.0457920796875 0.37511606249999996 0.04331683125 0.33054781875 0.059405940625 0.22841225625 0.07549505 0.177344475 0.0928217828125 0.07520891406249999 0.100247525 0.0464252546875 0.11138613906249999 0.028783657812500002 0.1262376234375 0.02599814375 0.19183168281250002 0 0.235148515625 0 0.516089109375 0.1049210765625 0.5123762375 0.175487465625 0.4888613859375 0.1922005578125 0.49257425781249997 0.20055710312500002 0.5111386140625 0.2070566390625 0.5123762375 0.2191272046875 0.5049504953125 0.22376973125 0.4678217828125 0.22841225625 0.45668316875 0.25348189374999996 0.43564356406250004 0.29897864375 0.4269801984375 0.40575673125 0.4269801984375 0.418755803125 0.4009900984375 0.42525533906249996 0.40594059375 0.4271123484375 0.41336633593750005 0.4271123484375 0.459158415625 0.418755803125 0.4764851484375 0.3769730734375 0.4789603953125 0.3546889515625 0.508663365625 0.3407613734375 0.5136138609375 0.3166202421875 0.5334158421875 0.301764159375 0.5334158421875 0.2655524609375 0.5445544546875001 0.19777158749999998 0.5891089109375 0.12349117968750001 0.628712871875 0.0826369546875 0.6448019796875 0.07056638750000001 0.65594059375 0 0.68069306875 0 1 1 1 1 0.14108910937500002
3 0.9328125 0.51328125 0.09921875 0.17578125
3 0.375 0.53125 0.06484375 0.11015625
3 0.25625 0.36484375 0.1015625 0.11796875
3 0.4203125 0.296875 0.09296875 0.08359375
3 0.77734375 0.2375 0.084375 0.05625
3 0.83515625 0.28671875 0.1703125 0.078125
3 0.82421875 0.46875 0.040625 0.2359375
3 0.7609375 0.725 0.1515625 0.203125
3 0.925 0.7875 0.15 0.19453125
3 0.35078125 0.72109375 0.05390625 0.090625
3 0.5875 0.340625 0.04609375 0.11484375
1 0.4046875 0.63046875 0.1171875 0.12578125