4 1 0.5516724953125001 0.95440304375 0.5474190984375 0.9399963484375 0.5395314828125 0.8964633609374999 0.5338038218750001 0.8148083343750001 0.513346325 0.73826214375 0.48651300312499995 0.7004314125 0.4844656578125 0.68601661875 0.48805967031249997 0.65780205 0.47468616093750005 0.643090546875 0.473252103125 0.614282559375 0.4498224546875 0.5731421390625 0.457528890625 0.5608421031249999 0.442738465625 0.549763996875 0.3983066078125 0.5497693953125 0.390652190625 0.5548782343750001 0.384276365625 0.5737787515624999 0.4063496890625 0.6773850734375 0.38051773125 0.723626234375 0.3779170984375 0.7530411375 0.3922668421875 0.760240434375 0.4019514625 0.77372730625 0.43685416562499996 0.7872357734375 0.44113919687500003 0.7932428375 0.43836595625 0.7968600343750001 0.418331409375 0.81217845 0.4106855625 0.8863374734375 0.41643036875000006 0.9890401703125 0.394650246875 0.9210744906249999 0.1220547890625 0.8853693125 0.086314171875 0.8667979000000001 0.0233424125 0.846087434375 0.013199968749999999 0.8154640984375 0.0093556171875 0.7145659515625 0.026859279687499998 0.660823384375 0.0224016390625 0.5578293765625 0.031499275 0.5106926921875 0.0266701140625 0.481561 0.0364844859375 0.44190142187500003 0.07315847812500001 0.42748932812499996 0.07292528125 0.4118823015625 0.06406143125 0.38035264375 0.0680961234375 0.3001622609375 0.0995694390625 0.27162668437500004 0.1156127390625 0.23018415625 0.12594552187500002 0.20764754375 0.150697209375 0.1656008 0.1662826875 0.1355600828125 0.1878033109375 0.106727796875 0.1988185421875 0.086899359375 0.215241934375 0.0472586796875 0.22512546718749998 0 0.25074854062499996 0 0.5613922796875 0.10935718593749999 1 0.5613922812500001 1 1 0.8906428140625 1 0.5516724953125001
3 0.08359375 0.61796875 0.1390625 0.1953125
3 0.62890625 0.5 0.0890625 0.121875
3 0.70390625 0.31015625 0.1265625 0.1390625
3 0.528125 0.28359375 0.1109375 0.103125
3 0.1671875 0.3125 0.0953125 0.075
3 0.1234375 0.37421875 0.184375 0.1171875
3 0.178125 0.5484375 0.096875 0.2390625
3 0.3015625 0.78125 0.196875 0.234375
3 0.15703125 0.88203125 0.1921875 0.225
3 0.6984375 0.678125 0.075 0.1015625
3 0.3765625 0.36640625 0.071875 0.121875
1 0.62421875 0.60390625 0.14375 0.15