4 0.7224989546875 0.134633978125 0.700029103125 0.1236747 0.6514363078125001 0.10924609375000001 0.55770209375 0.0944344734375 0.49888014687500004 0.092529953125 0.452623121875 0.1049952515625 0.41663608593749996 0.10907712968750001 0.324995090625 0.138554290625 0.2821690234375 0.16299485 0.19750998749999998 0.186605659375 0.17445293906249998 0.20008447343750002 0.151051246875 0.2206065 0.12206905625 0.2631312265625 0.10867438125 0.2905943765625 0.0978376140625 0.3254862234375 0.0691462125 0.4814733453125 0.07968657343749999 0.5844819875 0.0892084859375 0.626212865625 0.11632945937500001 0.688889621875 0.15120335468749999 0.739894928125 0.21108458749999998 0.8072178750000001 0.267026871875 0.853046115625 0.28135832031249997 0.8785793953125 0.295993578125 0.8929287968749999 0.3130438109375 0.9002145640625001 0.3652488625 0.90301255625 0.390154109375 0.908978534375 0.54066035625 0.9277854265625001 0.5746178953125 0.9278646328125 0.6258886390625 0.9199050609375 0.6654879296875 0.9041925687499999 0.772512259375 0.83895050625 0.7864761796875 0.8272178 0.8007439062499999 0.8043012125000001 0.8666016687500001 0.67983376875 0.8944657875 0.6079184859375 0.9223070203124999 0.4916940046875 0.926526890625 0.45769562812500003 0.9239869390625 0.4100983953125 0.882432425 0.31153669375000004 0.8702734 0.296334659375 0.8344447781250001 0.23250145781249998 0.7893008921875 0.189879575 0.7224989546875 0.134633978125
0 0.38046875 0.7109375 0.059375 0.0671875
0 0.45234375 0.76796875 0.0734375 0.08125
0 0.6578125 0.6265625 0.071875 0.0703125
0 0.6140625 0.6421875 0.0578125 0.071875
0 0.72734375 0.6375 0.053125 0.053125
0 0.59765625 0.48671875 0.0796875 0.084375
0 0.571875 0.38046875 0.0734375 0.084375
0 0.5578125 0.271875 0.08125 0.084375
0 0.64765625 0.2453125 0.075 0.0734375
0 0.75078125 0.3875 0.0890625 0.0875
0 0.38671875 0.24296875 0.065625 0.075
0 0.21953125 0.44609375 0.084375 0.0875
0 0.36640625 0.4671875 0.1109375 0.1109375
0 0.56953125 0.60390625 0.0546875 0.059375