4 0.25648148125 0.1546296296875 0.2388888890625 0.1629629625 0.1583333328125 0.23333333281250002 0.1351851859375 0.275 0.12407407343750002 0.30740740781250003 0.0981481484375 0.4240740734375 0.0916666671875 0.5009259265625 0.09629629687499999 0.6416666671875 0.0990740734375 0.66851851875 0.10648148125000001 0.6851851859375 0.1740740734375 0.790740740625 0.20277777812500003 0.8222222218749999 0.2453703703125 0.8518518515625001 0.2759259265625 0.8666666671875 0.41944444374999995 0.915740740625 0.44444444375 0.921296296875 0.49259259218749996 0.9416666671874999 0.5111111109375 0.9425925921875 0.5305555562500001 0.9361111109375001 0.5546296296875 0.91944444375 0.625 0.902777778125 0.7083333328125 0.86851851875 0.7620370375000001 0.8379629625 0.8138888890624999 0.79351851875 0.840740740625 0.7601851859375001 0.8953703703125001 0.672222221875 0.9379629625 0.51944444375 0.94351851875 0.48333333281249996 0.94351851875 0.45277777812500003 0.9361111109375001 0.4018518515625 0.9240740734375 0.3731481484375 0.909259259375 0.3509259265625 0.8435185187500001 0.2925925921875 0.815740740625 0.2518518515625 0.746296296875 0.1851851859375 0.715740740625 0.165740740625 0.6796296296875 0.134259259375 0.6259259265625 0.1101851859375 0.5351851859375001 0.0824074078125 0.48518518593750004 0.0740740734375 0.4601851859375 0.0740740734375 0.3759259265625 0.09444444375 0.3166666671875 0.1129629625 0.25648148125 0.1546296296875
0 0.51484375 0.7421875 0.03984375 0.0546875
0 0.42578125 0.76171875 0.04921875 0.0671875
0 0.30234375 0.54453125 0.0546875 0.0515625
0 0.33515625 0.578125 0.03359375 0.0640625
0 0.23515625 0.52421875 0.03984375 0.03984375
0 0.41796875 0.4453125 0.05625 0.065625
0 0.4875 0.3609375 0.04765625 0.07109375
0 0.54765625 0.26953125 0.059375 0.0640625
0 0.47890625 0.20625 0.05625 0.0546875
0 0.32421875 0.2890625 0.0671875 0.0640625
0 0.71484375 0.31875 0.04296875 0.06171875
0 0.77578125 0.57421875 0.06171875 0.0671875
0 0.634375 0.52890625 0.08359375 0.08203125
0 0.3921875 0.56328125 0.03671875 0.0484375