4 0.188079275 0.19908026875 0.160702584375 0.2380990421875 0.1462648421875 0.269167490625 0.10828595468749999 0.38248504687499996 0.093806775 0.4582383984375 0.0836996296875 0.598692075 0.08365540625 0.6256871859375 0.08928009375 0.6430368359374999 0.145468846875 0.755079496875 0.1707245984375 0.7893888734375001 0.20998672499999999 0.8233083265625 0.238826325 0.8412359109375 0.3764289953125 0.9050429203125001 0.400711328125 0.9131812546875 0.4464664328125 0.9384728859375 0.4647867203125 0.9413294515624999 0.4848021453125 0.9369159734375 0.5104864796874999 0.922857034375 0.5822134953125 0.9136373765625001 0.6686713859375 0.8882764984374999 0.725274821875 0.8635018953125 0.7814883328125 0.8247209171875 0.8116773703125 0.7943769703125 0.875202365625 0.7126062281250001 0.9335312578125 0.5651175203125 0.94283101875 0.52978494375 0.94602494375 0.499396775 0.9439813234375001 0.44797554218749996 0.9350105796875001 0.41817086718749996 0.9225997781249999 0.3945218109375 0.863316665625 0.3296362546875 0.839949625 0.286215128125 0.77785416875 0.2126547484375 0.749498496875 0.19012289531249998 0.7168759171875 0.155039234375 0.665982834375 0.1254834765625 0.57864275 0.08837287656250001 0.529787725 0.0748587703125 0.504924678125 0.072245559375 0.41899771562500004 0.083696846875 0.3581273734375 0.095919640625 0.2939165359375 0.1310669875 0.275549246875 0.13751574375 0.188079275 0.19908026875
0 0.4890625 0.7421875 0.0453125 0.0578125
0 0.39921875 0.75234375 0.05625 0.071875
0 0.2984375 0.5234375 0.059375 0.05625
0 0.328125 0.56015625 0.040625 0.0671875
0 0.234375 0.49609375 0.04375 0.04375
0 0.42421875 0.43671875 0.0625 0.071875
0 0.50234375 0.36015625 0.0546875 0.075
0 0.571875 0.27578125 0.065625 0.0703125
0 0.509375 0.20546875 0.0609375 0.0609375
0 0.346875 0.271875 0.0734375 0.0703125
0 0.7328125 0.3421875 0.0484375 0.065625
0 0.76640625 0.60234375 0.06875 0.0734375
0 0.63046875 0.54296875 0.0921875 0.090625
0 0.3859375 0.5515625 0.0421875 0.0515625