4 0.43518518593750005 0 0.41851851875 0.0072057640625 0.39351851875 0.0096076859375 0.36759259218749996 0.027221778125000002 0.2824074078125 0.062449959374999996 0.24722222187499998 0.092073659375 0.1703703703125 0.135308246875 0.11851851875 0.17694155312499998 0.071296296875 0.2289831859375 0.0111111109375 0.2770216171875 0 0.28742994374999997 0 0.64291433125 0.0111111109375 0.6613290625 0.051851851562499995 0.7053642921875001 0.078703703125 0.7445956765624999 0.09351851875 0.803843075 0.1148148140625 0.82546036875 0.15370370312499998 0.8494795843749999 0.171296296875 0.86549239375 0.2101851859375 0.8823058453125 0.24259259218749998 0.9023218578125001 0.29351851875 0.9207365890625001 0.30555555624999997 0.9375500406249999 0.34444444375 0.9671737390624999 0.4361111109375 1 0.5175925921875 1 0.56851851875 0.9871897515624999 0.6370370375000001 0.979183346875 0.7583333328124999 0.954363490625 0.8231481484375 0.9503602875 0.8416666671874999 0.9391513203124999 0.8416666671874999 0.9207365890625001 0.8453703703125001 0.915932746875 0.8740740734375001 0.9039231390625 0.9 0.8847077656250001 0.9166666671874999 0.8598879109374999 0.9305555562500001 0.8246597281250001 0.9509259265625 0.7902321859375 0.9509259265625 0.7213771015625 0.9796296296874999 0.6973578859375 0.9898148140625 0.6677341875 1 0.6140912734375 1 0.49319455625 0.9851851859374999 0.42834267343750004 0.9638888890624999 0.3682946359375 0.965740740625 0.28823058437500004 0.9629629625 0.265012009375 0.946296296875 0.2281825453125 0.94351851875 0.2129703765625 0.9370370375 0.20336269062499998 0.8833333328125 0.158526821875 0.85555555625 0.12730184218750001 0.803703703125 0.045636509375 0.75648148125 0.0320256203125 0.7083333328125 0.0336269015625 0.672222221875 0.0304243390625 0.6333333328124999 0.02481985625 0.6148148140624999 0.01841473125 0.5583333328125 0.013610889062500001 0.5379629625 0.004003203125 0.50555555625 0 0.43518518593750005 0
2 0.6990740734374999 0.375300240625 0.702546296875 0.445356284375 0.7638888890625 0.4713771015625 0.8321759265625 0.47037630156250004 0.878472221875 0.4413530828125 0.8819444437499999 0.3933146515625 0.8506944437499999 0.34927942343749996 0.797453703125 0.32225780625 0.7951388890625 0.326261009375 0.733796296875 0.336269015625 0.6990740734374999 0.375300240625
2 0.77109375 0.6328125 0.2015625 0.17421875
2 0.5796875 0.7734375 0.20625 0.1921875
2 0.36015625 0.75078125 0.2109375 0.18046875
2 0.2109375 0.58984375 0.21171875 0.171875
2 0.1859375 0.3984375 0.19296875 0.16328125
2 0.3734375 0.48125 0.190625 0.17109375
2 0.2890625 0.2390625 0.184375 0.1625
2 0.48515625 0.15078125 0.184375 0.15
2 0.5 0.31640625 0.1828125 0.16328125
2 0.6890625 0.22734375 0.18203125 0.1484375
2 0.6078125 0.49296875 0.2015625 0.17734375