4 0.3299551203125 0 0.2933573453125 0.0281711296875 0.2565752015625 0.048012453125 0.19077545625 0.07177663906250001 0.18139883437499998 0.0785881140625 0.1735857078125 0.0919328203125 0.145327746875 0.12084086093749999 0.13477626874999998 0.141709128125 0.10913292187500001 0.217578096875 0.0685833109375 0.2667210328125 0.0324812890625 0.322594903125 0 0.41183651093750007 0 0.552846171875 0.00055280625 0.553800678125 0 0.5553195015625 0 0.7359810859375 0.010335503125000001 0.751622725 0.033200634374999996 0.772725309375 0.035037965625 0.7785061859375 0.028739756249999998 0.795810371875 0.042307779687500005 0.8126770625 0.1018446078125 0.838606815625 0.20733695000000002 0.9034156281250001 0.2689849453125 0.9343739015624999 0.31245829999999997 0.9638292890625 0.3890258453125 0.991697596875 0.4863915796875 0.9922028484375 0.53306708125 0.9776664609375001 0.5501287359375 0.96598389375 0.6042816625 0.9660974 0.6415805421874999 0.9583724859375 0.6838746828125 0.95587379375 0.7058830171875 0.9468436953125 0.750641675 0.9375738 0.778047196875 0.92454395 0.8122323734375 0.873936571875 0.8508827828125 0.846255003125 0.9042274921875 0.818809578125 0.9209667296875 0.8053056140624999 1 0.5881634890624999 1 0.39925354999999996 0.995542915625 0.3919528015625 0.9689678296875 0.3268987125 0.9344824562499999 0.2700418234375 0.8770524390625001 0.20312972031249998 0.85412108125 0.1632585046875 0.7861219390625 0.10101979375 0.7677839125 0.0756007734375 0.7451131015625 0.0647932015625 0.7319160734375 0.0523216609375 0.66578955625 0.028253578125 0.6339673796875 0.020931371875 0.6115394703125 0.0229925671875 0.5568212296875 0.008188896875 0.53722883125 0.007874039062500001 0.49953552187500005 0 0.3299551203125 0
2 0.2812763609375 0.23124181406250002 0.2220044921875 0.23842442187500001 0.1775781625 0.269115871875 0.1644108734375 0.3154448015625 0.197988634375 0.358551971875 0.26181516562499996 0.38284795781250003 0.328357990625 0.37937679062499996 0.3555813921875 0.3147332125 0.3363026390625 0.266180159375 0.2820823984375 0.2357953078125 0.2812763609375 0.23124181406250002
2 0.2 0.53203125 0.2484375 0.2328125
2 0.33125 0.7296875 0.259375 0.2515625
2 0.5453125 0.78359375 0.259375 0.2421875
2 0.740625 0.68359375 0.2578125 0.234375
2 0.8296875 0.51171875 0.2375 0.21875
2 0.625 0.52578125 0.2375 0.2265625
2 0.7875 0.3265625 0.228125 0.215625
2 0.63359375 0.1765625 0.225 0.2046875
2 0.5625 0.32734375 0.228125 0.215625
2 0.415625 0.17890625 0.221875 0.2015625
2 0.40078125 0.45625 0.25 0.2359375