4 0.48253961562500003 0 0.459579740625 0.0016055109375 0.42753052656249996 0.0078595890625 0.407879975 0.018864835937499998 0.351871178125 0.027596925 0.33384456875 0.035278234375 0.2954413609375 0.0435818171875 0.2596416140625 0.049295560937499996 0.2114990515625 0.051056826562500005 0.165341309375 0.067928615625 0.11931244999999999 0.15301201874999998 0.0937804828125 0.18609861562500002 0.043335190625 0.23457144687499998 0.037539695312499996 0.2446078546875 0.03582983125 0.259976734375 0.021772857812499997 0.29787909218749997 0.0206214921875 0.321234875 0.028053818749999997 0.40097471718750005 0.010998139062499999 0.462362034375 0.0007432515625 0.5280893703125 0.0091765796875 0.6486915890625 0.0230788953125 0.70149335 0.0353057140625 0.730334403125 0.0656149921875 0.752292840625 0.0704180796875 0.820980196875 0.09314037343750001 0.8539029109375 0.1094528234375 0.8880764390625 0.1278102375 0.9116732265625 0.15501340624999999 0.9290332906250001 0.18448493593749998 0.939011375 0.18851471718749999 0.9435451578125 0.1897992625 0.96191503125 0.20905457031250002 0.9718049078125001 0.27399074843750004 0.97127710625 0.39672291875 0.9875753015625 0.46563302812499996 0.9907825921875 0.51727683125 1 0.5174603796875 1 0.5986114953125 0.9943253609375 0.6877650234375 0.9551847203125 0.724492734375 0.92292043125 0.735327603125 0.9053082765625 0.7848449296875 0.8833859890625 0.8157771468749999 0.8611581078125001 0.8533984578125 0.8416728609374999 0.8698311999999999 0.8244718609374999 0.9069498625 0.797798403125 0.926686334375 0.7747482140625 0.9373321718750001 0.714611709375 0.9613819703125 0.6736028000000001 0.9989517265625001 0.6268329078125 1 0.62478493125 1 0.48253961562500003 0.9839538875 0.25306951718750004 0.9721437953125 0.24346161562500002 0.908754225 0.1997385109375 0.8580167937500001 0.15111770468750002 0.8033870578125001 0.1132028171875 0.7237065203124999 0.0754344609375 0.6865406000000001 0.0483373171875 0.5991055281250001 0.01913716875 0.572014059375 0.0033744843750000003 0.5469074078125 0.0027223250000000003 0.539168775 0 0.48253961562500003 0
2 0.1908722109375 0.3434400984375 0.13964609375 0.37410977968750003 0.11154395937499999 0.4202176296875 0.118358715625 0.46789683125000003 0.16656679218749998 0.493619884375 0.2347572984375 0.489854784375 0.29413534218750004 0.459618309375 0.2927122453125 0.3894907078125 0.2553519234375 0.3529766609375 0.193460634375 0.34727207656250003 0.1908722109375 0.3434400984375
2 0.2390625 0.6515625 0.2125 0.1875
2 0.43984375 0.778125 0.21875 0.20625
2 0.65703125 0.740625 0.2234375 0.1953125
2 0.79453125 0.56953125 0.2234375 0.1859375
2 0.80625 0.3765625 0.203125 0.1765625
2 0.625 0.47265625 0.2015625 0.184375
2 0.6921875 0.225 0.1953125 0.175
2 0.490625 0.15078125 0.19375 0.1625
2 0.4875 0.3171875 0.19375 0.175
2 0.2921875 0.24140625 0.1921875 0.1609375
2 0.3921875 0.50078125 0.2140625 0.190625