4 1 0.146296296875 0.9240740734375 0.0759259265625 0.8759259265624999 0.046296296875 0.8194444437499999 0.0231481484375 0.7546296296875 0.0175925921875 0.6833333328125 0.0240740734375 0.659259259375 0.0351851859375 0.627777778125 0.0425925921875 0.5555555562500001 0.08425925937499999 0.522222221875 0.11851851875 0.49259259218749996 0.12222222187500001 0.478703703125 0.12129629687500001 0.46944444374999994 0.1166666671875 0.44907407343749994 0.0990740734375 0.41018518593750003 0.08148148125 0.4018518515625 0.0740740734375 0.3166666671875 0.05 0.21203703749999997 0.039814814062499995 0.15370370312499998 0.04444444375 0.125 0.055555556250000006 0.0703703703125 0.09074074062500001 0.04351851875 0.1101851859375 0.013888889062500001 0.14444444375 0 0.15277777812499999 0 0.5916666671875 0.0111111109375 0.603703703125 0.0361111109375 0.647222221875 0.08425925937499999 0.7009259265625001 0.2 0.7888888890625 0.322222221875 0.8675925921875001 0.44907407343749994 0.9759259265625 0.4703703703125 0.9870370375 0.49444444374999996 0.9879629624999999 0.5046296296875 0.98148148125 0.5314814812499999 0.9490740734375 0.5620370375 0.928703703125 0.6546296296875 0.8444444437499999 0.6953703703125 0.8166666671874999 0.772222221875 0.7740740734375 0.8490740734375001 0.7138888890625 0.91944444375 0.652777778125 1 0.5518518515624999 1 0.146296296875
1 0.30546875 0.53984375 0.0984375 0.09765625
1 0.3984375 0.4296875 0.0671875 0.109375
1 0.78359375 0.22734375 0.075 0.0640625
1 0.65234375 0.2 0.06171875 0.04609375
1 0.6953125 0.3125 0.04140625 0.0640625
1 0.6078125 0.7203125 0.103125 0.0578125
1 0.8140625 0.63984375 0.0875 0.1046875
1 0.875 0.4328125 0.0546875 0.04453125
1 0.16640625 0.57109375 0.1015625 0.0640625
1 0.79296875 0.146875 0.08359375 0.08515625
1 0.775 0.0546875 0.1 0.08828125
1 0.715625 0.18046875 0.06484375 0.0609375
1 0.6546875 0.240625 0.0515625 0.04140625