4 0.6082965406249999 0 0.56061783125 0.0178832203125 0.4845660890625 0.0631845375 0.47843388437499995 0.0724963703125 0.44542340156250004 0.09955469375 0.430300434375 0.12182007343750001 0.4225549125 0.128688425 0.40937892343750004 0.133177509375 0.379800309375 0.13726871875 0.33873583125 0.11280411718750001 0.2581903953125 0.09124969375 0.22586444218750001 0.0922426953125 0.1997349046875 0.0877410140625 0.129190440625 0.0999332234375 0.0680220203125 0.1220747875 0.0194562796875 0.159052665625 0 0.1796325015625 0 0.56582625 0.030457332812499998 0.679494565625 0.13438957812500002 0.7561322125000001 0.2181788546875 0.7969478203125 0.307989115625 0.8351915218749999 0.393246078125 0.856442084375 0.43978802968749997 0.8727288765625 0.55103350625 0.9301523453125 0.585820146875 0.941920253125 0.6201446984375 0.966273634375 0.6316603625 0.96989814375 0.6546744859375 0.962772940625 0.6723693609375 0.9465285437500001 0.7668601109375001 0.809054903125 0.86454769375 0.701399525 0.953578175 0.5864779203125 0.9861861734374999 0.5221424671875 0.9990708968750001 0.4736363296875 1 0.47186735312500006 1 0.4341737515625 0.8930951890625 0.035199565625 0.8775227265625001 0.0307448921875 0.8400357546875 0.005321703125 0.8261066859374999 0 0.6082965406249999 0
1 0.6984375 0.48828125 0.1203125 0.1203125
1 0.5796875 0.40546875 0.09375 0.1234375
1 0.15546875 0.31015625 0.0890625 0.08125
1 0.275 0.25 0.071875 0.0609375
1 0.2625 0.36953125 0.05625 0.071875
1 0.453125 0.740625 0.1140625 0.0828125
1 0.2328125 0.71640625 0.1109375 0.1234375
1 0.1203125 0.53203125 0.0640625 0.0578125
1 0.840625 0.48203125 0.1140625 0.0875
1 0.12578125 0.234375 0.103125 0.103125
1 0.11875 0.14140625 0.11875 0.1109375
1 0.209375 0.246875 0.078125 0.075
1 0.28359375 0.28984375 0.0609375 0.053125