4 0.44951226875000005 0 0.43937987031250003 0.0124125484375 0.414331696875 0.0328708546875 0.3676842578125 0.10198074531250001 0.3527427265625 0.147385134375 0.32773538750000003 0.1637027765625 0.31484623906250003 0.1689590484375 0.304494575 0.16885695625 0.278473721875 0.1619746203125 0.2358085375 0.1632102703125 0.2250713921875 0.16020562968750002 0.1379540765625 0.175910721875 0.0394486953125 0.21262294843750001 0 0.23589505000000002 0 0.6154340953124999 0.0907869984375 0.801575028125 0.1060502890625 0.807523053125 0.147597403125 0.8356779609375 0.21441482656250002 0.8628397718749999 0.3570023390625 0.8911629578125 0.501356378125 0.9083226812499999 0.662860275 0.950083846875 0.6868720500000001 0.9507347640624999 0.7089155828125 0.9410136015624999 0.7152286734375 0.9307231921874999 0.725156484375 0.88982453125 0.7436898546874999 0.8581210890625 0.789974696875 0.741799446875 0.81441525625 0.69897338125 0.864817878125 0.627001778125 0.9075084171875 0.5392180578125 0.9439675390625 0.45344341562499996 0.9721273781249999 0.3274185625 0.8124346765625001 0 0.44951226875000005 0
1 0.34296875 0.62109375 0.13125 0.13125
1 0.378125 0.48125 0.1078125 0.128125
1 0.63515625 0.13046875 0.0953125 0.090625
1 0.50546875 0.16328125 0.075 0.06875
1 0.59296875 0.24609375 0.065625 0.075
1 0.69375 0.65078125 0.11875 0.096875
1 0.84375 0.48828125 0.125 0.1328125
1 0.8078125 0.275 0.06875 0.0640625
1 0.23125 0.71015625 0.11875 0.1015625
1 0.6078125 0.0546875 0.1125 0.109375
1 0.5515625 0.0203125 0.128125 0.040625
1 0.55390625 0.11796875 0.084375 0.0828125
1 0.525 0.19921875 0.0640625 0.059375