4 0.2568965515625 0.1162790703125 0.2034482765625 0.18863049062499998 0.165517240625 0.281653746875 0.1517241375 0.34883720937499996 0.15 0.3953488375 0.137931034375 0.4186046515625 0.136206896875 0.48578811406250005 0.1482758625 0.5658914734375 0.1431034484375 0.6124031 0.1482758625 0.6279069765624999 0.22413793124999998 0.76485788125 0.3465517234375 0.8708010328125001 0.4068965515625 0.904392765625 0.5068965515625 0.9173126609375 0.62413793125 0.9173126609375 0.77241379375 0.8501291984374999 0.87758620625 0.7209302328125 0.913793103125 0.6330749359375 0.9327586203125 0.5426356593749999 0.936206896875 0.4521963828125 0.9120689656250001 0.328165375 0.82758620625 0.17054263593750002 0.72413793125 0.0697674421875 0.6310344828125001 0.02583979375 0.47586206875 0.005167959375 0.3948275859375 0.020671834375 0.3086206890625 0.0671834625 0.2568965515625 0.1162790703125
2 0.67578125 0.65703125 0.0953125 0.1046875
2 0.303125 0.6359375 0.07734375 0.11328125
2 0.36875 0.75390625 0.1 0.1140625
2 0.421875 0.6046875 0.0859375 0.0984375
2 0.46640625 0.6578125 0.0828125 0.11328125
2 0.58203125 0.65703125 0.08828125 0.10859375
2 0.55 0.57578125 0.07421875 0.0953125
2 0.728125 0.525 0.08671875 0.0984375
2 0.74765625 0.6421875 0.053125 0.10703125
2 0.815625 0.5046875 0.0859375 0.08984375
2 0.82109375 0.40625 0.0875 0.10625
2 0.7453125 0.43203125 0.07734375 0.08828125
2 0.66171875 0.39453125 0.0890625 0.1109375
2 0.746875 0.296875 0.08984375 0.1
2 0.734375 0.1984375 0.08046875 0.090625
2 0.63515625 0.1578125 0.084375 0.0953125
2 0.5390625 0.11640625 0.07734375 0.0953125
2 0.4671875 0.09765625 0.06796875 0.10234375
2 0.35078125 0.16328125 0.0890625 0.121875
2 0.45234375 0.1921875 0.0875 0.09453125
2 0.49453125 0.28984375 0.06796875 0.10703125
2 0.53515625 0.21640625 0.06953125 0.08515625
2 0.37265625 0.36015625 0.09921875 0.1234375
2 0.29296875 0.3125 0.08828125 0.11015625
2 0.234375 0.35859375 0.13046875 0.14140625
2 0.215625 0.47578125 0.07890625 0.10703125
2 0.28359375 0.5203125 0.07109375 0.0921875
2 0.365625 0.45546875 0.0578125 0.09453125
2 0.43671875 0.475 0.0640625 0.09140625
2 0.4921875 0.425 0.07421875 0.1453125
2 0.54609375 0.47734375 0.0421875 0.07265625
2 0.5984375 0.39140625 0.07265625 0.18125
2 0.38828125 0.26328125 0.084375 0.09375
2 0.640625 0.2546875 0.11171875 0.11015625