4 0.338399046875 0.13470705624999998 0.290240440625 0.1835395875 0.263462409375 0.2216084875 0.2406744984375 0.23453922500000002 0.2026377796875 0.289944984375 0.16913225 0.3636985453125 0.13946225 0.39988937812500003 0.1353561859375 0.415709121875 0.1243906609375 0.5718832593750001 0.1693547296875 0.7274059921875 0.2016687921875 0.7884445375 0.27849917031250004 0.853743978125 0.37682606406249997 0.9175982093749999 0.537771403125 0.9420102390625 0.6963432093749999 0.8909358703124999 0.7745582921875 0.8369739078125 0.8397208734375001 0.771454509375 0.8918696015625001 0.6974838171875 0.9391779578125 0.5803162015625001 0.95417225 0.40211004062500005 0.92229933125 0.26125088281250003 0.868140921875 0.173702284375 0.749261071875 0.071852471875 0.672855821875 0.040720573437500004 0.5752245859375 0.032776865625 0.5051056890625001 0.045780921875000005 0.4208747875 0.07734991249999999 0.338399046875 0.13470705624999998
2 0.56171875 0.72734375 0.1375 0.1390625
2 0.2609375 0.50703125 0.1265625 0.1375
2 0.2515625 0.64140625 0.1453125 0.15
2 0.37734375 0.5453125 0.125 0.1296875
2 0.3859375 0.6140625 0.13125 0.140625
2 0.48359375 0.6765625 0.1328125 0.1390625
2 0.50078125 0.590625 0.1140625 0.1203125
2 0.67734375 0.6453125 0.1265625 0.1296875
2 0.63046875 0.75390625 0.103125 0.11875
2 0.7625 0.67578125 0.1203125 0.121875
2 0.8203125 0.59609375 0.13125 0.1375
2 0.74296875 0.5765625 0.1125 0.115625
2 0.69296875 0.5 0.134375 0.1421875
2 0.81796875 0.4640625 0.1296875 0.1328125
2 0.8609375 0.375 0.1171875 0.1203125
2 0.8 0.28671875 0.1234375 0.1265625
2 0.74140625 0.19921875 0.1171875 0.121875
2 0.69140625 0.14453125 0.1125 0.1234375
2 0.55859375 0.13671875 0.140625 0.15
2 0.62734375 0.215625 0.125 0.1265625
2 0.61015625 0.32109375 0.115625 0.1265625
2 0.68359375 0.28125 0.1046875 0.109375
2 0.46953125 0.31328125 0.15 0.1578125
2 0.428125 0.2296875 0.134375 0.140625
2 0.35390625 0.23671875 0.1859375 0.1890625
2 0.275 0.325 0.125 0.1328125
2 0.3078125 0.39921875 0.109375 0.115625
2 0.41171875 0.38984375 0.1 0.1109375
2 0.46015625 0.44453125 0.103125 0.1109375
2 0.534375 0.4328125 0.140625 0.1625
2 0.55078125 0.50625 0.075 0.084375
2 0.64140625 0.4625 0.159375 0.1921875
2 0.53515625 0.240625 0.121875 0.125
2 0.7515625 0.37109375 0.153125 0.153125