4 0.6513874078125 0.028276309375000003 0.49615210000000004 0.008082190625000001 0.3948517640625 0.0264160953125 0.2688458640625 0.096983075 0.1464460171875 0.2273692015625 0.0910289796875 0.3409265984375 0.0709523515625 0.4291767109375 0.06586422656249999 0.52144298125 0.0780987796875 0.615675715625 0.1462483765625 0.7676929578125 0.2720835015625 0.8709638156249999 0.38532997812500003 0.9013081171874999 0.4852664765625 0.9147103624999999 0.552249284375 0.8978816296875 0.6979120328125 0.8272314250000001 0.8066346671875 0.7145815578125 0.8156435328124999 0.70094468125 0.8226854593749999 0.65467918125 0.8550754609375 0.58042895625 0.8707984312500001 0.515088475 0.8651597531249999 0.4895014046875 0.875532459375 0.4441283828125 0.8795977046875001 0.3756642234375 0.867035328125 0.27599338281249997 0.834134184375 0.192273846875 0.79687938125 0.1314639390625 0.725648009375 0.06422516874999999 0.6513874078125 0.028276309375000003
2 0.28984375 0.60625 0.11875 0.1265625
2 0.6546875 0.68203125 0.1046875 0.1296875
2 0.5609375 0.77890625 0.1265625 0.1359375
2 0.5484375 0.62109375 0.1078125 0.1171875
2 0.49140625 0.6609375 0.109375 0.13125
2 0.38046875 0.63046875 0.1140625 0.128125
2 0.43203125 0.56015625 0.096875 0.1109375
2 0.2734375 0.46484375 0.109375 0.1171875
2 0.22421875 0.5734375 0.0796875 0.1171875
2 0.19375 0.42265625 0.10625 0.109375
2 0.2140625 0.3265625 0.1125 0.125
2 0.28046875 0.37109375 0.096875 0.1046875
2 0.37109375 0.35625 0.1140625 0.1296875
2 0.3140625 0.23984375 0.1125 0.1203125
2 0.3515625 0.1484375 0.1015625 0.1078125
2 0.4578125 0.134375 0.10625 0.1140625
2 0.56171875 0.11953125 0.1 0.1125
2 0.6359375 0.11953125 0.0921875 0.1171875
2 0.73125 0.21328125 0.1171875 0.140625
2 0.62578125 0.21484375 0.109375 0.1140625
2 0.559375 0.2984375 0.09375 0.1203125
2 0.5390625 0.2171875 0.0890625 0.1
2 0.659375 0.39765625 0.128125 0.1453125
2 0.7484375 0.37265625 0.1140625 0.1296875
2 0.79296875 0.43203125 0.1625 0.1703125
2 0.78125 0.55 0.1046875 0.1234375
2 0.70390625 0.57578125 0.0921875 0.1078125
2 0.64140625 0.49140625 0.0796875 0.10625
2 0.56796875 0.4921875 0.0859375 0.1046875
2 0.52734375 0.4296875 0.109375 0.159375
2 0.46171875 0.46640625 0.059375 0.08125
2 0.4328125 0.36953125 0.1171875 0.19375
2 0.66953125 0.3 0.10625 0.1125
2 0.42734375 0.2265625 0.1359375 0.1359375