4 0.5445477265625 0.1245262984375 0.5358267437500001 0.12429059687499999 0.51767766875 0.11886944531250002 0.5082495796875001 0.1179266359375 0.486918525 0.1100306109375 0.475604815625 0.108616396875 0.46193408593749996 0.11050201562499999 0.4538023578125 0.10873424843749999 0.43423906875 0.113212590625 0.41585429375 0.113212590625 0.40300851875 0.1095592046875 0.3924019171875 0.10885209843749999 0.3802632515625 0.1044916078125 0.3492684046875 0.10390235156250001 0.3261695828125 0.1076735875 0.2772613640625 0.121697871875 0.2124432421875 0.151632059375 0.1830983109375 0.1710774953125 0.17095964531250002 0.1752022859375 0.147153715625 0.196651190625 0.14090760625 0.2052543234375 0.13925769062499999 0.2135039015625 0.1326580265625 0.2281174421875 0.11969440312499999 0.23919545000000003 0.09412070781250001 0.2652405484375 0.0842212125 0.27938268437499997 0.074086015625 0.297531759375 0.06347941406249999 0.323694709375 0.04827661875 0.3459685734375 0.043444721874999995 0.35598591874999996 0.0394377828125 0.3760206109375 0.0371986109375 0.4027728171875 0.040262740625 0.42987857656250006 0.0473338078125 0.46099127500000003 0.0562904953125 0.47277638906249997 0.0639508171875 0.476901178125 0.07278965312499999 0.48644712031250004 0.08492831875 0.513435028125 0.1018988828125 0.5360624453125 0.11344829218750001 0.5575113515625 0.134072240625 0.5873276875 0.1521034640625 0.6060660171875 0.1683669203125 0.627986328125 0.1922906984375 0.639889290625 0.22906025156249998 0.6710019890625001 0.24532370781249999 0.67736595 0.3014208453125 0.70659303125 0.33877965312499997 0.7220315296875001 0.39723381406249997 0.7295740015625001 0.42115759375 0.7301632578125 0.49929289375 0.7255670624999999 0.5465511953125 0.7169639296875 0.5715356359375 0.7080072453125 0.64071425 0.6746553750000001 0.657331259375 0.6636952203125001 0.6708841390625 0.6524993625 0.6862047859375 0.6367073109375 0.7150783125 0.59840569375 0.7332273859375 0.5656430796875 0.7489015875 0.5438406203125 0.75997959375 0.518149075 0.7651650421875 0.487979184375 0.7738860265625 0.455687975 0.77565379375 0.439778071875 0.7732967703125 0.40347992499999996 0.7654007453125 0.356693025 0.76657925625 0.3196877703125 0.7651650421875 0.312616703125 0.742184071875 0.2606443546875 0.7161389734375 0.22823529374999998 0.706003775 0.2124432421875 0.6740661203125 0.1755558390625 0.6628702609375 0.1678955140625 0.6372965671874999 0.1571710625 0.6180868328125 0.1528105703125 0.5867384328125 0.13701851874999998 0.5445477265625 0.1245262984375
2 0.425 0.61484375 0.10625 0.10625
2 0.33671875 0.6046875 0.10625 0.10625
2 0.25546875 0.53203125 0.1171875 0.1171875
2 0.2 0.4640625 0.1125 0.1125
2 0.16484375 0.39375 0.11875 0.11875
2 0.17890625 0.30625 0.1015625 0.1015625
2 0.253125 0.36875 0.121875 0.121875
2 0.2828125 0.43671875 0.109375 0.109375
2 0.33671875 0.503125 0.10625 0.10625
2 0.41953125 0.53203125 0.115625 0.115625
2 0.515625 0.6171875 0.1046875 0.1046875
2 0.5078125 0.53671875 0.0875 0.0875
2 0.6046875 0.59765625 0.125 0.125
2 0.596875 0.51953125 0.1 0.1
2 0.69296875 0.5390625 0.0953125 0.0953125
2 0.7109375 0.4671875 0.1 0.1
2 0.6328125 0.396875 0.09375 0.09375
2 0.62421875 0.45390625 0.09375 0.09375
2 0.53515625 0.39765625 0.0984375 0.0984375
2 0.484375 0.3484375 0.096875 0.096875
2 0.396875 0.321875 0.0859375 0.0859375
2 0.3734375 0.415625 0.0984375 0.0984375
2 0.26796875 0.21484375 0.09375 0.09375
2 0.31953125 0.2703125 0.1 0.1
2 0.33515625 0.175 0.10625 0.10625
2 0.40859375 0.17265625 0.1078125 0.1078125
2 0.39765625 0.23203125 0.0875 0.0875
2 0.49609375 0.17890625 0.0875 0.0875
2 0.48125 0.2546875 0.09375 0.09375
2 0.55703125 0.2046875 0.0875 0.0875
2 0.5609375 0.278125 0.0890625 0.0890625
2 0.64375 0.25 0.1 0.1
2 0.60859375 0.33515625 0.090625 0.090625
2 0.67890625 0.3140625 0.09375 0.09375
2 0.70859375 0.3859375 0.1015625 0.1015625