4 1 0.35189325312499997 0.9922331234374999 0.33993331250000003 0.9507995203125 0.34115893750000004 0.9028055046875 0.324632084375 0.86647075625 0.3298840953125 0.8253942437499999 0.3125337734375 0.797367140625 0.3344035984375 0.7161757468750001 0.3394353734375 0.6925001187500001 0.31445359375000004 0.662797203125 0.3337428921875 0.646215115625 0.38853715 0.630632878125 0.39131875156249996 0.6251055156249999 0.409583503125 0.6576219125 0.5132066515625 0.6585835453125 0.552939071875 0.694061278125 0.5922693359375 0.70821515625 0.663791521875 0.6866770484375 0.7071290140625 0.6484522359375 0.72094606875 0.6177162671875001 0.7042181375000001 0.5976779359375 0.6695366500000001 0.5010139421875001 0.5818897656249999 0.4672834390625 0.5414248374999999 0.4626130921875 0.515107315625 0.44382206562500004 0.5052974906250001 0.41183879375 0.46369789843750003 0.38452587031249996 0.4484158265625 0.3569272734375 0.44799451562500003 0.33071881875 0.465014484375 0.299911434375 0.45200174375 0.27791161875000003 0.42960048906250003 0.2683184515625 0.479856084375 0.2816535328125 0.5042154734375 0.2773020578125 0.5510670765625 0.25786827031250004 0.57469395625 0.2519838171875 0.61153465625 0.209407528125 0.6722033125 0.206160521875 0.75135695625 0.2174244828125 0.8834568390624999 0.26389063125 1 0.648106746875 1 1 0.77147785 1 0.35189325312499997
4 0.5976065187499999 0.6732518390625 0.6159690375 0.7053528015625 0.6381116875 0.7203236765625001 0.6641058890625 0.714449275 0.68542974375 0.6822573515625 0.6785504578125 0.5913357484375 0.589880253125 0.2673625984375 0.585566996875 0.22246912968750002 0.536292475 0.0930407328125 0.5156828 0.0880807609375 0.4772437328125 0.1130433828125 0.4255742015625 0.1979613125 0.37590437187500003 0.178853934375 0.3094382015625 0.22568638124999998 0.28176818593749997 0.22898025624999999 0.2482851390625 0.26539964375 0.30686715468750003 0.3594332015625 0.4589757953125 0.524807025 0.5026897546875 0.584470290625 0.5976065187499999 0.6732518390625
2 0.9234375 0.5390625 0.153125 0.196875
2 0.3609375 0.6015625 0.1515625 0.1640625
2 0.3328125 0.7375 0.134375 0.1390625
2 0.47265625 0.71328125 0.146875 0.1484375
2 0.39140625 0.2984375 0.14375 0.153125
2 0.49140625 0.36796875 0.153125 0.1640625
2 0.565625 0.4078125 0.15 0.165625
2 0.6046875 0.60390625 0.146875 0.153125
2 0.3453125 0.8515625 0.134375 0.1328125
2 0.371875 0.94375 0.115625 0.1125
2 0.4609375 0.9390625 0.121875 0.121875
2 0.48125 0.84921875 0.1375 0.1390625
2 0.7484375 0.86015625 0.159375 0.153125
2 0.6 0.93515625 0.15 0.1296875
2 0.74375 0.75703125 0.1109375 0.1203125
2 0.90546875 0.64296875 0.1546875 0.1484375
2 0.77578125 0.4984375 0.1328125 0.1375
2 0.98984375 0.43984375 0.0203125 0.0921875
2 0.953125 0.72734375 0.09375 0.1421875
2 0.8796875 0.74609375 0.1390625 0.1375