4 0.677298565625 0.1773109140625 0.6289676921875 0.17061606093749998 0.6102033390625 0.1707169375 0.5688376359375 0.16652491875 0.5127336234375 0.175557625 0.506033090625 0.17822274531249999 0.4756397359375 0.199365634375 0.43210045781249995 0.218225440625 0.4003745421875 0.23601806406249998 0.3879941703125 0.2461657921875 0.3656622703125 0.27106687812499997 0.3431838703125 0.2918474609375 0.3276706421875 0.315130878125 0.31792234218750004 0.3401508390625 0.3003299953125 0.37321573125 0.2839332078125 0.41829166406249996 0.27903310000000003 0.43974160781249994 0.2770248921875 0.45720571093749995 0.2768832046875 0.47711123593749993 0.2865893453125 0.5532940328125 0.2926851390625 0.5791259078125 0.3112086609375 0.6234456578125 0.3499095015625 0.6914787 0.3634335171875 0.7112219375 0.401595584375 0.7561377968749999 0.43489046406250004 0.779061121875 0.48995504843750004 0.81018993125 0.504150028125 0.8203635515625001 0.550269465625 0.834255903125 0.5732819546875 0.847837253125 0.6005235875 0.8495382796875001 0.6260593796875 0.854454909375 0.662298071875 0.8555124671875 0.686576896875 0.85351670625 0.7147966765625 0.85542564375 0.7440418328125 0.8509073171875 0.7568617078125001 0.8531210953125001 0.7644931578125 0.8572990609375 0.779255146875 0.8583921374999999 0.8091996312499999 0.8473772437499999 0.833601278125 0.835184184375 0.8548180249999999 0.8187359609374999 0.8694381984374999 0.804463784375 0.8752078109375001 0.794955578125 0.8856082093750001 0.770074225 0.9017735359374999 0.746929415625 0.91147460625 0.7285446296875 0.9179435484375 0.71253985625 0.9258583734375 0.6769067718749999 0.9280886765625 0.6600010468749999 0.9367501890625001 0.6465069999999999 0.9427702578125 0.6406302203124999 0.946583578125 0.630706190625 0.9516065046875 0.5990589484375 0.9484546546875 0.5866320843749999 0.948780575 0.5514306109375 0.938583015625 0.48076623281249997 0.9237074453125 0.43211017656250006 0.9142897515625 0.41068391249999997 0.8969145546874999 0.38501037656250003 0.8866463484375 0.3772049296875 0.8802765499999999 0.368694603125 0.870216253125 0.35991100625 0.8602031859375 0.3444922359375 0.853304109375 0.3256460015625 0.8473926796875 0.31978895625 0.841528478125 0.307296734375 0.83418053125 0.298578496875 0.8159406421875 0.284989253125 0.8100150296875 0.27759568125 0.795583775 0.2653271578125 0.7906363109375001 0.2581414984375 0.7571807484375 0.229561146875 0.7268628578125 0.21187113281249997 0.7127434703125 0.1981353890625 0.6898207546874999 0.1825284390625 0.677298565625 0.1773109140625
2 0.44453125 0.62578125 0.09375 0.084375
2 0.50078125 0.69453125 0.075 0.103125
2 0.60625 0.721875 0.103125 0.09375
2 0.69375 0.73203125 0.0875 0.1015625
2 0.771875 0.7234375 0.09375 0.10625
2 0.8375 0.66328125 0.0859375 0.0859375
2 0.74453125 0.6359375 0.1 0.1046875
2 0.671875 0.64765625 0.084375 0.096875
2 0.58671875 0.63828125 0.0890625 0.0890625
2 0.5171875 0.58515625 0.096875 0.0984375
2 0.39296875 0.55078125 0.0875 0.0890625
2 0.46484375 0.51328125 0.071875 0.0734375
2 0.3609375 0.465625 0.1015625 0.1078125
2 0.43125 0.4296875 0.08125 0.0875
2 0.36171875 0.359375 0.0796875 0.0796875
2 0.4125 0.3046875 0.084375 0.084375
2 0.5140625 0.33203125 0.0765625 0.0796875
2 0.47109375 0.37109375 0.08125 0.0765625
2 0.56640625 0.41484375 0.0796875 0.084375
2 0.63515625 0.43046875 0.0796875 0.084375
2 0.70625 0.48984375 0.0734375 0.071875
2 0.63984375 0.56015625 0.084375 0.0796875
2 0.865625 0.5390625 0.08125 0.0765625
2 0.790625 0.52578125 0.0828125 0.084375
2 0.86171875 0.4609375 0.0859375 0.0921875
2 0.82421875 0.39765625 0.0890625 0.090625
2 0.78046875 0.43984375 0.0796875 0.0671875
2 0.77109375 0.328125 0.075 0.071875
2 0.715625 0.38203125 0.0828125 0.075
2 0.7171875 0.29140625 0.0703125 0.078125
2 0.653125 0.328125 0.0765625 0.071875
2 0.63125 0.24375 0.08125 0.0875
2 0.57890625 0.31875 0.0703125 0.08125
2 0.5578125 0.2484375 0.071875 0.0859375
2 0.4828125 0.26328125 0.078125 0.0921875