4 1 0.633846153125 0.9645833328125001 0.6123076921874999 0.9333333328125001 0.5723076921875 0.9 0.5569230765625 0.875 0.52 0.8395833328125001 0.5230769234375 0.76875 0.4830769234375 0.7625 0.44923076875 0.7270833328124999 0.44923076875 0.6833333328125 0.486153846875 0.66875 0.48 0.6541666671875 0.49230769218750003 0.625 0.5969230765625 0.6041666671875 0.6307692312500001 0.6125 0.6830769234375 0.5854166671875001 0.75076923125 0.54375 0.7753846156249999 0.5041666671875 0.766153846875 0.4875 0.735384615625 0.4895833328125 0.695384615625 0.45625 0.56923076875 0.45 0.5169230765624999 0.4604166671875 0.49230769218750003 0.45 0.47384615312499995 0.4458333328125 0.42153846093749997 0.43125 0.39384615312500004 0.40833333281249995 0.3784615390625 0.3770833328125 0.3784615390625 0.3583333328125 0.35076923125000004 0.35208333281250004 0.32 0.3166666671875 0.3569230765625 0.3145833328125 0.384615384375 0.2854166671875 0.42153846093749997 0.25625 0.43076923125000005 0.23125 0.45846153906250003 0.1625 0.486153846875 0.1166666671875 0.55076923125 0.054166667187499996 0.6676923078125 0.0229166671875 0.8246153843749999 0.0333333328125 0.9723076921875 0.0479166671875 1 1 1 1 0.633846153125
4 0.45208333281249996 0.49846153906249996 0.45625 0.5723076921875 0.4875 0.6984615390625 0.48541666718750004 0.735384615625 0.49583333281249997 0.76 0.5208333328125 0.76923076875 0.55625 0.753846153125 0.6 0.673846153125 0.7020833328125 0.353846153125 0.7229166671875 0.31384615312499997 0.7520833328125 0.1784615390625 0.7375 0.1630769234375 0.6916666671875 0.1630769234375 0.6020833328124999 0.206153846875 0.5708333328124999 0.1630769234375 0.4895833328125 0.166153846875 0.46458333281249997 0.153846153125 0.4166666671875 0.166153846875 0.4145833328125 0.27692307656250004 0.45208333281249996 0.49846153906249996
2 0.85234375 0.7765625 0.1453125 0.140625
2 0.328125 0.509375 0.09296875 0.1359375
2 0.23046875 0.60859375 0.09140625 0.10625
2 0.3609375 0.6640625 0.10390625 0.109375
2 0.51875 0.271875 0.090625 0.1234375
2 0.56484375 0.384375 0.0953125 0.134375
2 0.60546875 0.45859375 0.0890625 0.1390625
2 0.53125 0.64375 0.0984375 0.11796875
2 0.17890625 0.7109375 0.09921875 0.09453125
2 0.15 0.80546875 0.078125 0.090625
2 0.22734375 0.8484375 0.08359375 0.09453125
2 0.29375 0.7828125 0.09609375 0.10390625
2 0.5125 0.9375 0.12265625 0.10234375
2 0.34375 0.925 0.11953125 0.09140625
2 0.1890625 0.94375 0.1125 0.0890625
2 0.5640625 0.8484375 0.06875 0.0984375
2 0.7625 0.840625 0.1203125 0.09921875
2 0.73203125 0.6484375 0.08984375 0.10625
2 0.971875 0.7359375 0.05625 0.07421875
2 0.96328125 0.84296875 0.0734375 0.09140625
2 0.92421875 0.9609375 0.11875 0.078125
2 0.78125 0.9546875 0.1234375 0.08984375
2 0.684375 0.91328125 0.10390625 0.09609375