4 0.33799999999999997 0.17099999999999999 0.3046666671875 0.182 0.266 0.20299999999999999 0.2596666671875 0.209 0.24300000000000002 0.21800000000000003 0.23566666718749998 0.22400000000000003 0.215 0.23349999999999999 0.20600000000000002 0.2405 0.19766666718749998 0.2515 0.1906666671875 0.256 0.18 0.273 0.16699999999999998 0.286 0.1553333328125 0.2925 0.1473333328125 0.2995 0.1356666671875 0.305 0.11333333281249999 0.3265 0.0996666671875 0.34550000000000003 0.075 0.39 0.0503333328125 0.457 0.0433333328125 0.4915 0.0376666671875 0.503 0.036 0.5349999999999999 0.0376666671875 0.5455 0.0423333328125 0.5525 0.048 0.5675 0.0466666671875 0.5845 0.047 0.621 0.05 0.638 0.0556666671875 0.658 0.0666666671875 0.6839999999999999 0.0716666671875 0.7105 0.0753333328125 0.721 0.0866666671875 0.738 0.10400000000000001 0.7585 0.1253333328125 0.7755 0.1523333328125 0.7925 0.16699999999999998 0.7945 0.17533333281250002 0.792 0.1883333328125 0.7925 0.21600000000000003 0.8029999999999999 0.244 0.807 0.2673333328125 0.8140000000000001 0.303 0.8205 0.329 0.8210000000000001 0.356 0.825 0.38133333281250004 0.8164999999999999 0.42933333281249997 0.8125 0.4453333328125 0.8055 0.5056666671875 0.7865 0.5429999999999999 0.771 0.5896666671874999 0.735 0.607 0.7184999999999999 0.659 0.6599999999999999 0.6863333328125 0.6205 0.6976666671875 0.5965 0.7230000000000001 0.524 0.727 0.5045 0.7286666671875001 0.487 0.7283333328125 0.465 0.7216666671875 0.4175 0.7113333328125 0.3815 0.7070000000000001 0.355 0.6966666671875 0.329 0.679 0.304 0.6623333328125 0.275 0.6523333328125 0.2625 0.625 0.2385 0.5863333328125 0.211 0.561 0.184 0.5549999999999999 0.18 0.502 0.1595 0.4606666671875 0.155 0.4423333328125 0.151 0.3936666671875 0.14750000000000002 0.3803333328125 0.15 0.3546666671875 0.1605 0.33799999999999997 0.17099999999999999
2 0.528125 0.634375 0.08125 0.06875
2 0.45859375 0.68984375 0.05703125 0.09296875
2 0.35 0.6953125 0.08828125 0.07734375
2 0.2625 0.68671875 0.0703125 0.08828125
2 0.1875 0.66171875 0.07578125 0.0921875
2 0.1359375 0.58984375 0.071875 0.07265625
2 0.2328125 0.58203125 0.08359375 0.08984375
2 0.3015625 0.60859375 0.06875 0.08515625
2 0.38671875 0.6171875 0.075 0.07578125
2 0.465625 0.5796875 0.08125 0.0828125
2 0.59375 0.571875 0.07265625 0.07578125
2 0.53125 0.5203125 0.0609375 0.06171875
2 0.64296875 0.4953125 0.084375 0.09296875
2 0.58203125 0.4453125 0.0671875 0.075
2 0.6640625 0.39140625 0.06796875 0.0671875
2 0.62578125 0.32734375 0.07109375 0.07109375
2 0.52109375 0.3328125 0.0640625 0.06796875
2 0.55546875 0.3796875 0.0703125 0.06328125
2 0.45234375 0.403125 0.06640625 0.07265625
2 0.38203125 0.40390625 0.065625 0.071875
2 0.30078125 0.446875 0.06171875 0.06015625
2 0.35078125 0.5296875 0.07265625 0.065625
2 0.134375 0.4625 0.06953125 0.06328125
2 0.21015625 0.46484375 0.0703125 0.07109375
2 0.15390625 0.38671875 0.0703125 0.0796875
2 0.20390625 0.3328125 0.075 0.07734375
2 0.23828125 0.3828125 0.0703125 0.05390625
2 0.2703125 0.27578125 0.06328125 0.06015625
2 0.31328125 0.33984375 0.071875 0.06171875
2 0.33125 0.25078125 0.05703125 0.0671875
2 0.3859375 0.3 0.065625 0.06015625
2 0.425 0.221875 0.06640625 0.075
2 0.46015625 0.30625 0.05703125 0.0703125
2 0.4953125 0.2421875 0.05703125 0.075
2 0.56640625 0.271875 0.06328125 0.08125