4 1 0.3660254046875 0.999935778125 0.36591416875 0.9584948140625 0.3649696484375 0.9114315203125001 0.34595363125 0.8748716999999999 0.3492968296875 0.8347595265625 0.3298205078125 0.8056262546875 0.3501935359375 0.7242827890625 0.35096918593750004 0.7019470531249999 0.32478255625 0.67127531875 0.34249088906249997 0.651848246875 0.3963422125 0.6361417874999999 0.39830449218749997 0.6296660968750001 0.41625493281250003 0.6567147140625 0.5214378468749999 0.6555955953125 0.5611661421874999 0.6889663203125 0.6022992671875 0.69935761875 0.674464190625 0.6755809187499999 0.7166150734375 0.6366853625 0.728412659375 0.606866990625 0.71009905625 0.588671209375 0.6744163750000001 0.49672677343749994 0.5818306046874999 0.46516026874999994 0.5396558140625001 0.461873675 0.5131299328125001 0.44362180625000003 0.5023501046875001 0.4138595203125 0.45913364687499997 0.38738382968749996 0.442443071875 0.3598451078125 0.4405779390625 0.3327818125 0.4562029390625 0.3026976828125 0.441595696875 0.2819004078125 0.4180737609375 0.26969021406250004 0.467758415625 0.2817321484375 0.492782325 0.2749346125 0.5393419796875001 0.25429092343750004 0.5619193953125 0.24648644218750002 0.5984016375000001 0.20079335 0.6567588796875 0.1934082109375 0.7356341109375 0.19774316249999999 0.868142465625 0.2424702625 1 0.6339745953125 1 1 0.788675134375 1 0.3660254046875
4 0.5884054515625 0.678122734375 0.605062771875 0.7111407234375 0.6263915609375 0.7272499390625 0.6526575796875 0.72274401875 0.67563700625 0.6917122171875 0.6735256171875 0.600555184375 0.6019323765625 0.2723853890625 0.5999745734374999 0.22732770625 0.5575413390625 0.0954978578125 0.5372194953125 0.08946605625000001 0.49752666406249996 0.1123827234375 0.4414836828125 0.1944801 0.392881928125 0.172799390625 0.32405582499999996 0.216089084375 0.29625134375 0.21793030781249997 0.260908140625 0.2525474171875 0.314488534375 0.3495180515625 0.45773371875 0.5226259875 0.498265234375 0.5844952984375 0.5884054515625 0.678122734375
2 0.92265625 0.5625 0.1546875 0.19375
2 0.35546875 0.59375 0.1484375 0.1640625
2 0.32109375 0.72890625 0.1328125 0.1375
2 0.46171875 0.71171875 0.1453125 0.146875
2 0.40234375 0.29296875 0.140625 0.1515625
2 0.4984375 0.3671875 0.15 0.1640625
2 0.5703125 0.41171875 0.146875 0.165625
2 0.59921875 0.60859375 0.14375 0.1515625
2 0.32734375 0.84296875 0.1328125 0.13125
2 0.35 0.93984375 0.1125 0.1171875
2 0.43828125 0.93828125 0.1203125 0.1234375
2 0.4625 0.8484375 0.1359375 0.1375
2 0.7296875 0.87265625 0.1578125 0.15
2 0.5765625 0.93828125 0.15 0.1234375
2 0.45234375 0.98671875 0.1421875 0.0265625
2 0.7296875 0.76953125 0.109375 0.1203125
2 0.89765625 0.6640625 0.153125 0.1453125
2 0.775 0.5125 0.13125 0.1375
2 0.99140625 0.46796875 0.0171875 0.0921875
2 0.94765625 0.75234375 0.1046875 0.1390625
2 0.86640625 0.765625 0.1375 0.1359375