4 0.579192221875 1 0.7583594953125 0.9417850234375 0.8158888 0.904963959375 0.91701565625 0.7512481265625001 0.9483884359375001 0.56883223125 0.9447073312500001 0.455213453125 0.96663968125 0.43902287187500005 0.9372673640625001 0.3579232203125 0.8985323781250001 0.313101559375 0.8555644375 0.227355065625 0.705538484375 0.1189864078125 0.608593159375 0.0809926609375 0.49600032499999996 0.0692331984375 0.340568734375 0.07441433593749999 0.14796239375 0.1883604640625 0.1359357859375 0.21643969218749998 0.10853759375000001 0.2344062328125 0.043076673437500004 0.35840484375 0.0188165125 0.4418235265625 0.010953878125 0.5199143312500001 0.028161625000000003 0.6472666953124999 0.06887073593750001 0.7911545484375 0.13370204375 0.869797203125 0.241165165625 0.9587594890625001 0.24650698750000002 1 0.579192221875 1
3 0.91796875 0.7484375 0.1640625 0.203125
2 0.55078125 0.85703125 0.13125 0.14375
2 0.4203125 0.8484375 0.11875 0.1234375
2 0.340625 0.8296875 0.11875 0.1234375
2 0.2703125 0.78125 0.121875 0.11875
2 0.2046875 0.7203125 0.1203125 0.1234375
2 0.1265625 0.5578125 0.11875 0.1078125
2 0.2328125 0.534375 0.115625 0.1125
2 0.26875 0.6171875 0.1140625 0.1234375
2 0.2515625 0.41171875 0.13125 0.125
2 0.1109375 0.4546875 0.1203125 0.1140625
2 0.1359375 0.371875 0.1046875 0.10625
2 0.2125 0.25703125 0.14375 0.121875
2 0.3125 0.23203125 0.1046875 0.1078125
2 0.28984375 0.3171875 0.1171875 0.1125
2 0.4328125 0.18828125 0.121875 0.1109375
2 0.51171875 0.196875 0.1171875 0.1125
2 0.446875 0.3203125 0.1375 0.1671875
2 0.35625 0.2953125 0.09375 0.1109375
2 0.55625 0.30703125 0.125 0.128125
2 0.6609375 0.27734375 0.1328125 0.128125
2 0.7453125 0.3203125 0.1328125 0.109375
2 0.80703125 0.42890625 0.146875 0.1375
2 0.79140625 0.53828125 0.1375 0.1453125
2 0.671875 0.4453125 0.1140625 0.0890625
2 0.55859375 0.4046875 0.090625 0.0828125
2 0.48125 0.6 0.1203125 0.1171875
2 0.63515625 0.540625 0.1421875 0.1265625
2 0.7140625 0.62109375 0.1296875 0.1265625
2 0.70546875 0.71484375 0.121875 0.121875
2 0.63203125 0.79765625 0.134375 0.1421875
2 0.57265625 0.70546875 0.140625 0.14375
2 0.51640625 0.653125 0.1015625 0.0921875
2 0.415625 0.65078125 0.1046875 0.1171875