4 0.715517240625 1 0.7672413796875001 0.988505746875 0.8965517234375 0.90229885 0.887931034375 0.8563218390625 0.962643678125 0.738505746875 1 0.6436781609375 0.9942528734374999 0.4942528734375 0.9712643671875 0.3678160921875 0.939655171875 0.2959770109375 0.8908045984375 0.22413793124999998 0.790229884375 0.12643678125 0.7586206890625 0.1178160921875 0.738505746875 0.0948275859375 0.5201149421875 0.0459770109375 0.3706896546875 0.089080459375 0.2672413796875 0.135057471875 0.186781609375 0.20114942500000002 0.07758620625 0.3505747125 0.063218390625 0.4454022984375 0.040229884375000004 0.5 0.037356321875 0.586206896875 0.063218390625 0.5948275859375001 0.0948275859375 0.7040229890624999 0.1810344828125 0.8678160921875 0.32471264375 0.9827586203124999 0.39080459843750004 1 0.715517240625 1
3 0.14453125 0.87734375 0.20234375 0.14765625
2 0.56171875 0.85546875 0.09921875 0.11875
2 0.68359375 0.80703125 0.09296875 0.1
2 0.753125 0.7640625 0.09296875 0.09921875
2 0.80546875 0.696875 0.0984375 0.09296875
2 0.84921875 0.61796875 0.0953125 0.0984375
2 0.8734375 0.43984375 0.0984375 0.08125
2 0.76484375 0.45 0.0921875 0.08828125
2 0.75625 0.53984375 0.0859375 0.10234375
2 0.70859375 0.3390625 0.10703125 0.09609375
2 0.85625 0.33671875 0.096875 0.0890625
2 0.80625 0.265625 0.08203125 0.08515625
2 0.6984375 0.1796875 0.121875 0.0890625
2 0.5953125 0.1875 0.08125 0.0875
2 0.64296875 0.2609375 0.09375 0.08828125
2 0.46796875 0.1828125 0.10078125 0.084375
2 0.3953125 0.215625 0.0953125 0.0875
2 0.4953125 0.3125 0.0984375 0.14375
2 0.5734375 0.2609375 0.0671875 0.0953125
2 0.38671875 0.33359375 0.0984375 0.10234375
2 0.278125 0.33828125 0.1078125 0.09921875
2 0.2109375 0.4046875 0.11484375 0.078125
2 0.1859375 0.52734375 0.11953125 0.10625
2 0.234375 0.6265625 0.10625 0.11875
2 0.31953125 0.50078125 0.1 0.06171875
2 0.41484375 0.42734375 0.075 0.06328125
2 0.5484375 0.5890625 0.09609375 0.0921875
2 0.384375 0.58046875 0.11875 0.09375
2 0.33359375 0.68125 0.103125 0.1
2 0.37109375 0.76796875 0.09609375 0.096875
2 0.46640625 0.82421875 0.103125 0.115625
2 0.49453125 0.71796875 0.1109375 0.115625
2 0.53203125 0.65078125 0.08359375 0.06953125
2 0.6265625 0.6171875 0.07734375 0.0984375