4 1 0.36460029843749997 0.9824624859375 0.3053891984375 0.8859382953124999 0.19117875 0.78998085 0.10569834375 0.720843909375 0.06854893906250001 0.638120578125 0.0420143875 0.4987157875 0.0269448078125 0.468499975 0.039612176562500004 0.438496046875 0.03388098125 0.236326328125 0.12984100781250002 0.1451147265625 0.25580238125 0.0919026484375 0.3557218796875 0.06918975468750001 0.4573390296875 0.07513799531250001 0.642315165625 0.12219769375 0.725886034375 0.1376962046875 0.7830627484375 0.188506071875 0.8527638515625 0.2141930859375 0.8436347671875 0.306328875 0.9102213562499999 0.475101940625 0.9862178171875 0.6590875625 0.9883366562499999 0.7217835874999999 0.9612327781250001 0.977660640625 0.7613197140625 1 0.7341921265625 1 0.36460029843749997
3 0.4515625 0.94765625 0.25 0.1046875
2 0.7671875 0.7421875 0.1515625 0.1546875
2 0.83359375 0.62890625 0.134375 0.1359375
2 0.86171875 0.55234375 0.134375 0.1359375
2 0.86171875 0.4671875 0.134375 0.134375
2 0.84765625 0.378125 0.1359375 0.1359375
2 0.75703125 0.22265625 0.128125 0.125
2 0.678125 0.29765625 0.1265625 0.1265625
2 0.7265625 0.3734375 0.13125 0.1328125
2 0.565625 0.24453125 0.14375 0.1421875
2 0.68046875 0.15234375 0.13125 0.1296875
2 0.596875 0.1265625 0.1171875 0.1171875
2 0.459375 0.12578125 0.1515625 0.1453125
2 0.3828125 0.1953125 0.1171875 0.11875
2 0.465625 0.2234375 0.128125 0.1265625
2 0.2796875 0.26953125 0.13125 0.128125
2 0.2421875 0.340625 0.1296875 0.128125
2 0.38125 0.35546875 0.165625 0.1734375
2 0.4109375 0.26640625 0.1109375 0.1171875
2 0.30859375 0.43828125 0.140625 0.140625
2 0.22578125 0.509375 0.1453125 0.1453125
2 0.21328125 0.603125 0.1390625 0.1328125
2 0.26953125 0.71484375 0.159375 0.1578125
2 0.36875 0.76328125 0.15625 0.159375
2 0.35859375 0.61171875 0.1171875 0.1109375
2 0.38828125 0.4953125 0.0984375 0.0953125
2 0.59296875 0.540625 0.1328125 0.13125
2 0.45859375 0.634375 0.1515625 0.146875
2 0.48046875 0.7453125 0.1421875 0.1421875
2 0.56328125 0.790625 0.1359375 0.1359375
2 0.6734375 0.77578125 0.153125 0.1546875
2 0.6296875 0.675 0.159375 0.159375
2 0.61796875 0.59921875 0.109375 0.10625
2 0.671875 0.5140625 0.121875 0.125