4 0.47816952187500006 0 0.4640460671875 0.0012356421875 0.3799153546875 0.073812446875 0.35527941093750004 0.084919071875 0.333114859375 0.10476073906250001 0.3047574171875 0.1123566984375 0.277037321875 0.146750678125 0.24831798906250002 0.169723315625 0.21209803749999998 0.22404220625 0.1888067046875 0.2797874921875 0.1698619203125 0.33643125625 0.15847115312499999 0.4013653875 0.174212315625 0.522748346875 0.2068133515625 0.6221962375000001 0.25296805624999996 0.7204583343750001 0.31381550625 0.8110412265625 0.3953142453125 0.8742423374999999 0.52941566875 0.9533013328125 0.5731032015624999 0.9648241843750001 0.6342180359375 0.9901673625 1 0.9581655874999999 1 0.4781695265625 0.9581655874999999 0 0.47816952187500006 0
2 0.425 0.62734375 0.1625 0.19375
2 0.5390625 0.653125 0.2015625 0.1875
2 0.6859375 0.7171875 0.1953125 0.1734375
2 0.86796875 0.76171875 0.13125 0.2140625
2 0.80859375 0.5984375 0.165625 0.1796875
2 0.72734375 0.44140625 0.1671875 0.134375
2 0.67734375 0.54765625 0.1875 0.171875
2 0.55078125 0.534375 0.121875 0.140625
2 0.37421875 0.51328125 0.1671875 0.1984375
2 0.33515625 0.39609375 0.1609375 0.1578125
2 0.5 0.3828125 0.175 0.165625
2 0.3234375 0.24765625 0.14375 0.134375
2 0.41640625 0.17734375 0.134375 0.1265625
2 0.48671875 0.2375 0.1484375 0.1296875
2 0.6015625 0.1234375 0.1328125 0.1390625
2 0.66015625 0.225 0.1 0.0796875
2 0.7203125 0.2984375 0.1203125 0.0859375
2 0.6546875 0.396875 0.125 0.1453125
2 0.9359375 0.4328125 0.128125 0.14375
2 0.94375 0.55234375 0.1125 0.1421875
2 0.9625 0.734375 0.075 0.215625
2 0.85859375 0.53046875 0.05 0.1140625
2 0.80859375 0.37890625 0.0796875 0.159375
2 0.8625 0.1796875 0.1015625 0.1375
2 0.93828125 0.13828125 0.0671875 0.09375
2 0.79140625 0.06640625 0.084375 0.1109375
2 0.86328125 0.10234375 0.146875 0.109375
2 0.52265625 0.0703125 0.1421875 0.1140625
2 0.71953125 0.10234375 0.11875 0.15625
2 0.89375 0.02109375 0.11875 0.0421875