4 0 0 0 1 0.40901360468750003 1 0.467687075 0.9694267515625 0.51020408125 0.9541401281249999 0.6369047625 0.8636942671875 0.712585034375 0.7936305734375 0.7653061218749999 0.698089171875 0.8027210890625 0.59617834375 0.8265306125 0.494267515625 0.831632653125 0.371974521875 0.81462585 0.3082802546875 0.7908163265625 0.253503184375 0.7627551015625 0.2 0.721938775 0.1490445859375 0.69132653125 0.1286624203125 0.6607142859375 0.0968152859375 0.6318027203125001 0.0917197453125 0.6079931968750001 0.07388535 0.58248299375 0.06496815312500001 0.4923469390625 0 0 0
2 0.5859375 0.6203125 0.146875 0.18203125
2 0.47421875 0.65625 0.18671875 0.17265625
2 0.33359375 0.7328125 0.1828125 0.1578125
2 0.15625 0.79296875 0.1140625 0.20546875
2 0.20078125 0.625 0.15234375 0.1671875
2 0.26875 0.46171875 0.1578125 0.1203125
2 0.32734375 0.56328125 0.17421875 0.15703125
2 0.45234375 0.5390625 0.11015625 0.13203125
2 0.6265625 0.50234375 0.15078125 0.1859375
2 0.65546875 0.38203125 0.1484375 0.1453125
2 0.48984375 0.38359375 0.1625 0.1515625
2 0.65390625 0.23359375 0.13359375 0.1234375
2 0.55546875 0.17109375 0.125 0.11640625
2 0.490625 0.2375 0.1390625 0.11796875
2 0.365625 0.13359375 0.121875 0.1296875
2 0.31640625 0.23984375 0.09375 0.071875
2 0.26328125 0.31875 0.1140625 0.07578125
2 0.33671875 0.4109375 0.1140625 0.13515625
2 0.059375 0.471875 0.11875 0.13359375
2 0.05625 0.59140625 0.1125 0.1328125
2 0.04453125 0.77578125 0.0890625 0.20859375
2 0.1453125 0.56171875 0.03984375 0.11171875
2 0.18203125 0.40625 0.06640625 0.15390625
2 0.1109375 0.2125 0.090625 0.13046875
2 0.03203125 0.178125 0.06015625 0.08828125
2 0.171875 0.09375 0.075 0.10546875
2 0.103125 0.1359375 0.1390625 0.09765625
2 0.43984375 0.07421875 0.13359375 0.103125
2 0.246875 0.12265625 0.10703125 0.146875
2 0.06328125 0.0390625 0.1125 0.0703125