4 0.2825938125 0 0 0.3030447609375 0 0.7174061875 0.09245758281250001 0.8036242781249999 0.15621954843750002 0.82127963125 0.19773997031249999 0.8390962296875 0.3520869109375 0.859357971875 0.4552192828125 0.8597304515624999 0.5589361234375 0.8258115890625 0.6558027156249999 0.7767956734375 0.7427189171874999 0.71850086875 0.8298539343750001 0.63254101875 0.86085533125 0.5743593687499999 0.8808000203124999 0.5180599 0.8967664234375 0.4597924375 0.9016667609375 0.39468933906250003 0.8931789875 0.35890526718750004 0.8925103015625 0.314736246875 0.8748408718749999 0.2912919640625 0.8695907171874999 0.26201065625000003 0.8570152484375001 0.238091115625 0.8354020859375 0.12910377343749999 0.6969552390625 0 0.2825938125 0
2 0.48046875 0.646875 0.23125 0.2328125
2 0.37421875 0.596875 0.2546875 0.253125
2 0.21953125 0.55703125 0.240625 0.240625
2 0.0796875 0.4796875 0.159375 0.228125
2 0.19609375 0.3875 0.225 0.2265625
2 0.35703125 0.3140625 0.196875 0.1953125
2 0.33046875 0.42890625 0.234375 0.234375
2 0.43828125 0.49609375 0.1703125 0.171875
2 0.590625 0.58828125 0.2375 0.2390625
2 0.69453125 0.51953125 0.2078125 0.2078125
2 0.571875 0.4078125 0.221875 0.221875
2 0.79453125 0.41015625 0.18125 0.18125
2 0.76484375 0.29765625 0.1703125 0.1703125
2 0.671875 0.3015625 0.1828125 0.18125
2 0.6515625 0.140625 0.178125 0.178125
2 0.54296875 0.184375 0.1171875 0.1171875
2 0.45078125 0.20625 0.134375 0.1328125
2 0.44140625 0.3234375 0.175 0.1765625
2 0.196875 0.17890625 0.178125 0.178125
2 0.11328125 0.2640625 0.1734375 0.1734375
2 0.04140625 0.39140625 0.0828125 0.2140625
2 0.1984375 0.303125 0.1046875 0.109375
2 0.33125 0.21484375 0.153125 0.1578125
2 0.41171875 0.0515625 0.1546875 0.103125
2 0.53671875 0.02109375 0.1265625 0.0421875
2 0.4578125 0.02265625 0.16875 0.0453125
2 0.74609375 0.14765625 0.16875 0.1671875
2 0.571875 0.0703125 0.178125 0.140625