4 0.32294071406249997 0 0 0.2615122328125 0 0.6770592859375 0.2615122328125 1 0.6770592859375 1 1 0.7384877671875001 1 0.32294071406249997 0.7384877671875001 0 0.32294071406249997 0
2 0.4078125 0.8046875 0.25625 0.26875
2 0.809375 0.515625 0.2484375 0.2578125
2 0.91875 0.34453125 0.1625 0.2390625
2 0.65859375 0.103125 0.2546875 0.20625
2 0.53125 0.11328125 0.25 0.2265625
2 0.2953125 0.26171875 0.1875 0.20625
2 0.13515625 0.196875 0.2234375 0.2
2 0.32578125 0.08046875 0.2296875 0.1609375
2 0.1078125 0.56640625 0.215625 0.2546875
2 0.2265625 0.56328125 0.2328125 0.2453125
2 0.084375 0.709375 0.159375 0.171875
2 0.1734375 0.81171875 0.175 0.184375
2 0.4421875 0.97109375 0.20625 0.0578125
2 0.62734375 0.9046875 0.2328125 0.190625
2 0.8078125 0.76328125 0.2453125 0.253125
2 0.71796875 0.60625 0.20625 0.2171875
2 0.9296875 0.675 0.140625 0.190625
2 0.9609375 0.57734375 0.078125 0.2390625
2 0.5515625 0.396875 0.2453125 0.2578125
2 0.19921875 0.37421875 0.203125 0.2171875