4 0 0 0 1 1 1 1 0 0 0
2 0.76328125 0.67890625 0.14765625 0.22578125
2 0.26953125 0.70703125 0.146875 0.2125
2 0.05390625 0.6625 0.1078125 0.2203125
2 0.10859375 0.26875 0.14921875 0.21953125
2 0.22109375 0.20625 0.1453125 0.21796875
2 0.50859375 0.1859375 0.075 0.20546875
2 0.59296875 0.03515625 0.23203125 0.06953125
2 0.35546875 0.04609375 0.2203125 0.0921875
2 0.94453125 0.1140625 0.11015625 0.20859375
2 0.8578125 0.296875 0.13828125 0.21640625
2 0.75234375 0.37734375 0.1296875 0.2109375
2 0.9546875 0.4015625 0.07734375 0.15859375
2 0.95 0.53671875 0.1 0.15546875
2 0.88984375 0.88984375 0.1296875 0.16640625
2 0.66953125 0.9125 0.1578125 0.175
2 0.4265625 0.8984375 0.1515625 0.203125
2 0.39765625 0.71953125 0.1125 0.18828125
2 0.25859375 0.92109375 0.10859375 0.1578125
2 0.13046875 0.9 0.1453125 0.18984375
2 0.3953125 0.45234375 0.1359375 0.221875
2 0.6546875 0.2125 0.103125 0.1953125