4 0.44303219687500006 0 0 0.1022820421875 0 0.5569678031249999 0.1022820421875 1 0.5569678031249999 1 1 0.8977179578125 1 0.44303219687500006 0.8977179578125 0 0.44303219687500006 0
2 0.796875 0.61484375 0.1953125 0.253125
2 0.321875 0.75390625 0.190625 0.240625
2 0.1015625 0.75859375 0.1546875 0.2390625
2 0.08203125 0.3625 0.1640625 0.246875
2 0.1625 0.2765625 0.190625 0.2453125
2 0.4375 0.1921875 0.11875 0.2171875
2 0.48515625 0.04296875 0.2421875 0.0859375
2 0.25703125 0.090625 0.2359375 0.1390625
2 0.84609375 0.06875 0.1546875 0.1375
2 0.803125 0.221875 0.1828125 0.2421875
2 0.71796875 0.3234375 0.1734375 0.234375
2 0.92109375 0.3015625 0.1109375 0.171875
2 0.93984375 0.43359375 0.1203125 0.1734375
2 0.9421875 0.7921875 0.115625 0.190625
2 0.7578125 0.8640625 0.19375 0.20625
2 0.5171875 0.89453125 0.19375 0.2109375
2 0.45 0.73671875 0.1515625 0.209375
2 0.359375 0.9375 0.140625 0.125
2 0.2296875 0.93203125 0.184375 0.1359375
2 0.3875 0.47734375 0.1828125 0.246875
2 0.5859375 0.18515625 0.14375 0.2140625