4 0 0.47060495625 0.0131810234375 0.5560991890625 0.0641848140625 0.6752264875 0.1810785359375 0.785572415625 0.289055021875 0.8585909624999999 0.39930459375 0.9138447375000001 0.47914932187500003 0.9406217703124999 0.56496733125 0.9496398062500001 0.58890750625 0.9621149750000001 0.6766866953124999 0.9586982453124999 0.7435123453125 0.9339268468749999 0.8387346062500001 0.86655578125 0.885542440625 0.8044396859375 0.9524534609374999 0.6517365265625 0.9805381625 0.6144668703125 0.985708146875 0.56827730625 0.9751416390625 0.53805468125 0.9806235296875 0.4865351109375 0.9577514984375 0.413649325 0.9358622421874999 0.40828468124999995 0.90675208125 0.441999075 0.8517405640625 0.47567306406250004 0.85031345625 0.4579025203125 0.8806712437499999 0.4028680890625 0.8798679500000001 0.3744375265625 0.8281079218749999 0.31039083437500004 0.7635980421874999 0.25343158125 0.543944875 0.107388715625 0.46913770625 0.07884270625 0.43030701562499996 0.0467991578125 0.202322115625 0.064211825 0 0.342522684375 0 0.3446044625 0.0067119843750000005 0.3926205671875 0 0.42662156875 0 0.47060495625
4 0.165625 0.44140625 0.153125 0.15
4 0.40390625 0.63203125 0.134375 0.1234375
4 0.325 0.72890625 0.16875 0.1625
4 0.47578125 0.853125 0.1625 0.153125
4 0.6421875 0.67578125 0.1453125 0.140625
4 0.73828125 0.7390625 0.1515625 0.146875
4 0.5859375 0.5109375 0.146875 0.1421875
4 0.39296875 0.3875 0.1828125 0.175
4 0.26796875 0.34296875 0.1078125 0.10625
4 0.1703125 0.3078125 0.1046875 0.1
4 0.28671875 0.2140625 0.1421875 0.134375
4 0.40703125 0.21484375 0.140625 0.1375
4 0.56640625 0.26796875 0.134375 0.1296875
4 0.57265625 0.3921875 0.1375 0.1296875
4 0.7046875 0.41484375 0.1296875 0.121875
4 0.77890625 0.58046875 0.109375 0.1140625
4 0.6640625 0.82578125 0.0875 0.0875