4 0.2544378703125 0.1933333328125 0.2455621296875 0.25555555625 0.2337278109375 0.26888888906249997 0.210059171875 0.20888888906249997 0.2071005921875 0.16444444375 0.1863905328125 0.15555555625 0.1242603546875 0.2 0.0976331359375 0.24444444375000002 0.0710059171875 0.262222221875 0.047337278125 0.30222222187500003 0.047337278125 0.34888888906250004 0.0088757390625 0.5111111109375 0.0088757390625 0.5888888890625 0.0443786984375 0.7 0.08284023593749999 0.76 0.1508875734375 0.81555555625 0.1775147921875 0.82 0.25147929062499996 0.8644444437500001 0.331360946875 0.8911111109375 0.452662721875 0.9133333328125 0.5828402359375 0.9199999999999999 0.74260355 0.902222221875 0.8550295859375 0.837777778125 0.9349112421875001 0.76 0.95857988125 0.7111111109375 0.9940828406250001 0.67555555625 1 0.3311111109375 0.8284023671874999 0.18 0.7781065093749999 0.18222222187499998 0.70118343125 0.16 0.437869821875 0.14444444375 0.35207100625 0.15111111093750001 0.2721893484375 0.1711111109375 0.2544378703125 0.1933333328125
4 0.80234375 0.6546875 0.115625 0.1015625
4 0.49765625 0.66328125 0.11796875 0.06640625
4 0.5015625 0.78828125 0.13359375 0.103125
4 0.30703125 0.796875 0.13515625 0.08984375
4 0.28046875 0.5546875 0.11328125 0.09140625
4 0.165625 0.54765625 0.121875 0.09140625
4 0.425 0.45703125 0.11171875 0.09453125
4 0.653125 0.475 0.14375 0.11171875
4 0.7796875 0.5140625 0.0796875 0.0734375
4 0.87890625 0.5453125 0.0859375 0.0609375
4 0.8421875 0.4 0.11796875 0.07890625
4 0.74609375 0.328125 0.10546875 0.09296875
4 0.58671875 0.275 0.10546875 0.0828125
4 0.50703125 0.3703125 0.11328125 0.07734375
4 0.3875 0.30859375 0.1109375 0.06875
4 0.22890625 0.396875 0.0671875 0.09140625
4 0.17265625 0.66171875 0.06328125 0.06171875