4 1 0.540899190625 0.9423662609375001 0.37933432031250003 0.8972991578125 0.3568940046875 0.8407942640625 0.3001649625 0.6180364765624999 0.1589027953125 0.5397630765625 0.123137503125 0.4602008125 0.10190250000000001 0.43390147187499994 0.11273240625 0.3959726421875 0.1628501453125 0.3791579859375 0.1687743484375 0.3875455046875 0.1048223828125 0.4065049671875 0.064516046875 0.392700959375 0.0467012140625 0.3168135875 0.05545189375 0.27197780312500003 0.08141474843749999 0.24007027500000003 0.0840544109375 0.1999768328125 0.107564415625 0.17735238281250001 0.1483800015625 0.06506626875 0.2716162296875 0.0273588546875 0.3396422078125 0.0045427062499999995 0.45403435156249994 0.009093348437499999 0.5251580578125 0.041675021875 0.6067380453125 0.062809003125 0.623534375 0.10595271718749999 0.6982650625 0.16289053125 0.76031565 0.25820990781250003 0.8385599109375 0.3688336625 0.9075020203124999 0.5171846437500001 0.9694080171874999 0.64675795625 0.967548859375 0.7543314421875 0.9382502781250001 0.7987343046875 0.9069658765625 0.8470235671875 0.8930804640625001 1 0.6279484625 1 0.540899190625
4 0.6890625 0.78203125 0.15 0.1453125
4 0.41875 0.64140625 0.1359375 0.115625
4 0.36171875 0.753125 0.1671875 0.1546875
4 0.1875 0.66640625 0.1625 0.14375
4 0.28125 0.44140625 0.14375 0.134375
4 0.184375 0.3796875 0.1515625 0.1390625
4 0.45546875 0.42578125 0.14375 0.1375
4 0.64609375 0.55234375 0.1796875 0.1671875
4 0.7375 0.64765625 0.1046875 0.103125
4 0.809375 0.7234375 0.1046875 0.0953125
4 0.84765625 0.578125 0.1421875 0.1265625
4 0.7984375 0.46875 0.1375 0.1328125
4 0.68515625 0.3453125 0.1328125 0.1234375
4 0.56875 0.38984375 0.1359375 0.121875
4 0.49453125 0.278125 0.1296875 0.1140625
4 0.31328125 0.278125 0.103125 0.1125
4 0.13515625 0.4828125 0.0859375 0.084375