4 0.34335286875 0 0.30705115312500003 0.0172964578125 0.2104470953125 0.10316652343749999 0.11907295 0.270349725 0.0921587734375 0.3478360140625 0.07198368125 0.4634185390625 0.0691539921875 0.544450228125 0.07846508437500001 0.647540684375 0.0966846875 0.7266030796875 0.12021166718750001 0.7923290625 0.2017762234375 0.9060557140625001 0.250236596875 0.951017590625 0.28352099218750004 0.9684060062500001 0.3927543078125 0.98303791875 0.40356613750000003 0.996937228125 0.49127244843750006 1 0.5421039671875 1 0.6201294468749999 0.988273684375 0.7605551937499999 0.987768759375 0.7817931312499999 0.980397353125 0.864747240625 0.915685421875 0.9217051109375 0.763526478125 0.9548614625 0.5997189671875 0.9539013734375 0.5347810359375 0.923807096875 0.3336082125 0.8748582484374999 0.210203125 0.795094259375 0.09113065000000001 0.7468225312500001 0.0407666625 0.66897029375 0.0055958 0.5087275484375 0 0.34335286875 0
2 0.2265625 0.61171875 0.090625 0.1234375
2 0.2890625 0.71171875 0.0984375 0.1390625
2 0.359375 0.796875 0.09375 0.1296875
2 0.4515625 0.8234375 0.096875 0.121875
2 0.5421875 0.8203125 0.09375 0.1296875
2 0.7234375 0.80859375 0.0875 0.146875
2 0.6234375 0.84921875 0.0703125 0.1609375
2 0.796875 0.70703125 0.0890625 0.1203125
2 0.83125 0.60546875 0.0734375 0.1109375
2 0.8453125 0.50078125 0.0875 0.1234375
2 0.8546875 0.409375 0.0734375 0.1125
2 0.83125 0.31015625 0.0671875 0.084375
2 0.796875 0.21328125 0.0734375 0.1125
2 0.73359375 0.121875 0.075 0.084375
2 0.65390625 0.084375 0.0828125 0.0859375
2 0.58984375 0.046875 0.05625 0.0640625
2 0.49921875 0.04296875 0.0609375 0.0859375
2 0.43203125 0.075 0.0625 0.078125
2 0.35703125 0.11015625 0.06875 0.0765625
2 0.2859375 0.140625 0.05625 0.0765625
2 0.259375 0.221875 0.071875 0.084375
2 0.2234375 0.3 0.0640625 0.0859375
2 0.23125 0.40703125 0.0796875 0.0703125
2 0.19765625 0.515625 0.0828125 0.1328125
2 0.31640625 0.5375 0.075 0.1015625
2 0.38125 0.47421875 0.0703125 0.0953125
2 0.38984375 0.375 0.065625 0.0859375
2 0.30078125 0.43828125 0.071875 0.078125
2 0.29921875 0.3453125 0.0734375 0.1015625
2 0.34140625 0.265625 0.06875 0.09375
2 0.38203125 0.1875 0.059375 0.08125
2 0.45078125 0.14765625 0.065625 0.078125
2 0.52890625 0.12109375 0.0765625 0.0859375
2 0.5875 0.1359375 0.0609375 0.09375
2 0.6609375 0.15859375 0.059375 0.075
2 0.7234375 0.25078125 0.0734375 0.0890625
2 0.61328125 0.2328125 0.0671875 0.0953125
2 0.5390625 0.209375 0.071875 0.0859375
2 0.459375 0.2328125 0.071875 0.0953125
2 0.5359375 0.2890625 0.0671875 0.0828125
2 0.478125 0.33671875 0.0625 0.0875
2 0.4046875 0.29921875 0.065625 0.075
2 0.47109375 0.4265625 0.0734375 0.0859375
2 0.60703125 0.3453125 0.0734375 0.0890625
2 0.665625 0.30078125 0.06875 0.0828125
2 0.74765625 0.32265625 0.0734375 0.0828125
2 0.765625 0.4203125 0.078125 0.096875
2 0.75078125 0.5171875 0.0828125 0.0921875
2 0.71953125 0.59453125 0.0890625 0.10625
2 0.6828125 0.48046875 0.0703125 0.096875
2 0.68671875 0.3859375 0.071875 0.0875
2 0.60546875 0.4453125 0.071875 0.1078125
2 0.53515625 0.46328125 0.078125 0.1125
2 0.61640625 0.54765625 0.0875 0.1046875
2 0.6453125 0.6640625 0.090625 0.1265625
2 0.553125 0.66484375 0.090625 0.121875
2 0.525 0.57578125 0.084375 0.1171875
2 0.44375 0.5359375 0.078125 0.1140625
2 0.37734375 0.6203125 0.08125 0.1171875
2 0.45703125 0.6703125 0.0921875 0.1203125