4 0.43439908281250006 0 0.3636343140625 0.028065584375 0.2205906828125 0.1539146078125 0.1687977578125 0.21752271093750003 0.1103078203125 0.31923446875 0.07993431250000001 0.3944115375 0.0534248640625 0.49446945937500003 0.043504759375 0.57499528125 0.043133278125 0.6448042015625 0.080882084375 0.77956901875 0.111042071875 0.8383937859374999 0.136371984375 0.8661174875000001 0.234013315625 0.91722698125 0.2394192703125 0.933985921875 0.3590558953125 0.98232225625 0.44588531875 0.99991386875 0.4461246359375 1 0.7137129437499999 1 0.8061418171874999 0.8918655296875 0.893324065625 0.749276959375 0.91463195625 0.6879268953125 0.9551577453125001 0.488593428125 0.9513678984375 0.3558890859375 0.9171394515625 0.2167166703125 0.8890043625 0.1528800984375 0.8278763328125001 0.093203265625 0.5971901546875 0 0.43439908281250006 0
2 0.2046875 0.5109375 0.125 0.14375
2 0.2296875 0.6265625 0.1375 0.1609375
2 0.26640625 0.73046875 0.13125 0.1515625
2 0.34375 0.7875 0.1296875 0.14375
2 0.4296875 0.815625 0.13125 0.1515625
2 0.6046875 0.86640625 0.13125 0.165625
2 0.49609375 0.8703125 0.1203125 0.171875
2 0.7078125 0.79609375 0.1234375 0.140625
2 0.775 0.7125 0.10625 0.1265625
2 0.82421875 0.61953125 0.121875 0.1421875
2 0.86484375 0.5359375 0.10625 0.128125
2 0.87578125 0.434375 0.090625 0.1
2 0.87734375 0.33203125 0.1046875 0.128125
2 0.84921875 0.225 0.096875 0.103125
2 0.78671875 0.16171875 0.10625 0.1078125
2 0.73984375 0.1046875 0.0734375 0.078125
2 0.65625 0.0703125 0.0859375 0.1
2 0.58125 0.07734375 0.084375 0.09375
2 0.49921875 0.08515625 0.0890625 0.09375
2 0.421875 0.0890625 0.078125 0.0890625
2 0.36953125 0.15625 0.09375 0.1015625
2 0.3078125 0.21796875 0.0890625 0.1
2 0.27890625 0.3203125 0.096875 0.0921875
2 0.2109375 0.4109375 0.1203125 0.15
2 0.31484375 0.47265625 0.103125 0.1171875
2 0.39765625 0.43515625 0.096875 0.1109375
2 0.43984375 0.3453125 0.0890625 0.1015625
2 0.33359375 0.3734375 0.0921875 0.0953125
2 0.3640625 0.2859375 0.1015625 0.1171875
2 0.43125 0.22578125 0.09375 0.109375
2 0.49609375 0.16640625 0.08125 0.09375
2 0.57421875 0.1515625 0.0859375 0.09375
2 0.65703125 0.15390625 0.1 0.1046875
2 0.70703125 0.1875 0.0875 0.10625
2 0.76796875 0.234375 0.0796875 0.0890625
2 0.7953125 0.3421875 0.0984375 0.1078125
2 0.69765625 0.2875 0.09375 0.1109375
2 0.6359375 0.23984375 0.0953125 0.103125
2 0.553125 0.23515625 0.0984375 0.1109375
2 0.60625 0.31484375 0.0890625 0.1
2 0.53515625 0.3390625 0.0875 0.1015625
2 0.47890625 0.278125 0.0859375 0.0921875
2 0.4984375 0.42109375 0.096875 0.103125
2 0.65390625 0.390625 0.0984375 0.10625
2 0.7234375 0.36953125 0.0921875 0.1
2 0.79375 0.41796875 0.0953125 0.1015625
2 0.7765625 0.515625 0.1046875 0.1140625
2 0.7296875 0.60234375 0.1078125 0.1125
2 0.67421875 0.6640625 0.1171875 0.128125
2 0.678125 0.54453125 0.0984375 0.1140625
2 0.71484375 0.45703125 0.0953125 0.1046875
2 0.6171875 0.484375 0.103125 0.1234375
2 0.5453125 0.47734375 0.1109375 0.1296875
2 0.59296875 0.584375 0.115625 0.125
2 0.58046875 0.70390625 0.1265625 0.146875
2 0.49296875 0.6734375 0.125 0.1421875
2 0.496875 0.5796875 0.1171875 0.1359375
2 0.43515625 0.5140625 0.1109375 0.13125
2 0.34375 0.5703125 0.1140625 0.1359375
2 0.4015625 0.6453125 0.1265625 0.1421875