4 0.34838709687499997 0 0.2693548390625 0.0324324328125 0.21935483906250003 0.08108108124999999 0.1354838703125 0.197297296875 0.0822580640625 0.31891891875 0.045161290625 0.5189189187500001 0.041935484375 0.583783784375 0.06935483906249999 0.7486486484375 0.12096774218749999 0.902702703125 0.20161290312500002 0.9702702703125 0.22258064531250002 0.978378378125 0.36290322656249996 0.983783784375 0.45 1 0.5790322578125 1 0.5903225812499999 0.9864864859375 0.7 0.975675675 0.7338709671875 0.9594594593749999 0.7838709671874999 0.916216215625 0.8693548390625001 0.8054054046875001 0.895161290625 0.740540540625 0.9161290328125 0.6621621625 0.9290322578125 0.559459459375 0.9290322578125 0.47837837812500006 0.9129032265625 0.3621621625 0.8887096781249999 0.283783784375 0.8032258062500001 0.11351351406250001 0.70967741875 0.024324325 0.6629032265625 0 0.34838709687499997 0
2 0.76953125 0.62109375 0.0859375 0.1203125
2 0.703125 0.71875 0.09375 0.1359375
2 0.63046875 0.8015625 0.08984375 0.1265625
2 0.5375 0.825 0.09296875 0.11796875
2 0.446875 0.81875 0.08984375 0.1265625
2 0.265625 0.80078125 0.0828125 0.14453125
2 0.36484375 0.84453125 0.06484375 0.15859375
2 0.19609375 0.696875 0.08515625 0.11796875
2 0.165625 0.59375 0.0703125 0.1078125
2 0.1546875 0.4890625 0.0828125 0.1203125
2 0.1484375 0.396875 0.06953125 0.11015625
2 0.17578125 0.2984375 0.06484375 0.08203125
2 0.21328125 0.203125 0.06953125 0.109375
2 0.2796875 0.1140625 0.071875 0.08203125
2 0.3609375 0.07890625 0.08046875 0.08359375
2 0.42578125 0.04375 0.05390625 0.06171875
2 0.51640625 0.04296875 0.05859375 0.08359375
2 0.5828125 0.07734375 0.06015625 0.0765625
2 0.65625 0.115625 0.06640625 0.075
2 0.7265625 0.1484375 0.05390625 0.07421875
2 0.75 0.23046875 0.06875 0.08203125
2 0.78359375 0.31015625 0.06171875 0.08359375
2 0.771875 0.41640625 0.078125 0.0671875
2 0.8015625 0.52578125 0.078125 0.1296875
2 0.68203125 0.54375 0.07109375 0.0984375
2 0.61953125 0.478125 0.0671875 0.09296875
2 0.6140625 0.37890625 0.0625 0.08359375
2 0.7015625 0.4453125 0.06953125 0.075
2 0.70625 0.35234375 0.06953125 0.0984375
2 0.66640625 0.27109375 0.06484375 0.09140625
2 0.62890625 0.1921875 0.05625 0.07890625
2 0.56171875 0.14921875 0.0625 0.0765625
2 0.484375 0.1203125 0.0734375 0.08359375
2 0.425 0.1328125 0.0578125 0.09140625
2 0.35078125 0.153125 0.05625 0.0734375
2 0.28515625 0.24296875 0.07109375 0.08671875
2 0.39609375 0.22890625 0.0640625 0.09375
2 0.47109375 0.2078125 0.06875 0.08359375
2 0.55 0.234375 0.06796875 0.09296875
2 0.47109375 0.28828125 0.0640625 0.08125
2 0.52734375 0.3375 0.06015625 0.0859375
2 0.60234375 0.30234375 0.0625 0.0734375
2 0.53125 0.42734375 0.07109375 0.0828125
2 0.3984375 0.34140625 0.07109375 0.0859375
2 0.34140625 0.2953125 0.06640625 0.08125
2 0.25859375 0.3140625 0.07109375 0.08046875
2 0.2375 0.4109375 0.07421875 0.09375
2 0.2484375 0.50859375 0.0796875 0.08984375
2 0.27734375 0.58671875 0.08515625 0.103125
2 0.31796875 0.47421875 0.0671875 0.0953125
2 0.3171875 0.3796875 0.06875 0.08515625
2 0.396875 0.44140625 0.06796875 0.10625
2 0.46640625 0.46171875 0.075 0.109375
2 0.38203125 0.54375 0.084375 0.1015625
2 0.34921875 0.65859375 0.0859375 0.12421875
2 0.44140625 0.66328125 0.08671875 0.11875
2 0.47265625 0.575 0.0796875 0.1140625
2 0.5546875 0.5375 0.07421875 0.11171875
2 0.61875 0.62421875 0.07734375 0.11484375
2 0.53671875 0.671875 0.08828125 0.11796875