4 0.36147388125 0.338132021875 0.3428171640625 0.338132021875 0.3101679109375 0.3458567421875 0.30317164218750003 0.3490168546875 0.2973414171875 0.3549859546875 0.27472015 0.36025280937500004 0.262126865625 0.366221909375 0.2374067171875 0.37324438125000003 0.2075559703125 0.3869382015625 0.201259328125 0.3925561796875 0.186100746875 0.399227528125 0.17840485 0.405547753125 0.161380596875 0.41292134843749995 0.1536847015625 0.419592696875 0.1434235078125 0.42485955000000003 0.1277985078125 0.4375 0.1119402984375 0.4564606734375 0.10261194062500001 0.4719101125 0.0844216421875 0.49543539374999995 0.0718283578125 0.5182584265625 0.061100746875 0.542837078125 0.056436567187499995 0.5582865171875 0.053404850000000004 0.5828651687499999 0.053638059375000005 0.6088483140625 0.058535448437500005 0.633778090625 0.06786380625 0.658707865625 0.07462686562500001 0.6832865171875 0.0827891796875 0.699087078125 0.0995802234375 0.721207865625 0.1068097015625 0.7278792140625 0.112639925 0.7356039328125 0.12873134375 0.7482443812499999 0.142024253125 0.756320225 0.1487873140625 0.7619382015625 0.1688432828125 0.7745786515625 0.18097015 0.780547753125 0.18959888125 0.786867978125 0.24883395468749997 0.8142556187500001 0.27751865625 0.824087078125 0.3129664171875 0.8318117984375 0.331389925 0.838132021875 0.3544776125 0.84234550625 0.41487873124999997 0.84831460625 0.45265858281250004 0.850070225 0.492770521875 0.8514747187499999 0.5597014921875 0.8514747187499999 0.6434235078125 0.8377808984374999 0.6751399250000001 0.834971909375 0.7227145515625 0.8184691015625001 0.74463619375 0.8125 0.75909515 0.806179775 0.7838152984375 0.79845505625 0.8078358203124999 0.787570225 0.8428171640625 0.7622893265624999 0.8708022390625001 0.736657303125 0.8798973875 0.730337078125 0.889225746875 0.7257724718749999 0.906016790625 0.713132021875 0.931902984375 0.688202246875 0.9416977609374999 0.6769662921874999 0.953358209375 0.6594101125 0.9580223875 0.64852528125 0.9682835828125 0.618679775 0.9717817171875 0.597612359375 0.97248134375 0.5842696625 0.9710820890624999 0.5695224718749999 0.9682835828125 0.5554775281250001 0.963152984375 0.5407303375 0.951725746875 0.5136938203125 0.938899253125 0.4901685390625 0.9258395515625001 0.469452246875 0.890625 0.44136235937499996 0.8570429109375001 0.42169943749999994 0.8304570890624999 0.4030898875 0.8171641796875001 0.3967696625 0.81040111875 0.3918539328125 0.77915111875 0.3823735953125 0.7374067171875 0.3658707859375 0.71875 0.3651685390625 0.694263059375 0.3581460671875 0.6728078359375 0.34971910156249997 0.6466884328125 0.346207865625 0.61637126875 0.33918539375 0.559001865625 0.33321629218750004 0.49067164218750003 0.3339185390625 0.4542910453125 0.33146067343749996 0.423740671875 0.335323034375 0.37873134375 0.335323034375 0.36147388125 0.338132021875
2 0.765625 0.65703125 0.1 0.05859375
2 0.83203125 0.6078125 0.09296875 0.0640625
2 0.7890625 0.5625 0.08828125 0.05625
2 0.86640625 0.5484375 0.09765625 0.0640625
2 0.77109375 0.51953125 0.09296875 0.05546875
2 0.84609375 0.49453125 0.09296875 0.05234375
2 0.80390625 0.45390625 0.090625 0.05703125
2 0.7390625 0.41796875 0.09609375 0.0546875
2 0.66015625 0.38828125 0.08828125 0.05
2 0.56875 0.36640625 0.08125 0.04765625
2 0.45234375 0.371875 0.08046875 0.04765625
2 0.49609375 0.39453125 0.08125 0.05
2 0.35546875 0.3953125 0.090625 0.05625
2 0.28671875 0.4234375 0.0984375 0.04453125
2 0.203125 0.4546875 0.090625 0.06171875
2 0.15703125 0.51953125 0.0875 0.06640625
2 0.17578125 0.5765625 0.0921875 0.06484375
2 0.221875 0.6375 0.08125 0.065625
2 0.25703125 0.5515625 0.08203125 0.0578125
2 0.25703125 0.50703125 0.0828125 0.07265625
2 0.33984375 0.51015625 0.08046875 0.0609375
2 0.325 0.453125 0.08359375 0.05625
2 0.41171875 0.43125 0.08828125 0.05078125
2 0.41328125 0.48359375 0.08671875 0.04296875
2 0.446875 0.534375 0.08125 0.0546875
2 0.3703125 0.58046875 0.08828125 0.05703125
2 0.29765625 0.6078125 0.09296875 0.0625
2 0.315625 0.67890625 0.0890625 0.078125
2 0.39609375 0.71484375 0.084375 0.08046875
2 0.48515625 0.7234375 0.09375 0.0875
2 0.45859375 0.6703125 0.096875 0.06640625
2 0.40625 0.628125 0.09296875 0.06796875
2 0.47890625 0.58828125 0.0953125 0.065625
2 0.50390625 0.509375 0.090625 0.075
2 0.49453125 0.453125 0.0859375 0.0578125
2 0.5875 0.4203125 0.08828125 0.04765625
2 0.5796875 0.47421875 0.0828125 0.05625
2 0.65859375 0.446875 0.08125 0.05546875
2 0.71953125 0.484375 0.09296875 0.04921875
2 0.64765625 0.521875 0.08671875 0.05
2 0.67890625 0.54375 0.08828125 0.06328125
2 0.56796875 0.54921875 0.08359375 0.05
2 0.603125 0.58359375 0.08984375 0.06875
2 0.70078125 0.609375 0.09296875 0.06875
2 0.6453125 0.64453125 0.09453125 0.06171875