4 0.266247671875 0.4281932125 0.2609446421875 0.433744065625 0.2577750171875 0.441462559375 0.23877394062500001 0.454819978125 0.229333715625 0.465071959375 0.20904425781249997 0.48084341249999996 0.186496921875 0.5047223875 0.18276330937500002 0.51229005 0.1712076484375 0.5241541203125 0.16643973437499998 0.532897065625 0.1534173203125 0.546111140625 0.148780940625 0.555179640625 0.141239925 0.5639068921875 0.13148787343749999 0.5814801421875 0.123887190625 0.6050007625 0.12102555 0.6228196968749999 0.11297252499999999 0.6514461640625 0.10984589375 0.6773248390625 0.10910675 0.7041324015625 0.11056966093750001 0.7202041046875001 0.11696602656249999 0.744128734375 0.1269157109375 0.7681325250000001 0.14079535 0.7894124171875 0.1587833109375 0.8090324375 0.1742612359375 0.8292878796875 0.1877481953125 0.8408802484375 0.2116031734375 0.8551002499999999 0.22080535937499998 0.8585776062500001 0.2291047796875 0.8635558 0.24875967812500002 0.8692478687499999 0.2641099140625 0.8717560499999999 0.2724850453125 0.874431459375 0.2958158125 0.8786383828125001 0.3092957125 0.8796300328125 0.3196637296875 0.8822576640625 0.384845125 0.8854611921875 0.41512404687500004 0.883831284375 0.45088436875 0.8777145562499999 0.47033394531250006 0.8766729968750001 0.49331887500000005 0.871930871875 0.55155788125 0.8548386671875001 0.5872444171875 0.8423138671875 0.6249616921875 0.8285898953125 0.68701900625 0.8035171125 0.7595149125 0.759457603125 0.787869596875 0.744971975 0.8257979609375001 0.7118490703125 0.8438872890625 0.6981026234375001 0.854925803125 0.6868261921875 0.8749521937500001 0.670403628125 0.8931461046875 0.6513131421875 0.91610985 0.614768859375 0.9324552359375 0.5805198671875 0.9385205125 0.571252753125 0.945459684375 0.563526059375 0.9562928734374999 0.545516003125 0.9709552765625 0.5127043796875 0.9758277718749999 0.49861739531250004 0.9800624906250001 0.47797150781250003 0.9803095125000001 0.46613203593749997 0.978643203125 0.43461585312500006 0.9739946249999999 0.4137720609375 0.9696450453125 0.40113884375 0.9628232828125001 0.38798965625 0.9549672250000001 0.37601575 0.944685821875 0.36426435 0.9239626140625001 0.3434772453125 0.9032573718749999 0.3264698734375 0.8833881671875 0.31215431250000003 0.8402151468750001 0.2993014265625 0.801712515625 0.2936503546875 0.7700913109374999 0.28635510468750003 0.7553987421875 0.2854747046875 0.7472866765624999 0.28345040625 0.7147607828125 0.28636684687499997 0.6698739875 0.2867034359375 0.6523127140625 0.2930412546875 0.6269781531249999 0.2957031015625 0.6039284203124999 0.295927021875 0.5783955984375 0.3024559625 0.54765535 0.30730184843749997 0.4922273 0.3232583515625 0.4291356875 0.349506415625 0.39448345156250003 0.3608559328125 0.3676045046875 0.3758814234375 0.3258725828125 0.3927422140625 0.3109240078125 0.401811421875 0.2936258 0.4088003515625 0.266247671875 0.4281932125
2 0.80546875 0.54609375 0.1140625 0.0921875
2 0.8484375 0.47578125 0.1109375 0.09375
2 0.79140625 0.45 0.103125 0.0859375
2 0.8578125 0.4078125 0.1140625 0.0953125
2 0.75859375 0.41640625 0.10625 0.0859375
2 0.81875 0.365625 0.10625 0.0828125
2 0.76484375 0.34375 0.1046875 0.0875
2 0.690625 0.334375 0.109375 0.0859375
2 0.60703125 0.33671875 0.1 0.0796875
2 0.5140625 0.35 0.09375 0.075
2 0.4078125 0.39921875 0.0921875 0.075
2 0.45703125 0.40390625 0.09375 0.0765625
2 0.3265625 0.45703125 0.1046875 0.0859375
2 0.2734375 0.50859375 0.1078125 0.078125
2 0.2078125 0.56953125 0.1078125 0.090625
2 0.1890625 0.646875 0.10625 0.09375
2 0.228125 0.6921875 0.109375 0.0953125
2 0.29375 0.73203125 0.1 0.090625
2 0.29375 0.6390625 0.0984375 0.084375
2 0.27734375 0.59765625 0.1046875 0.0984375
2 0.35546875 0.56953125 0.096875 0.0859375
2 0.3203125 0.521875 0.0984375 0.0828125
2 0.3921875 0.46953125 0.1015625 0.0796875
2 0.41328125 0.5171875 0.096875 0.071875
2 0.46328125 0.5515625 0.0953125 0.08125
2 0.41015625 0.6234375 0.103125 0.0859375
2 0.353125 0.67578125 0.109375 0.0921875
2 0.39609375 0.73515625 0.1125 0.10625
2 0.484375 0.73828125 0.1078125 0.10625
2 0.5703125 0.7125 0.1203125 0.115625
2 0.52578125 0.6734375 0.1140625 0.0984375
2 0.4609375 0.65390625 0.1109375 0.0984375
2 0.51328125 0.58984375 0.1125 0.096875
2 0.50703125 0.50703125 0.1125 0.103125
2 0.47734375 0.45859375 0.1015625 0.0859375
2 0.5515625 0.39296875 0.1 0.0765625
2 0.5640625 0.44609375 0.0984375 0.0828125
2 0.62734375 0.39140625 0.096875 0.08125
2 0.69765625 0.403125 0.1046875 0.0796875
2 0.6453125 0.46484375 0.0984375 0.078125
2 0.68203125 0.4734375 0.10625 0.0921875
2 0.58125 0.5203125 0.096875 0.078125
2 0.6265625 0.5390625 0.109375 0.096875
2 0.72734375 0.5265625 0.1125 0.0984375
2 0.6890625 0.5796875 0.1109375 0.0921875