4 0.25562762499999997 0.4911395234375 0.25194195937499997 0.4978737609375 0.250878028125 0.5061496140624999 0.23598155312500002 0.5239697296875 0.22951640312500002 0.5363156921875001 0.21400024375 0.55680104375 0.198401525 0.58570204375 0.19675378593749998 0.5939781734375 0.18866252187500002 0.6084288124999999 0.1863199125 0.618107875 0.1771612796875 0.634242140625 0.17502998125 0.644201621875 0.1700047 0.6545832578125 0.1651332328125 0.6740817296875 0.163879121875 0.69876810625 0.16572686875 0.716720521875 0.1653573171875 0.7464558421875 0.1690351171875 0.7722619546875 0.17525946875 0.7983473765625 0.18083219374999998 0.8134928203125 0.19320275781250001 0.8349467374999999 0.20902605468750002 0.85555745 0.227940396875 0.8725199328125001 0.25039346875 0.8868157906249999 0.2705864890625 0.9023750640625 0.28661421875 0.91008175 0.3133367640625 0.91764309375 0.3231254 0.9186202609375 0.332430475 0.9212807796875 0.352888865625 0.9216918328125001 0.36836521875 0.920141615625 0.377147421875 0.9205582203124999 0.40077204375 0.9185833484374999 0.41404928593749996 0.9160523546875 0.424744103125 0.9159070109374999 0.48853362968749997 0.9021311953125 0.5173589703125 0.8927200640624999 0.5503176640625 0.8775563046875 0.5688349374999999 0.871516315625 0.589809321875 0.8609868374999999 0.6416400953125 0.829403671875 0.672868984375 0.8080692890625001 0.7057490484375 0.7850509999999999 0.7592024984375 0.7447709359375 0.817824725 0.6834493984375001 0.8414640906249999 0.6621186234375 0.8695272390625 0.6203077703125001 0.883442346875 0.6023478609375 0.891186175 0.5885986875 0.9062797125 0.5675524953125 0.9189126984374999 0.544403571875 0.9316356171875 0.50316105 0.9385597562499999 0.4658485671875 0.9420198578125 0.4553274140625 0.9467227687499999 0.4460680109375 0.9525254796875 0.425867796875 0.958196 0.3903792921875 0.9592564890625 0.3755112171875 0.958003365625 0.35447279531250003 0.9551776890625 0.342972809375 0.9454111703124999 0.31296178750000003 0.9355262171875 0.294031371875 0.928055128125 0.2829543734375 0.918062553125 0.2720188359375 0.9073751078125 0.262486228125 0.8944025484375 0.25379627031249996 0.8690053687500001 0.23908102968749997 0.8446038078125 0.22801208125 0.821706490625 0.21932684062500002 0.7766779828125 0.21808590468750003 0.7380246921875 0.222592603125 0.7055928046875 0.2237301015625 0.6911730078125 0.22668241875 0.682813428125 0.22682665468750002 0.6521506593749999 0.23806203906249998 0.608880459375 0.2500047171875 0.59355791875 0.260671771875 0.56977555 0.26979998437499997 0.547569171875 0.2759819859375 0.524596175 0.2888968375 0.49615758125 0.30153376718749997 0.44674804375 0.33129240000000004 0.3925997234375 0.37297539375 0.36206570625 0.39290684531250003 0.3399915203125 0.4143771375 0.3040454734375 0.4414644265625 0.2919535421875 0.45409358437499997 0.277053625 0.4653214765625 0.25562762499999997 0.4911395234375
2 0.80703125 0.465625 0.115625 0.10625
2 0.8296875 0.3859375 0.1125 0.1078125
2 0.76875 0.37578125 0.1046875 0.0984375
2 0.821875 0.31796875 0.1171875 0.109375
2 0.728125 0.35234375 0.1078125 0.1
2 0.7734375 0.2875 0.10625 0.0984375
2 0.71484375 0.28046875 0.10625 0.1
2 0.64140625 0.290625 0.109375 0.1015625
2 0.5609375 0.3140625 0.1 0.09375
2 0.47421875 0.3515625 0.09375 0.0875
2 0.38515625 0.4265625 0.0921875 0.0859375
2 0.43359375 0.41796875 0.0953125 0.0890625
2 0.321875 0.503125 0.10625 0.1
2 0.28359375 0.5671875 0.1046875 0.0953125
2 0.2359375 0.6421875 0.109375 0.103125
2 0.2375 0.721875 0.109375 0.10625
2 0.2875 0.75625 0.1125 0.1078125
2 0.3609375 0.77734375 0.1046875 0.1015625
2 0.33671875 0.6875 0.1 0.0953125
2 0.31015625 0.6515625 0.109375 0.1078125
2 0.378125 0.6046875 0.1015625 0.096875
2 0.33203125 0.56796875 0.1 0.0953125
2 0.38828125 0.4984375 0.1015625 0.09375
2 0.42109375 0.5390625 0.0953125 0.0859375
2 0.478125 0.559375 0.0984375 0.0921875
2 0.44453125 0.6421875 0.1046875 0.0984375
2 0.403125 0.7078125 0.1125 0.10625
2 0.46015625 0.75390625 0.11875 0.115625
2 0.54609375 0.734375 0.115625 0.115625
2 0.62265625 0.6875 0.128125 0.1265625
2 0.56953125 0.6609375 0.1171875 0.1109375
2 0.50234375 0.65859375 0.115625 0.1109375
2 0.5359375 0.5828125 0.115625 0.109375
2 0.50859375 0.50546875 0.1171875 0.1140625
2 0.4671875 0.465625 0.103125 0.0984375
2 0.521875 0.38359375 0.0984375 0.090625
2 0.5484375 0.43125 0.1 0.0953125
2 0.59453125 0.3625 0.0984375 0.09375
2 0.665625 0.35546875 0.103125 0.0953125
2 0.63125 0.42890625 0.1 0.0921875
2 0.66953125 0.42734375 0.1078125 0.103125
2 0.58359375 0.4984375 0.096875 0.090625
2 0.6328125 0.5046875 0.1125 0.109375
2 0.7265625 0.46640625 0.115625 0.1109375
2 0.703125 0.528125 0.1125 0.10625