4 0.47710534843749997 0 0.3345444296875 0.0389202765625 0.29749721562500003 0.054875731250000004 0.18252544531249998 0.1347831171875 0.1180658953125 0.20693551875 0.0363395828125 0.33268748125 0.013109178125 0.3787545015625 0 0.427845890625 0 0.712945896875 0.009267671875 0.7459925796875 0.32294071406249997 1 0.6179532828125 1 0.6644852703125 0.9846234781250001 0.726221171875 0.94811138125 0.8557360609375 0.8502447406250001 0.915338446875 0.7741590859375 0.9571860875 0.70261885625 0.9757749531250001 0.6473866375 0.9936261843749999 0.3969211921875 0.941837271875 0.22252281406250002 0.9348749609375 0.20877501718749997 0.738159890625 0.04947829375 0.7097999625 0.037325982812500005 0.613819934375 0.0217782453125 0.5518667125000001 0 0.47710534843749997 0
2 0.7765625 0.7578125 0.1578125 0.1578125
2 0.62265625 0.784375 0.1640625 0.1640625
2 0.53828125 0.8125 0.209375 0.2109375
2 0.27890625 0.68359375 0.1875 0.1890625
2 0.3125 0.8359375 0.20625 0.21875
2 0.19609375 0.3984375 0.184375 0.1859375
2 0.2015625 0.30859375 0.1578125 0.15625
2 0.246875 0.1875 0.1796875 0.18125
2 0.3734375 0.23984375 0.184375 0.1890625
2 0.43203125 0.31640625 0.14375 0.15
2 0.515625 0.24921875 0.1703125 0.171875
2 0.48828125 0.11875 0.1734375 0.1765625
2 0.56484375 0.07109375 0.1484375 0.1421875
2 0.63046875 0.14296875 0.14375 0.153125
2 0.66171875 0.21484375 0.1328125 0.1359375
2 0.71328125 0.1734375 0.14375 0.14375
2 0.84921875 0.2625 0.1453125 0.14375
2 0.90390625 0.24453125 0.125 0.1234375
2 0.86484375 0.46875 0.1578125 0.1671875
2 0.890625 0.63203125 0.1453125 0.14375
2 0.721875 0.503125 0.1609375 0.1640625
2 0.7875 0.36953125 0.140625 0.1421875
2 0.66796875 0.31015625 0.146875 0.1546875
2 0.5546875 0.32578125 0.1421875 0.1484375
2 0.625 0.47734375 0.153125 0.1578125
2 0.640625 0.6140625 0.1765625 0.184375
2 0.54375 0.61796875 0.1609375 0.16875
2 0.50234375 0.5390625 0.1453125 0.15
2 0.4515625 0.68671875 0.2125 0.2171875
2 0.31875 0.52265625 0.1734375 0.178125
2 0.40234375 0.4515625 0.1921875 0.1953125
2 0.48203125 0.44140625 0.109375 0.1125