4 0.4015625 0 0.371875 0.0084033609375 0.2875 0.0567226890625 0.2109375 0.0840336140625 0.1734375 0.117647059375 0.08125 0.24579831875 0.0625 0.2815126046875 0.0234375 0.41596638593749996 0.01875 0.5126050421875 0.034375 0.66176470625 0.0453125 0.7121848734375 0.0734375 0.775210084375 0.1875 0.9390756296875 0.2734375 1 0.7375 1 0.84375 0.905462184375 0.871875 0.909663865625 0.878125 0.8823529406249999 0.8953125 0.8571428578125 0.903125 0.8193277312499999 0.9328125 0.77310924375 0.9578125 0.705882353125 0.996875 0.5483193281250001 0.9953125 0.451680671875 0.9828125 0.3697478984375 0.9625 0.31512605 0.81875 0.10924369687499999 0.66875 0.0063025203125 0.6546875 0 0.4015625 0
2 0.87734375 0.5265625 0.1140625 0.1109375
2 0.77421875 0.64375 0.11484375 0.11875
2 0.7265625 0.71875 0.14140625 0.15703125
2 0.44375 0.78203125 0.1265625 0.14140625
2 0.565625 0.87890625 0.109375 0.19296875
2 0.2 0.6125 0.12578125 0.13671875
2 0.14765625 0.5390625 0.1140625 0.109375
2 0.10625 0.41640625 0.11953125 0.13671875
2 0.23828125 0.37734375 0.11640625 0.14921875
2 0.33203125 0.4 0.0859375 0.12265625
2 0.3546875 0.2953125 0.11484375 0.128125
2 0.25078125 0.2109375 0.11328125 0.1359375
2 0.28046875 0.12421875 0.11015625 0.09921875
2 0.3765625 0.140625 0.07421875 0.13671875
2 0.44609375 0.1765625 0.0875 0.103125
2 0.46015625 0.11171875 0.103125 0.10078125
2 0.621875 0.0953125 0.10859375 0.09765625
2 0.653125 0.04765625 0.08984375 0.08671875
2 0.7640625 0.24609375 0.0875 0.14375
2 0.88671875 0.35703125 0.10859375 0.09765625
2 0.67421875 0.3625 0.10234375 0.12890625
2 0.64140625 0.21796875 0.09296875 0.1078125
2 0.5109375 0.246875 0.08359375 0.13125
2 0.4328125 0.33046875 0.08515625 0.12109375
2 0.5828125 0.40390625 0.09609375 0.12578125
2 0.68125 0.5 0.10390625 0.153125
2 0.6078125 0.5640625 0.08984375 0.14375
2 0.5265625 0.52890625 0.0890625 0.1203125
2 0.5796875 0.67578125 0.140625 0.16484375
2 0.3734375 0.63125 0.109375 0.13984375
2 0.39375 0.5234375 0.12890625 0.146875
2 0.44921875 0.465625 0.06796875 0.0890625