4 0.4429174578125 0 0.2784375046875 0.027640153125 0.263943690625 0.0328751328125 0.081860803125 0.2087105328125 0.0663428671875 0.235378075 0.039213998437499994 0.328747890625 0.0031113078125 0.4015785078125 0 0.4446852484375 0 0.45534446562499997 0.0221931328125 0.60803080625 0.0335147390625 0.6467463578125 0.0988149734375 0.77059940625 0.16257391875 0.8433716499999999 0.2774286125 0.9398140953125 0.3203211828125 0.9684855015625 0.3843336046875 0.994284778125 0.413305746875 1 0.7020131125 1 1 0.7122374078125 1 0.39338254687499996 0.9723406515624999 0.3300760859375 0.8909873890625001 0.1895996375 0.82273256875 0.121169009375 0.756825534375 0.070914734375 0.7042704203125 0.0457333140625 0.4706630609375 0 0.4429174578125 0
2 0.78984375 0.25703125 0.159375 0.159375
2 0.796875 0.41328125 0.165625 0.165625
2 0.81484375 0.5 0.2109375 0.2109375
2 0.65546875 0.7421875 0.1890625 0.1890625
2 0.81015625 0.72734375 0.2125 0.2140625
2 0.3625 0.7890625 0.1859375 0.1859375
2 0.2734375 0.77265625 0.1578125 0.1578125
2 0.15859375 0.71328125 0.18125 0.18125
2 0.2265625 0.59375 0.1875 0.1875
2 0.309375 0.54453125 0.146875 0.1484375
2 0.253125 0.45390625 0.171875 0.171875
2 0.1203125 0.46484375 0.1765625 0.1765625
2 0.08125 0.38203125 0.1484375 0.1484375
2 0.16171875 0.32734375 0.1484375 0.15
2 0.23671875 0.3046875 0.134375 0.134375
2 0.2015625 0.2484375 0.14375 0.14375
2 0.30625 0.12421875 0.1453125 0.1453125
2 0.29609375 0.06796875 0.125 0.125
2 0.51328125 0.13359375 0.1625 0.1640625
2 0.67890625 0.12890625 0.1453125 0.1453125
2 0.5296875 0.2796875 0.1625 0.1640625
2 0.40546875 0.19921875 0.1421875 0.1421875
2 0.33203125 0.31015625 0.1515625 0.153125
2 0.33359375 0.425 0.1453125 0.146875
2 0.49296875 0.3734375 0.15625 0.1578125
2 0.63046875 0.37421875 0.18125 0.1828125
2 0.621875 0.47109375 0.1640625 0.165625
2 0.5390625 0.50234375 0.146875 0.1484375
2 0.6796875 0.57109375 0.215625 0.215625
2 0.5 0.68203125 0.1765625 0.1765625
2 0.43984375 0.590625 0.1953125 0.1953125
2 0.43984375 0.5109375 0.1109375 0.1109375