4 0.43245872343749997 0 0 0.21830862343750002 0 0.57131564375 0.0470161625 0.6611734140625 0.112317771875 0.6907071593749999 0.203383728125 0.7781120546875 0.29043324843749996 0.8320640562499999 0.386362975 0.8705684859374999 0.47717166093749996 0.873452121875 0.52217404375 0.8996752359375 0.563877096875 0.9084643984375 0.6144892937499999 0.8799454750000001 0.7031032515625 0.8675630578125 0.7743876984375 0.83943398125 0.9070151937500001 0.763664734375 0.932522271875 0.737014625 0.9709404625 0.7174395796875 0.9945679578125001 0.7163236515625 1 0.7133237921875 1 0.427448115625 0.7822043062499999 0 0.43245872343749997 0
2 0.29140625 0.4546875 0.309375 0.290625
2 0.465625 0.23359375 0.28125 0.2640625
2 0.628125 0.34765625 0.325 0.328125
2 0.11953125 0.3265625 0.2390625 0.265625
2 0.30390625 0.11328125 0.21875 0.16875
2 0.48359375 0.06171875 0.2203125 0.1234375
2 0.6328125 0.090625 0.246875 0.18125
2 0.8203125 0.178125 0.1921875 0.2546875
2 0.7046875 0.05234375 0.203125 0.1046875
2 0.0203125 0.34375 0.040625 0.2125