4 0.1575456046875 0.9172749390625 0.17910447812500002 0.9075425796875001 0.222222221875 0.9075425796875001 0.2570480921875 0.9197080296875001 0.4096185734375 0.9270073 0.48590381406249994 0.9197080296875001 0.5704809281250001 0.8905109484375 0.628524046875 0.8929440390625001 0.6616915421875 0.8661800484375 0.6898839140625 0.8223844281250001 0.769485903125 0.7785888078125 0.8374792703124999 0.7007299265625 0.8905472640625 0.6131386859375 0.9320066328125 0.493917275 0.976782753125 0.43795620468749996 0.980099503125 0.13138686093750002 0.9751243781250001 0.0486618 0.9618573796875 0.0291970796875 0.8490878937499999 0.0218978109375 0.20066335 0.0243309 0.036484245312500004 0.026763990625 0.021558871875 0.0340632609375 0.021558871875 0.8807785890625001 0.026533996875 0.9026763984375 0.0845771140625 0.9148418484375 0.1575456046875 0.9172749390625
2 0.66484375 0.36484375 0.24375 0.20234375
2 0.409375 0.246875 0.221875 0.18359375
2 0.31640625 0.42265625 0.23984375 0.2453125
2 0.7765625 0.1640625 0.2140625 0.18984375
2 0.49921875 0.06640625 0.2015625 0.0859375
2 0.3015625 0.0765625 0.19375 0.10546875
2 0.1875 0.1796875 0.20546875 0.13984375
2 0.06875 0.35859375 0.09453125 0.23828125
2 0.0828125 0.134375 0.1234375 0.2046875
2 0.91953125 0.11171875 0.11015625 0.1828125