4 0.6872574625000001 0 0.15258218750000002 0.058225865625 0 0.0765526734375 0 0.3199550671875 0.06398202343750001 0.9287033593749999 0.0712188390625 0.94996116875 0.130215625 0.9559928171875001 0.2030387140625 0.9507852953124999 0.2234621765625 0.938852734375 0.2663437171875 0.9343457031250001 0.30225044375 0.9428042140624999 0.454748109375 0.9341155406249999 0.5298524703124999 0.918882278125 0.6109143359375 0.8810044250000001 0.6688938156249999 0.8773570296875001 0.6990820171875 0.8472727078125001 0.722542059375 0.8007700984375001 0.797130090625 0.748893721875 0.8566125140624999 0.6643541171875 0.90023401875 0.5716955953125 0.9290042375 0.4487936078125 0.9676855453125001 0.38845871875000004 0.938938903125 0.0832220984375 0.925343909375 0.00147025625 0.924098009375 0 0.6872574625000001 0
2 0.65 0.3484375 0.2640625 0.2265625
2 0.38359375 0.2578125 0.240625 0.20625
2 0.309375 0.4421875 0.2640625 0.26875
2 0.73984375 0.13671875 0.2328125 0.2109375
2 0.45390625 0.06875 0.209375 0.10625
2 0.25859375 0.1 0.203125 0.125
2 0.15546875 0.2140625 0.21875 0.1609375
2 0.0578125 0.4046875 0.115625 0.246875
2 0.059375 0.17890625 0.11875 0.2171875
2 0.8765625 0.08359375 0.128125 0.1671875