4 1 0.395038503125 0.98844555 0.3819620921875 0.9496123046875 0.35024937343749996 0.7847960375 0.23371343437499997 0.7116788171875 0.1847768984375 0.6579018999999999 0.1550343234375 0.6032917640625 0.11679589374999999 0.5565684984375 0.0931226875 0.437405446875 0.0582887328125 0.282438325 0.027773518749999997 0.22319630156249998 0.023593253124999998 0.033066334375 0.2951269859375 0.0693110078125 0.395108671875 0.07901853125 0.408688034375 0.0949417671875 0.4537480078125 0.1123788 0.5224748921875 0.11837027343749999 0.5300612078125 0.11889978906250001 0.5406051 0.132018084375 0.5735279140625 0.1362620765625 0.6013672203125 0.142480934375 0.6102430984375 0.141189796875 0.6217728499999999 0.1527179734375 0.634366353125 0.14786185000000002 0.6445302203125001 0.1549155015625 0.6505995875 0.1521074171875 0.6610671609375001 0.15862998125 0.6678950015625 0.1571114578125 0.6781351890625 0.16234445625 0.6851904156249999 0.1649951796875 0.7153051421875001 0.17394423125 0.728353415625 0.1737152703125 0.73836621875 0.181451078125 0.7483042765625 0.1769749796875 0.75308250625 0.16772065 0.7533846375000001 0.166202128125 0.7636248250000001 0.1687049359375 0.7665076546875 0.18235904375 0.764764896875 0.18167531406249998 0.7721985734375 0.194416734375 0.7879022921875001 0.20905197968749997 0.8218872859375 0.2243725265625 0.8371362343750001 0.23574806406249998 0.8564049406249999 0.24409128125000001 0.8622469234375 0.2655575140625 0.8671046203125 0.26365896875 0.8827304453125 0.257209578125 0.8951697359375 0.258877590625 0.9008590796875 0.27260644375 0.9070810859374999 0.2983977125 0.9025333890624999 0.3523304171875 0.9029960296875 0.3778943 0.8971587703124999 0.3914720875 0.8987536109375001 0.4191603296875 0.8898824546874999 0.4744589171875 0.886780109375 0.486368690625 0.882685609375 0.5019945171875 0.8845841546875001 0.524448184375 0.8799601390625 0.5484935453124999 0.8843630671874999 0.5478845625 0.8997615078125 0.553421265625 0.904768696875 0.5697308203125 0.8992335671875 0.5787593375 0.8863395078125 0.6003782125 0.884522003125 0.6105436546874999 0.8780757609375 0.6231355828125 0.8778499484375001 0.6278390671875 0.8743612828125 0.6548435796875001 0.8729238031250001 0.6654637906249999 0.8690566875 0.7163625984374999 0.86739496875 0.7541399625 0.8554151718749999 0.7913083421875 0.8588338140625 0.8095896140625 0.8569399890625 0.83576090625 0.8470066546874999 0.8729308609374999 0.8391229328125 1 0.6576493953125 1 0.395038503125
2 0.55703125 0.64765625 0.1859375 0.1921875
2 0.521875 0.77578125 0.196875 0.1984375
2 0.34453125 0.81640625 0.1453125 0.1640625
2 0.64296875 0.6484375 0.18125 0.1796875
2 0.6671875 0.75703125 0.203125 0.1984375
2 0.88671875 0.70390625 0.1875 0.1890625
2 0.7703125 0.61015625 0.209375 0.2109375
2 0.7015625 0.478125 0.19375 0.1953125
2 0.85078125 0.48671875 0.2078125 0.2078125
2 0.92734375 0.61171875 0.1453125 0.1859375
2 0.76875 0.34375 0.2046875 0.203125
2 0.55625 0.2921875 0.18125 0.1875
2 0.42109375 0.23984375 0.209375 0.20625
2 0.2421875 0.18515625 0.190625 0.1890625
2 0.1640625 0.3984375 0.2015625 0.20625
2 0.33671875 0.425 0.19375 0.1953125
2 0.44296875 0.4703125 0.1796875 0.1828125
2 0.253125 0.61875 0.2015625 0.2015625
2 0.29140625 0.7765625 0.121875 0.1359375
2 0.13671875 0.20859375 0.1484375 0.1703125