4 0.685485640625 0 0.6751050359375 0.001338290625 0.625090009375 0.0133127359375 0.5788582359375 0.0327122359375 0.39858655781249996 0.1235260546875 0.32105170625 0.165110415625 0.2695438390625 0.198629321875 0.21014340312500002 0.22889535468750002 0.1673059578125 0.25903565156249997 0.0806057375 0.34789683125000004 0 0.44694143124999997 0 0.6200393796875 0.0998957875 0.8160959015625 0.2051902203125 0.8310323125 0.2217374921875 0.828836203125 0.2689985921875 0.835931196875 0.337867021875 0.852800528125 0.3473781671875 0.8510719312499999 0.3569364625 0.8555544546875 0.39216425 0.8594280109374999 0.41873733281250003 0.86875055 0.42949384375 0.8674265968749999 0.43906785781249996 0.8739794953125 0.45559941249999997 0.8697130109375 0.4622937625 0.878772359375 0.4709641859375 0.87539375 0.47888818750000006 0.8827873703125 0.4879789703125 0.880233765625 0.49630761718749994 0.88638201875 0.50499375625 0.8850737828125 0.5328279218749999 0.896871340625 0.5485501875 0.895095590625 0.557283478125 0.8999984781249999 0.5696900031250001 0.8978338000000001 0.571807528125 0.9040292031250001 0.56772965 0.9123421328125 0.5760582953125 0.9184903859375 0.5797786796875 0.9176339453125 0.58465013125 0.90475990625 0.5908926875 0.9088535046875 0.6107399828125 0.904975946875 0.6476177828125 0.9080087812500001 0.6682743656250001 0.9016404890624999 0.690628115625 0.90064259375 0.6997031828125 0.8960186171875 0.7140700609375 0.8793456078125 0.7269755328125 0.8883578046875 0.73493096875 0.8998921734374999 0.7407374453125 0.9010903890625 0.75267645625 0.8918895859375 0.7607693453125 0.8669822343750001 0.7864977046875 0.819579678125 0.7933452265625001 0.7942676828125 0.801127771875 0.783027940625 0.8062938484375 0.75441591875 0.8295157546875 0.7041337000000001 0.831491825 0.6916957421875 0.8405040234375001 0.6787902703124999 0.8469626171875 0.6567940140624999 0.8621387859375 0.6376302703125 0.8754489015625 0.6453971000000001 0.8824693124999999 0.6428592140625 0.8852389546874999 0.625860146875 0.8780928078124999 0.61183504375 0.88663749375 0.5918934453125 0.885718184375 0.5798915640625 0.8914303578125 0.5686675390625 0.8905582000000001 0.5628767796874999 0.90196683125 0.5383583546875 0.9035382578125001 0.5271657640625 0.925966590625 0.4814446546875 0.9331244562500001 0.4424650484375 0.9535924343750001 0.411252271875 0.9605028250000001 0.3942217703125 0.9640188890625 0.3664504734375 0.9745082109375 0.3299301671875 0.8064003953125001 0 0.685485640625 0
2 0.65703125 0.51875 0.1765625 0.1875
2 0.753125 0.61015625 0.190625 0.190625
2 0.70625 0.7859375 0.1328125 0.165625
2 0.69765625 0.44296875 0.175 0.1734375
2 0.80546875 0.4734375 0.1984375 0.190625
2 0.86171875 0.2546875 0.18125 0.1828125
2 0.72421875 0.31328125 0.2015625 0.203125
2 0.575 0.31171875 0.1875 0.1890625
2 0.65234375 0.18359375 0.2 0.2
2 0.809375 0.15703125 0.18125 0.1796875
2 0.48828125 0.18984375 0.1984375 0.1953125
2 0.34296875 0.353125 0.1734375 0.1828125
2 0.2328125 0.44765625 0.203125 0.196875
2 0.1015625 0.5796875 0.184375 0.1828125
2 0.25234375 0.74921875 0.1921875 0.2015625
2 0.35703125 0.60859375 0.1859375 0.1890625
2 0.446875 0.53671875 0.171875 0.178125
2 0.4890625 0.77421875 0.1953125 0.19375
2 0.64609375 0.8140625 0.1109375 0.1390625
2 0.071875 0.68359375 0.134375 0.1734375