4 1 0.1861111109375 0.921296296875 0.1490740734375 0.8824074078124999 0.1351851859375 0.8324074078124999 0.1231481484375 0.7824074078125001 0.11944444375 0.58055555625 0.11851851875 0.49259259218749996 0.1203703703125 0.43148148124999997 0.1268518515625 0.3648148140625 0.1268518515625 0.3129629625 0.134259259375 0.19537037031249999 0.1740740734375 0.0509259265625 0.2379629625 0 0.26851851875 0 0.6 0.0870370375 0.6611111109375 0.102777778125 0.6666666671875 0.1416666671875 0.6944444437499999 0.19537037031249999 0.740740740625 0.2046296296875 0.74351851875 0.21111111093749999 0.7518518515625 0.240740740625 0.771296296875 0.2601851859375 0.7916666671875 0.2703703703125 0.7953703703125 0.2759259265625 0.8055555562500001 0.2925925921875 0.809259259375 0.29444444375 0.8203703703125 0.303703703125 0.821296296875 0.30740740781250003 0.83148148125 0.3166666671875 0.8333333328125001 0.321296296875 0.8425925921875 0.3296296296875 0.8453703703125001 0.3490740734375 0.86851851875 0.3638888890625 0.8740740734375001 0.36944444375 0.8824074078124999 0.38148148125 0.8861111109375001 0.38055555625 0.8925925921875001 0.3731481484375 0.8981481484374999 0.377777778125 0.9074074078125 0.38148148125 0.9083333328125001 0.3916666671875 0.8990740734375 0.3953703703125 0.9055555562500001 0.4148148140625 0.9111111109375001 0.44629629687500005 0.9305555562500001 0.4675925921875 0.934259259375 0.4879629625 0.94351851875 0.4981481484375 0.94351851875 0.51851851875 0.9351851859375 0.5259259265625 0.9490740734375 0.527777778125 0.9629629625 0.5324074078125001 0.9666666671874999 0.547222221875 0.9638888890624999 0.565740740625 0.9453703703125 0.6101851859375 0.9148148140625001 0.627777778125 0.8953703703125001 0.6398148140625 0.8888888890625 0.6574074078125001 0.865740740625 0.7009259265625001 0.83148148125 0.7083333328125 0.821296296875 0.722222221875 0.8138888890624999 0.7379629624999999 0.797222221875 0.7601851859375001 0.7870370375 0.76851851875 0.8 0.7759259265625 0.8009259265625 0.7861111109375 0.7870370375 0.7861111109375 0.771296296875 0.8027777781250001 0.7574074078125 0.8074074078125 0.746296296875 0.8175925921875 0.7388888890625 0.8194444437499999 0.7333333328125 0.840740740625 0.7166666671875 0.847222221875 0.7074074078125 0.8879629625 0.6768518515624999 0.9120370375 0.6453703703125 0.9444444437499999 0.6268518515625 0.9583333328125001 0.6148148140624999 0.9740740734375001 0.5916666671875 1 0.5638888890625 1 0.1861111109375
2 0.63125 0.58828125 0.12265625 0.1484375
2 0.67578125 0.71328125 0.140625 0.14296875
2 0.55390625 0.8484375 0.075 0.146875
2 0.70234375 0.5390625 0.13203125 0.12734375
2 0.784375 0.61484375 0.153125 0.1359375
2 0.93359375 0.4453125 0.1328125 0.1375
2 0.784375 0.43515625 0.14921875 0.15234375
2 0.65234375 0.36640625 0.1375 0.1421875
2 0.7796875 0.2875 0.1484375 0.14921875
2 0.93125 0.334375 0.13671875 0.13203125
2 0.63046875 0.21796875 0.15 0.1421875
2 0.4265625 0.29765625 0.12265625 0.1421875
2 0.2859375 0.33203125 0.15625 0.1421875
2 0.10859375 0.38984375 0.1390625 0.13359375
2 0.16640625 0.609375 0.13671875 0.15625
2 0.3234375 0.53203125 0.13515625 0.14375
2 0.4359375 0.50859375 0.1234375 0.1375
2 0.365625 0.7390625 0.146875 0.14296875
2 0.4875 0.84609375 0.0609375 0.12421875
2 0.03515625 0.46953125 0.0703125 0.159375