4 0 0.8787185359375 0.0129629625 0.897025171875 0.028703703125 0.9130434781250001 0.09351851875 0.9603356218749999 0.147222221875 0.9877955765624999 0.1824074078125 0.9946605640625 0.3138888890625 0.988558353125 0.353703703125 0.982456140625 0.5333333328125 0.9672006109375 0.6518518515625 0.9504195265625001 0.759259259375 0.9008390546875 0.8027777781250001 0.8665141109375 0.8370370375 0.8459191453124999 0.8518518515625001 0.8131197562500001 0.8768518515625001 0.7841342484375 0.9037037031249999 0.733791 0.9370370375 0.6926010671875 0.9638888890624999 0.6720061015625001 0.9703703703125001 0.6590389015625 0.972222221875 0.6392067124999999 0.9620370375 0.5484363078125 0.9666666671874999 0.504958046875 0.9638888890624999 0.479786421875 0.925 0.403508771875 0.871296296875 0.337147215625 0.8379629625 0.31273836718750003 0.821296296875 0.30663615625 0.7925925921875 0.2890922953125 0.7268518515625 0.265446225 0.6833333328125 0.26163234218750003 0.628703703125 0.2479023640625 0.5694444437499999 0.24256292968749998 0.5518518515624999 0.23798627031250003 0.503703703125 0.2364607171875 0.4824074078125 0.23112128125 0.46481481406249997 0.23112128125 0.4296296296875 0.23188405781250002 0.3796296296875 0.2402746 0.2759259265625 0.263920671875 0.16388888906250001 0.305110603125 0.0870370375 0.3440122046875 0.08518518593749999 0.3554538515625 0.0925925921875 0.362318840625 0.15092592656249998 0.38901601874999997 0.172222221875 0.4012204421875 0.1888888890625 0.41723874843750003 0.246296296875 0.43096872656249996 0.275 0.4469870328125 0.2925925921875 0.4485125859375 0.315740740625 0.46605644531249996 0.32685185156249996 0.47902364531249997 0.32685185156249996 0.4851258578125 0.30648148124999997 0.5163996953125001 0.30648148124999997 0.5217391296875 0.32777777812500003 0.5415713203125 0.3361111109375 0.555301296875 0.33148148125 0.5690312734375 0.28148148125 0.5987795578124999 0.26944444375 0.6231884062499999 0.1888888890625 0.688024409375 0.1759259265625 0.707093821875 0.125 0.721586575 0.075 0.745232646875 0.053703703125 0.76277650625 0.047222221875 0.773455378125 0.0120370375 0.8001525546874999 0 0.8146453093750001 0 0.8787185359375
3 0.7046875 0.646875 0.0859375 0.09609375
3 0.38515625 0.74296875 0.07265625 0.09609375
3 0.28125 0.7765625 0.12265625 0.075
3 0.36640625 0.5953125 0.05234375 0.06953125
3 0.5484375 0.46015625 0.09453125 0.06640625
3 0.659375 0.50703125 0.0984375 0.05234375
3 0.7109375 0.3765625 0.084375 0.07265625
3 0.3453125 0.3609375 0.065625 0.05234375
3 0.44296875 0.42265625 0.0703125 0.04921875
1 0.584375 0.58125 0.090625 0.075
1 0.4921875 0.61015625 0.0859375 0.04921875
1 0.78671875 0.53984375 0.09609375 0.08671875
1 0.5796875 0.4171875 0.0578125 0.04453125
1 0.3078125 0.31953125 0.0671875 0.0484375
1 0.34921875 0.45234375 0.04296875 0.03515625
1 0.41953125 0.46171875 0.06328125 0.04375