4 0.21711361093749998 0 0 0.361337728125 0 0.7828863890625 0.361337728125 1 0.7828863890625 1 1 0.638662271875 1 0.21711361093749998 0.638662271875 0 0.21711361093749998 0
0 0.584375 0.92265625 0.1296875 0.134375
0 0.10234375 0.60078125 0.128125 0.1296875
0 0.2140625 0.63984375 0.115625 0.1234375
0 0.22890625 0.73515625 0.078125 0.090625
0 0.78984375 0.63671875 0.0984375 0.0875
0 0.79375 0.709375 0.0875 0.0828125
0 0.85234375 0.809375 0.075 0.0953125
0 0.78125 0.784375 0.0640625 0.0703125
0 0.9859375 0.57265625 0.028125 0.0828125
0 0.86171875 0.43828125 0.0609375 0.065625
0 0.6546875 0.3859375 0.075 0.08125
0 0.24921875 0.16171875 0.0578125 0.0578125
0 0.128125 0.246875 0.0875 0.0859375
0 0.28984375 0.26171875 0.121875 0.109375
0 0.65546875 0.18125 0.06875 0.071875
0 0.77578125 0.42421875 0.0921875 0.0875
0 0.78984375 0.4921875 0.0828125 0.0765625
0 0.83515625 0.63359375 0.0875 0.0875
3 0.3765625 0.48984375 0.171875 0.1828125
3 0.65703125 0.70703125 0.125 0.125
3 0.61953125 0.521875 0.1 0.09375
3 0.50546875 0.57421875 0.18125 0.190625
3 0.27421875 0.30859375 0.134375 0.1234375
3 0.190625 0.371875 0.1171875 0.109375
3 0.18671875 0.16953125 0.065625 0.06875
3 0.23671875 0.12109375 0.14375 0.140625
3 0.34140625 0.178125 0.1078125 0.10625
3 0.39296875 0.2125 0.084375 0.084375
3 0.765625 0.2828125 0.1125 0.10625
3 0.7140625 0.19921875 0.0953125 0.1
3 0.878125 0.5125 0.11875 0.109375
3 0.5546875 0.03671875 0.078125 0.0734375
3 0.4828125 0.29765625 0.1 0.09375
3 0.62890625 0.45 0.071875 0.071875
3 0.90625 0.6484375 0.090625 0.09375