4 0 0.6986272812500001 0.026741721875000003 0.7221558265625 0.059621054687499994 0.74542395625 0.199433178125 0.8592312734374999 0.2963453859375 0.9294898515625001 0.40804929999999995 0.9684361000000001 0.4631980109375 0.9739753046875 0.502148525 0.9829590078124999 0.53558978125 0.9696563375 0.5737083015625 0.9661723671875 0.627995265625 0.948611328125 0.6805861921874999 0.94213705 0.7142082624999999 0.945975134375 0.7278784234375 0.9411497265625 0.74298713125 0.9281700484375 0.7987149437500001 0.855800059375 0.8322477578124999 0.8277404265625 0.847735271875 0.80770386875 0.8727478546875 0.7258198265625 0.880215253125 0.6407775906250001 0.8731930703125 0.6000640546875 0.8654430265625 0.5840968531249999 0.8569823 0.5515375875 0.8261183093750001 0.48886067187500004 0.7974630515625 0.455886690625 0.7677034296875 0.4080612421875 0.72878496875 0.3630554328125 0.71930913125 0.34754241874999997 0.6857339890625 0.3129985140625 0.6741238015625 0.2943639953125 0.6614687484374999 0.2821431515625 0.635628775 0.25825016562499997 0.593833225 0.22955289687499997 0.5028090828125 0.1745238125 0.3936034515625 0.126325903125 0.3112975328125 0.1009235921875 0.3020173859375 0.1078676203125 0.30257700625 0.11795149687499999 0.3259930765625 0.177677578125 0.3328344453125 0.20125035468750002 0.3336961921875 0.2243506 0.36545398125 0.27410565625 0.374974446875 0.3055675296875 0.38656975937500004 0.3188857625 0.39103415625000004 0.3475858140625 0.3900190453125 0.3646320625 0.3857800921875 0.36902162656250004 0.3494022421875 0.3773676953125 0.345693159375 0.3812085625 0.34723583593749996 0.410268296875 0.343692690625 0.4259336359375 0.3308247703125 0.43259414218750003 0.2741928859375 0.41926034999999995 0.2485783546875 0.42845697656250004 0.145592665625 0.419137503125 0.12302116406250001 0.42385006093750005 0.07632060625 0.398899153125 0.023927673437499998 0.3811757953125 0 0.379284934375 0 0.6986272812500001
3 0.5453125 0.74765625 0.128125 0.128125
3 0.2484375 0.5953125 0.11875 0.1203125
3 0.15078125 0.546875 0.140625 0.1390625
3 0.3375 0.47578125 0.0859375 0.0859375
3 0.5625 0.5046875 0.1140625 0.1140625
3 0.609375 0.615625 0.1078125 0.10625
3 0.7375 0.5578125 0.1109375 0.1109375
3 0.48515625 0.2921875 0.0828125 0.0828125
3 0.5125 0.4046875 0.084375 0.084375
1 0.50390625 0.6171875 0.1171875 0.1171875
1 0.41796875 0.5734375 0.0953125 0.0953125
1 0.67890625 0.728125 0.1296875 0.1296875
1 0.61484375 0.49609375 0.071875 0.071875
1 0.4875 0.23671875 0.08125 0.08125
1 0.425 0.3609375 0.0546875 0.0546875
1 0.46875 0.41640625 0.0765625 0.075