4 0.6816769500000001 1 0.6970829453125 0.9842364328125001 0.7220399578125 0.95261991875 0.84300850625 0.8189556171874999 0.9182427921875 0.725853275 0.9629817968750001 0.6163407359375 0.971399671875 0.561557503125 0.9824095749999999 0.523130540625 0.9708753140624999 0.4890389078125 0.9693910875 0.4507902890625 0.9546952765625001 0.39565865 0.9509822671875 0.3428009609375 0.9565747359375001 0.30942583749999997 0.95247138125 0.29552186874999997 0.9403002203125 0.2797545640625 0.8709459796875001 0.220315571875 0.844679775 0.185360184375 0.8254812296875 0.1688452625 0.7450184640625 0.1395814796875 0.6604835890625 0.1276735484375 0.6194583375 0.132555325 0.6031074109375 0.13945908906249999 0.5701499671875 0.1462042015625 0.5059436515625 0.1737456375 0.471515159375 0.2006358984375 0.42219775468750004 0.227851746875 0.375216790625 0.2643614484375 0.359229109375 0.2730124109375 0.3229753578125 0.30473365 0.303758746875 0.3153526734375 0.2908923390625 0.32735079218749996 0.2656797359375 0.351904890625 0.2348343875 0.3921412625 0.17511688281249999 0.48016065937499997 0.1212696453125 0.5866941453125001 0.0915945875 0.6675578109375 0.0980434140625 0.6771886625 0.108142759375 0.6771575578125 0.16901249062499998 0.6568994 0.1929110125 0.6513011125 0.21602470000000001 0.6516495203125 0.26737364218750004 0.6225392328125 0.2992906609375 0.6146784015625 0.3131974921875 0.6037960015625 0.34209185937500003 0.60083976875 0.359061621875 0.60274561875 0.36322332031250004 0.60720849375 0.36965407968749997 0.643973290625 0.373295565625 0.6478783046875 0.40239621249999996 0.6478586125 0.41785464843750003 0.6522167624999999 0.42383257343749997 0.6654156312499999 0.40755316874999997 0.7212720671875 0.41539663125 0.7473328078125 0.40070007656250006 0.8496896156249999 0.40422487343749997 0.8724768203125001 0.37686404218749997 0.917807546875 0.3564229390625 0.9692011078125 0.352812696875 0.9965559125000001 0.353528728125 1 0.6816769500000001 1
3 0.75 0.46796875 0.128125 0.128125
3 0.58203125 0.75625 0.11875 0.1203125
3 0.52890625 0.8515625 0.140625 0.1390625
3 0.4671875 0.6609375 0.0859375 0.0859375
3 0.50859375 0.4375 0.1140625 0.1125
3 0.62109375 0.39609375 0.1078125 0.1046875
3 0.5703125 0.265625 0.1109375 0.1109375
3 0.2921875 0.50390625 0.084375 0.0828125
3 0.40546875 0.48203125 0.084375 0.084375
1 0.6171875 0.5015625 0.1171875 0.1171875
1 0.56953125 0.5859375 0.096875 0.0953125
1 0.73671875 0.33359375 0.1296875 0.1296875
1 0.5015625 0.38515625 0.071875 0.071875
1 0.23671875 0.49921875 0.0828125 0.08125
1 0.35703125 0.56796875 0.0546875 0.0546875
1 0.41484375 0.5265625 0.0765625 0.075