4 0.347134659375 0 0 0.23414528437499998 0 0.652865340625 0.23414528437499998 1 0.652865340625 1 1 0.765854715625 1 0.347134659375 0.765854715625 0 0.347134659375 0
0 0.43828125 0.9265625 0.13125 0.1359375
0 0.90234375 0.5796875 0.1296875 0.13125
0 0.7921875 0.625 0.1171875 0.125
0 0.7828125 0.72109375 0.08125 0.090625
0 0.21796875 0.6515625 0.0984375 0.0890625
0 0.21796875 0.72421875 0.0875 0.084375
0 0.1640625 0.82734375 0.078125 0.09375
0 0.234375 0.79921875 0.065625 0.0703125
0 0.01640625 0.59921875 0.0328125 0.0828125
0 0.1359375 0.45703125 0.0625 0.065625
0 0.3390625 0.39453125 0.0765625 0.08125
0 0.7328125 0.14921875 0.059375 0.059375
0 0.85859375 0.228125 0.0875 0.0875
0 0.69765625 0.25078125 0.121875 0.1125
0 0.328125 0.18984375 0.06875 0.071875
0 0.2203125 0.4390625 0.0921875 0.0890625
0 0.21015625 0.50703125 0.084375 0.078125
0 0.17265625 0.6515625 0.0890625 0.0890625
3 0.62265625 0.48359375 0.175 0.184375
3 0.35390625 0.715625 0.1265625 0.1265625
3 0.38203125 0.52734375 0.1015625 0.0953125
3 0.4984375 0.57421875 0.184375 0.1921875
3 0.715625 0.296875 0.1359375 0.1265625
3 0.80234375 0.35546875 0.1171875 0.1109375
3 0.7953125 0.15390625 0.0671875 0.06875
3 0.74375 0.1078125 0.1453125 0.14375
3 0.64140625 0.1703125 0.109375 0.1078125
3 0.5921875 0.20703125 0.0859375 0.0859375
3 0.2234375 0.296875 0.1125 0.1078125
3 0.2703125 0.2109375 0.096875 0.1
3 0.12265625 0.53203125 0.11875 0.1109375
3 0.42109375 0.03828125 0.0796875 0.0765625
3 0.50625 0.296875 0.1 0.0953125
3 0.36875 0.45625 0.0734375 0.0734375
3 0.10234375 0.66953125 0.0921875 0.09375