4 0 0 0 1 1 1 1 0 0 0
0 0.78984375 0.81875 0.0875 0.1046875
0 0.2109375 0.79140625 0.090625 0.09765625
0 0.32734375 0.7671875 0.07421875 0.1
0 0.3890625 0.84140625 0.04296875 0.08046875
0 0.81875 0.46796875 0.08359375 0.0515625
0 0.859375 0.528125 0.06796875 0.05546875
0 0.96171875 0.58359375 0.03203125 0.09140625
0 0.8875 0.59921875 0.0390625 0.05859375
0 0.9734375 0.30078125 0.04140625 0.071875
0 0.778125 0.2609375 0.0390625 0.053125
0 0.57421875 0.32265625 0.04765625 0.065625
0 0.1109375 0.3390625 0.04296875 0.0421875
0 0.05078125 0.475 0.06484375 0.0609375
0 0.196875 0.40390625 0.1015625 0.0671875
0 0.46875 0.146875 0.04609375 0.05546875
0 0.87109375 0.0609375 0.0421875 0.05234375
0 0.69765625 0.29296875 0.07109375 0.059375
0 0.74453125 0.34375 0.06875 0.04765625
0 0.85625 0.4421875 0.0640625 0.0640625
3 0.3890625 0.5546875 0.11328125 0.1453125
3 0.74140625 0.596875 0.09140625 0.090625
3 0.61328125 0.45703125 0.08046875 0.0609375
3 0.54296875 0.5609375 0.12265625 0.14921875
3 0.2078125 0.45234375 0.1109375 0.07734375
3 0.16875 0.54921875 0.09296875 0.071875
3 0.06171875 0.378125 0.0453125 0.05234375
3 0.07890625 0.3109375 0.1078125 0.1
3 0.1984375 0.30546875 0.08046875 0.07578125
3 0.26015625 0.30859375 0.06171875 0.06171875
3 0.615625 0.17734375 0.0875 0.071875
3 0.52890625 0.13203125 0.0640625 0.078125
3 0.83046875 0.315625 0.09765625 0.06875
3 0.95546875 0.18828125 0.05234375 0.090625
3 0.94140625 0.065625 0.065625 0.06796875
3 0.30625 0.071875 0.05625 0.05859375
3 0.22421875 0.03046875 0.0703125 0.05859375
3 0.38125 0.33515625 0.07890625 0.06171875
3 0.584375 0.390625 0.053125 0.05234375
3 0.92421875 0.41796875 0.0640625 0.0703125