4 0.77702275 1 0.7773149187499999 0.9997433171875001 0.974071978125 0.6848662015625 0.9785823296875 0.637460315625 0.978381303125 0.5871104359375 0.9639435765625001 0.48091570624999996 0.9253672187499999 0.43606571718750003 0.9070107296875 0.40603416875000004 0.8985676640625 0.3811053828125 0.8576364359375 0.3435185625 0.8498809578125 0.32447858749999997 0.8454608625000001 0.28786981875 0.814735978125 0.2391913203125 0.7826383796874999 0.2049407 0.693415934375 0.14154550625 0.5868224375 0.0902241421875 0.544225571875 0.08325964062499999 0.529110925 0.0847332796875 0.495053125 0.07982908125 0.3978873078125 0.0868067140625 0.34999075625 0.08308159375 0.2581262671875 0.10429018125 0.2353570671875 0.1162663703125 0.1921751765625 0.15042591562500002 0.16567839374999999 0.18409315312500002 0.151744465625 0.21687587812500003 0.10551929687499999 0.2436746125 0.073920571875 0.295990440625 0.0489983515625 0.374314846875 0.103877459375 0.5276167921875 0.0987763390625 0.55500055 0.07630334375 0.5857229703125 0.07532283281249999 0.596028596875 0.08396118125 0.6101610921875 0.09603829375 0.6624728156249999 0.11763334218749999 0.68906888125 0.3039288875 0.80329559375 0.470003740625 0.8939686984374999 0.516331475 0.9141828234375 0.6825039687500001 0.99945778125 0.6844560875 1 0.77702275 1
3 0.2640625 0.49296875 0.1046875 0.090625
3 0.25 0.4265625 0.0828125 0.0734375
3 0.78125 0.77265625 0.165625 0.153125
3 0.36171875 0.734375 0.171875 0.1546875
0 0.6171875 0.47109375 0.0546875 0.0609375
0 0.59609375 0.3890625 0.071875 0.065625
0 0.43984375 0.54296875 0.0859375 0.0828125
0 0.59765625 0.88203125 0.065625 0.065625
0 0.74375 0.8453125 0.096875 0.0875
0 0.86640625 0.6015625 0.06875 0.065625