4 0.760283525 1 0.9637471296875001 0.709423859375 0.9707323328124999 0.6623189953125 0.973166690625 0.612027596875 0.964306553125 0.5052227921875 0.9281303281250001 0.45841533749999996 0.9113707265625001 0.4274642421875 0.9042439046874999 0.4021277421875 0.8653359125 0.362450259375 0.8585875390625001 0.3430304890625 0.85608945625 0.306240559375 0.827954315625 0.2560207578125 0.7976932437500001 0.22013721875 0.7119109234375001 0.1521593625 0.6081494609375 0.0953296609375 0.5659754671874999 0.08614535625 0.5508044109375 0.0868259359375 0.5170499515625 0.0801460125 0.41965211562500004 0.082028815625 0.37201616249999997 0.0758020875 0.2791675984375 0.0921737953125 0.25580281718750003 0.1029419234375 0.210892334375 0.1347946890625 0.18266985625 0.1670290515625 0.167039309375 0.19903760312500002 0.119474953125 0.22338037187499998 0.085181534375 0.273970753125 0.0561942859375 0.35088349218750003 0.1029749796875 0.5068474921874999 0.0964476953125 0.53392675 0.0723976125 0.5634309203125001 0.0708790890625 0.5736711078125001 0.0787659609375 0.5882363296875 0.0880887390625 0.6411084296875 0.1082622625 0.66879824375 0.28832433125 0.79261836875 0.44942612187500003 0.8918588953125001 0.4946324390625 0.9144699234375 0.64179101875 1 0.760283525 1
3 0.2640625 0.48125 0.1046875 0.09375
3 0.25390625 0.4140625 0.0828125 0.075
3 0.76640625 0.78671875 0.165625 0.15625
3 0.35 0.7265625 0.171875 0.1578125
0 0.61796875 0.4765625 0.05625 0.0609375
0 0.6015625 0.39375 0.071875 0.0671875
0 0.43828125 0.53984375 0.0875 0.084375
0 0.57734375 0.8859375 0.0671875 0.0671875
0 0.72578125 0.85703125 0.096875 0.0890625
0 0.8609375 0.62109375 0.06875 0.0671875