4 1 0.40555555625000006 0.978703703125 0.36296296250000004 0.9518518515625001 0.3203703703125 0.8833333328125 0.2379629625 0.8268518515625001 0.2203703703125 0.7953703703125 0.2046296296875 0.775 0.1879629625 0.7203703703125 0.177777778125 0.703703703125 0.165740740625 0.6805555562500001 0.13703703750000001 0.628703703125 0.1120370375 0.5833333328125 0.1 0.47407407343749997 0.09351851875 0.35648148125 0.10648148125000001 0.3166666671875 0.1231481484375 0.3046296296875 0.1324074078125 0.2731481484375 0.146296296875 0.19444444375 0.20370370312500002 0.1518518515625 0.2259259265625 0.08518518593749999 0.2925925921875 0.072222221875 0.3148148140625 0.053703703125 0.36666666718749996 0.0490740734375 0.409259259375 0.0546296296875 0.44444444375 0.0296296296875 0.4916666671875 0.030555556249999997 0.5527777781250001 0.0509259265625 0.6324074078125 0.178703703125 0.7333333328125 0.1888888890625 0.759259259375 0.1861111109375 0.797222221875 0.190740740625 0.80648148125 0.20555555625 0.8138888890624999 0.24351851875000002 0.8518518515625001 0.2759259265625 0.8629629624999999 0.49444444374999996 0.8611111109375 0.6833333328125 0.85 0.7333333328125 0.8425925921875 0.91944444375 0.8268518515625001 0.9851851859374999 0.8074074078125 0.99444444375 0.7953703703125 1 0.7768518515625 1 0.40555555625000006
3 0.29609375 0.61953125 0.09296875 0.04921875
3 0.24921875 0.5703125 0.071875 0.04140625
3 0.8828125 0.58203125 0.13359375 0.09765625
3 0.50703125 0.771875 0.1453125 0.09140625
0 0.58359375 0.41328125 0.03203125 0.0515625
0 0.52265625 0.3546875 0.059375 0.03984375
0 0.471875 0.56796875 0.0671875 0.05546875
0 0.78515625 0.771875 0.0484375 0.04765625
0 0.88984375 0.66328125 0.08203125 0.0515625
0 0.86484375 0.3921875 0.05234375 0.0453125