4 0.8283332281250001 1 0.9145721109375 0.9544587359375001 0.9875337140625 0.6112013828125 0.9500668250000001 0.5737032671875 0.898688175 0.539306428125 0.867623340625 0.5251305000000001 0.8162263328125 0.4952734953125 0.79163699375 0.48626042500000005 0.735040409375 0.4719585796875 0.6800828421875 0.46330614687500005 0.61616728125 0.46562355 0.5866313046875 0.4843360328125 0.5279224499999999 0.5066923890624999 0.4939936625 0.528257596875 0.44002948750000004 0.5728265671874999 0.40753062656249994 0.6143852390625 0.3942858828125 0.6766968640625 0.40856787031249997 0.6941210921875001 0.41198155156249994 0.7092351890625 0.3957413015625 0.7277446078125 0.3780527625 0.730800396875 0.368361446875 0.7363133375 0.3636238984375 0.7496948375 0.36709978906249996 0.78678355 0.3919308375 0.8481009609375001 0.41114823281249996 0.8779335828124999 0.4338711078125 0.9001811343749999 0.4537045375 0.9271155390624999 0.48153518906250004 0.9565070953125 0.509402559375 0.9768189843749999 0.54166274375 0.9942781484375001 0.5551076875 1 0.8283332281250001 1
3 0.74609375 0.63046875 0.084375 0.10625
3 0.8203125 0.67578125 0.115625 0.09375
3 0.52421875 0.6140625 0.1625 0.08125
3 0.49453125 0.725 0.1390625 0.0671875
3 0.72421875 0.89921875 0.121875 0.1484375
3 0.8640625 0.8890625 0.06875 0.0796875
0 0.646875 0.8015625 0.059375 0.0515625
0 0.696875 0.70859375 0.0484375 0.0453125
0 0.6375 0.625 0.05625 0.0453125
0 0.85234375 0.57578125 0.0703125 0.0859375
0 0.596875 0.83203125 0.0671875 0.05625
0 0.6109375 0.8953125 0.046875 0.053125