4 0 0.8583333328125 0.08101851875 0.9259259265625 0.0870370375 0.977777778125 0.1379629625 0.9888888890624999 0.1546296296875 0.9888888890624999 0.1675925921875 0.9851851859374999 0.22407407343750002 0.9940740734375 0.2768518515625 0.9903703703125 0.35648148125 0.9748148140625 0.3916666671875 0.96444444375 0.42314814843750004 0.9503703703124999 0.45648148125 0.9274074078125001 0.48148148125 0.9051851859375001 0.5083333328124999 0.8881481484375 0.5333333328125 0.8629629624999999 0.5703703703125 0.8081481484375 0.58148148125 0.7725925921875 0.5796296296875 0.75851851875 0.571296296875 0.7511111109375 0.5546296296875 0.74444444375 0.5425925921875 0.7229629625 0.5490740734374999 0.7088888890625 0.5666666671875 0.6948148140625 0.5666666671875 0.6311111109375 0.54351851875 0.5837037031250001 0.5 0.5288888890625 0.471296296875 0.500740740625 0.41851851875 0.46666666718750005 0.39351851875 0.442222221875 0.33148148125 0.4266666671875 0.2759259265625 0.423703703125 0.2175925921875 0.42592592656250006 0.1916666671875 0.4296296296875 0.1351851859375 0.4481481484375 0.10185185156250001 0.45555555625000005 0.04444444375 0.47851851874999995 0 0.5074074078125 0 0.8583333328125
3 0.23203125 0.5765625 0.065625 0.0953125
3 0.15 0.60546875 0.103125 0.0734375
3 0.45234375 0.60625 0.15546875 0.05
3 0.45859375 0.72109375 0.1328125 0.040625
3 0.19765625 0.84375 0.09609375 0.13203125
3 0.06328125 0.8046875 0.05546875 0.0703125
0 0.29375 0.7640625 0.05234375 0.04140625
0 0.2640625 0.66328125 0.04140625 0.03828125
0 0.33984375 0.59375 0.05 0.0359375
0 0.13984375 0.50078125 0.05546875 0.07578125
0 0.3359375 0.8046875 0.059375 0.04453125
0 0.309375 0.86328125 0.0390625 0.0453125