4 0.672617753125 1 0.7110580796875 0.9488888062499999 0.7302666359375001 0.917638634375 0.74424454375 0.8861143359374999 0.753650815625 0.8467451765625 0.7573598671874999 0.8135025812500001 0.7659146796875 0.7828742 0.7676411203125 0.74742969375 0.758486734375 0.6819117328125001 0.7429525875 0.6480540218749999 0.732159 0.6388340765625 0.7210096046875 0.6389053890625 0.7041629859375 0.645103265625 0.68084380625 0.6371937640625001 0.6762430921875 0.6223977328125 0.6798995437500001 0.6001669140625 0.6372734453125 0.5528258359375 0.5883492718750001 0.5330844015625 0.519330440625 0.5214686281249999 0.47916464375 0.519757003125 0.41714310625 0.529750259375 0.3822079578125 0.5283127609375 0.32569675781249996 0.5582636125 0.28242832500000004 0.593235621875 0.24056516718749998 0.633919675 0.2237767109375 0.6540198937499999 0.1941940984375 0.7055753218749999 0.17437912656250001 0.733384453125 0.14708232968749999 0.7888623140625 0.1333841109375 0.8400700796875 0.2773856578125 1 0.672617753125 1
3 0.35234375 0.7359375 0.1125 0.1140625
3 0.31015625 0.8125 0.125 0.1234375
3 0.5359375 0.6109375 0.1484375 0.140625
3 0.6171875 0.6921875 0.1265625 0.11875
3 0.5046875 0.93828125 0.159375 0.1234375
3 0.3796875 0.98671875 0.0875 0.0265625
0 0.5234375 0.834375 0.0671875 0.065625
0 0.43359375 0.77890625 0.05625 0.05625
0 0.44375 0.6765625 0.0609375 0.0609375
0 0.2328125 0.74140625 0.0921875 0.09375
0 0.58203125 0.8359375 0.0734375 0.0734375
0 0.6015625 0.89765625 0.059375 0.059375