4 0.31648565 0.121645759375 0.2844303 0.1176714171875 0.235248878125 0.122849396875 0.16656083593749998 0.1491346703125 0.1174726921875 0.18383586406250002 0.09485325156249999 0.224324453125 0.0711813578125 0.27853354218750004 0.0546970640625 0.2994587296875 0.041008185937500004 0.3560191953125 0.024571228125 0.4038865921875 0.0202695296875 0.45360657812499994 0.0236162359375 0.5202139156250001 0.050913271875 0.5968206015625 0.0813690640625 0.656626996875 0.12281438281249998 0.7024832640625001 0.1641232765625 0.7649577234375 0.2056145390625 0.813394996875 0.2302080390625 0.8595284124999999 0.3034817953125 0.9451764062500001 0.31909739843749996 0.9482957375 0.34006994375 0.936696990625 0.364751140625 0.91490880625 0.43096535625000004 0.8710552890625 0.5169604421875 0.7972193062499999 0.5354146125 0.7898325140625 0.54466396875 0.7752490171875001 0.6313453796874999 0.6914057015624999 0.6779582984375 0.6147750578125 0.7208611703125001 0.5239726484375 0.7570302703125 0.39481937500000003 0.7570288749999999 0.3704581703125 0.746033765625 0.28696347968749997 0.7355913421875 0.25880205312500004 0.735956078125 0.230727684375 0.704083096875 0.2127161578125 0.685123578125 0.191711896875 0.6340627671875 0.16415228906249998 0.5859797421875 0.158190775 0.4907311109375 0.17352664375 0.4507990484375 0.164121128125 0.3898471046875 0.1393721515625 0.31648565 0.121645759375
2 0.24921875 0.66953125 0.1390625 0.15625
2 0.09609375 0.3578125 0.1171875 0.1375
2 0.16171875 0.44609375 0.115625 0.1359375
2 0.23359375 0.4203125 0.134375 0.1328125
2 0.27265625 0.196875 0.1109375 0.1171875
2 0.30703125 0.26875 0.1140625 0.1328125
2 0.375 0.2203125 0.1125 0.121875
2 0.67109375 0.45234375 0.1171875 0.13125
2 0.6984375 0.35078125 0.1125 0.115625
2 0.58828125 0.41484375 0.1203125 0.1265625
2 0.57265625 0.2328125 0.109375 0.096875
2 0.48359375 0.27890625 0.0921875 0.078125
2 0.3625 0.64765625 0.115625 0.1453125
2 0.41484375 0.7359375 0.109375 0.1171875
2 0.5109375 0.68125 0.1125 0.0890625
2 0.43359375 0.515625 0.0953125 0.0671875
2 0.4515625 0.42734375 0.0890625 0.0953125
2 0.521875 0.37109375 0.0546875 0.059375
2 0.5734375 0.340625 0.053125 0.0609375
2 0.21796875 0.2734375 0.08125 0.0671875
2 0.690625 0.25 0.059375 0.06875
2 0.2734375 0.54765625 0.1328125 0.13125
2 0.1546875 0.59296875 0.1015625 0.103125
1 0.30625 0.73828125 0.1015625 0.121875
1 0.27421875 0.3109375 0.10625 0.1046875
1 0.190625 0.20078125 0.109375 0.1328125
1 0.12734375 0.221875 0.1 0.121875
1 0.50390625 0.23125 0.1015625 0.1046875
1 0.5828125 0.20234375 0.0859375 0.0765625
1 0.6453125 0.25625 0.0953125 0.0921875
1 0.67421875 0.390625 0.06875 0.09375
1 0.6046875 0.484375 0.0984375 0.1078125
1 0.5046875 0.58671875 0.115625 0.1421875
1 0.45078125 0.7328125 0.1296875 0.1125
1 0.20625 0.5125 0.11875 0.153125
1 0.24765625 0.58671875 0.0984375 0.1
1 0.26328125 0.365625 0.10625 0.0984375
1 0.121875 0.37109375 0.1328125 0.1375
1 0.47109375 0.34453125 0.1125 0.1140625
1 0.553125 0.3046875 0.090625 0.0984375
1 0.58671875 0.3828125 0.0703125 0.0828125
1 0.496875 0.4921875 0.0765625 0.078125
1 0.55234375 0.66796875 0.0796875 0.0859375
1 0.453125 0.62421875 0.14375 0.1390625
1 0.3609375 0.54921875 0.0578125 0.078125
1 0.2796875 0.41953125 0.0484375 0.0421875
1 0.278125 0.471875 0.05625 0.059375
1 0.38203125 0.2140625 0.0921875 0.08125
1 0.39765625 0.2828125 0.06875 0.0796875