4 0.290540025 0.135368725 0.2582855234375 0.1336401328125 0.209585103125 0.142236221875 0.1428979484375 0.1732489015625 0.0963500140625 0.2112897796875 0.0766100140625 0.25325759375 0.0567772203125 0.30898590000000004 0.041792746874999995 0.33100999999999997 0.0320826734375 0.3883875765625 0.0190248171875 0.4372849546875 0.0182018875 0.48718389687499997 0.026186734375 0.553395528125 0.058761087499999996 0.6279114578125 0.093314575 0.685447678125 0.13785770625 0.7283011640625 0.18342397187499998 0.787741875 0.2281929765625 0.8331668734375001 0.255944671875 0.8774723546875001 0.335014440625 0.957800396875 0.35080959843750004 0.9598228390625 0.37092196718750003 0.946789375 0.394023175 0.92333259375 0.4570170296875 0.87496703125 0.5376520984375001 0.7953121953125 0.5555460375 0.7866560984375 0.5637555703125 0.7714629234375 0.6443772156249999 0.68177725625 0.6855311046875 0.602081728125 0.7219954109375 0.50850775625 0.749067128125 0.3771460640625 0.747366384375 0.3528442984375 0.7305737640625 0.27031997812499997 0.7181923343750001 0.242955578125 0.7165978140625 0.21492415468749998 0.6835460515625 0.19917985 0.663167534375 0.179549303125 0.6103086453125 0.15561865156250002 0.56192689375 0.1530257625 0.467980059375 0.17496848125 0.42748917343750004 0.168371396875 0.36495930468750004 0.1479345 0.290540025 0.135368725
2 0.26171875 0.68671875 0.1328125 0.1515625
2 0.0875 0.38671875 0.1109375 0.134375
2 0.15859375 0.46953125 0.109375 0.1328125
2 0.22890625 0.4390625 0.1296875 0.128125
2 0.25234375 0.21328125 0.10625 0.1140625
2 0.29140625 0.2828125 0.1078125 0.1296875
2 0.35546875 0.2296875 0.10625 0.11875
2 0.6671875 0.440625 0.1125 0.1265625
2 0.6875 0.3375 0.109375 0.1109375
2 0.58203125 0.40859375 0.115625 0.1234375
2 0.553125 0.228125 0.10625 0.0921875
2 0.46796875 0.28046875 0.090625 0.075
2 0.37265625 0.65703125 0.109375 0.1421875
2 0.43125 0.74140625 0.1046875 0.1140625
2 0.5234375 0.6796875 0.109375 0.0828125
2 0.43515625 0.5203125 0.0953125 0.0625
2 0.446875 0.43125 0.0859375 0.0921875
2 0.51328125 0.36953125 0.053125 0.0578125
2 0.56171875 0.3359375 0.0515625 0.059375
2 0.203125 0.29375 0.0796875 0.0640625
2 0.67265625 0.2375 0.05625 0.0671875
2 0.2765625 0.56328125 0.128125 0.125
2 0.16171875 0.61640625 0.096875 0.1
1 0.3234375 0.75078125 0.0953125 0.1203125
1 0.26171875 0.3265625 0.1015625 0.1015625
1 0.1703125 0.2234375 0.103125 0.13125
1 0.10859375 0.24921875 0.0953125 0.1203125
1 0.48515625 0.23125 0.0984375 0.1
1 0.56171875 0.19765625 0.084375 0.0734375
1 0.628125 0.246875 0.09375 0.0890625
1 0.66640625 0.37890625 0.0640625 0.09375
1 0.603125 0.4765625 0.09375 0.1046875
1 0.51015625 0.5859375 0.109375 0.1390625
1 0.4671875 0.73515625 0.1265625 0.1078125
1 0.2078125 0.5328125 0.1125 0.15
1 0.2546875 0.6046875 0.0953125 0.096875
1 0.25390625 0.38203125 0.103125 0.09375
1 0.1140625 0.39765625 0.128125 0.1328125
1 0.46015625 0.346875 0.109375 0.109375
1 0.5390625 0.3015625 0.0859375 0.0953125
1 0.578125 0.37734375 0.0671875 0.08125
1 0.49609375 0.4921875 0.0734375 0.0765625
1 0.56328125 0.6640625 0.0765625 0.0828125
1 0.46171875 0.62734375 0.1390625 0.1328125
1 0.36484375 0.55859375 0.053125 0.0765625
1 0.275 0.43515625 0.046875 0.040625
1 0.2765625 0.4875 0.053125 0.0578125
1 0.3625 0.2234375 0.0890625 0.078125
1 0.3828125 0.290625 0.065625 0.078125