4 0.33888888906250003 0.20120481875000001 0.2731481484375 0.19879518125 0.1981481484375 0.207228915625 0.1666666671875 0.21445783125 0.12222222187500001 0.236144578125 0.0666666671875 0.28433735000000004 0.0324074078125 0.3337349390625 0.025 0.37951807187500003 0.021296296875000002 0.4385542171875 0.0129629625 0.46385542187500006 0.019444443750000002 0.521686746875 0.0203703703125 0.57228915625 0.0333333328125 0.620481928125 0.059259259375 0.6819277109375 0.1111111109375 0.7445783125000001 0.1601851859375 0.7903614453125 0.2148148140625 0.8192771078125001 0.275 0.8638554218750001 0.33055555625 0.8951807234375 0.36944444375 0.93012048125 0.4675925921875 0.98554216875 0.48333333281249996 0.9831325296875001 0.4990740734375 0.965060240625 0.5148148140625 0.936144578125 0.5620370375 0.8722891562499999 0.6175925921875 0.7734939765625 0.6324074078125 0.7602409640625 0.6361111109375 0.74337349375 0.6888888890625 0.634939759375 0.70648148125 0.5469879515625 0.715740740625 0.44698795156250004 0.70555555625 0.31325301250000004 0.6972222218749999 0.29036144531249997 0.6583333328125 0.21566264999999998 0.6388888890625 0.19277108437499998 0.6296296296875 0.1662650609375 0.5935185187500001 0.1602409640625 0.56851851875 0.1469879515625 0.5111111109375 0.1385542171875 0.46388888906250003 0.149397590625 0.3796296296875 0.19638554218749998 0.33888888906250003 0.20120481875000001
2 0.32265625 0.7453125 0.10078125 0.12890625
2 0.071875 0.5046875 0.08125 0.1171875
2 0.16328125 0.56484375 0.08125 0.115625
2 0.22265625 0.51640625 0.1046875 0.103125
2 0.1828125 0.29296875 0.0828125 0.0953125
2 0.23984375 0.3484375 0.08046875 0.1125
2 0.28671875 0.2796875 0.0828125 0.09921875
2 0.64453125 0.396875 0.0859375 0.1078125
2 0.63515625 0.2921875 0.0875 0.090625
2 0.55390625 0.38984375 0.09140625 0.1015625
2 0.4765625 0.22421875 0.090625 0.06953125
2 0.40859375 0.29765625 0.078125 0.05546875
2 0.42109375 0.6859375 0.07734375 0.12578125
2 0.50078125 0.75078125 0.08203125 0.09453125
2 0.571875 0.66640625 0.09765625 0.05859375
2 0.44296875 0.5375 0.0875 0.03984375
2 0.4296875 0.4484375 0.0671875 0.07734375
2 0.4765625 0.37109375 0.040625 0.04921875
2 0.5140625 0.325 0.0390625 0.05
2 0.1578125 0.38359375 0.0703125 0.04609375
2 0.59375 0.2 0.0421875 0.05703125
2 0.303125 0.62265625 0.1046875 0.10078125
2 0.20703125 0.70546875 0.078125 0.08125
1 0.39921875 0.78984375 0.06953125 0.1046875
1 0.2234375 0.39921875 0.0828125 0.08125
1 0.10703125 0.325 0.07421875 0.11484375
1 0.0546875 0.36640625 0.06875 0.1046875
1 0.41171875 0.24609375 0.07890625 0.08203125
1 0.47578125 0.1921875 0.071875 0.05546875
1 0.553125 0.22109375 0.0765625 0.0703125
1 0.6265625 0.3375 0.0421875 0.08515625
1 0.59296875 0.44921875 0.07265625 0.0875
1 0.53359375 0.5796875 0.078125 0.12265625
1 0.53359375 0.73515625 0.109375 0.08046875
1 0.228125 0.6125 0.078125 0.134375
1 0.29296875 0.66796875 0.0765625 0.078125
1 0.23125 0.4546875 0.0859375 0.07265625
1 0.10078125 0.5078125 0.10234375 0.109375
1 0.41953125 0.3640625 0.0875 0.0890625
1 0.4828125 0.2984375 0.06640625 0.08046875
1 0.54140625 0.36015625 0.04921875 0.0703125
1 0.49453125 0.49375 0.05859375 0.0625
1 0.60625 0.63984375 0.06015625 0.06953125
1 0.4984375 0.6328125 0.1140625 0.10625
1 0.3859375 0.59375 0.03515625 0.0703125
1 0.265625 0.5 0.03984375 0.03046875
1 0.28203125 0.54921875 0.04140625 0.0484375
1 0.29140625 0.271875 0.0765625 0.05859375
1 0.3296875 0.33125 0.04921875 0.06640625