4 0 0.5349634015625 0.0007352578125 0.5401950328125 0.013326968750000001 0.54995309375 0.028692181249999997 0.59275173125 0.029155231250000004 0.62265870625 0.034715800000000005 0.6622242109375 0.03981331875 0.671882740625 0.0626499703125 0.68135374375 0.099104221875 0.721188509375 0.1382728953125 0.7537251609375 0.2056208328125 0.7938291875 0.29745762343750004 0.8085888765625 0.31407106875 0.8270038921875 0.339976209375 0.8383491859375001 0.4261163109375 0.8458400953125 0.503895203125 0.8337562125 0.546758678125 0.81274611875 0.5661727625 0.8111704187500001 0.586540090625 0.8163773765625001 0.6001349390625 0.813313971875 0.617923965625 0.7935223203125 0.64400155 0.7794824140625 0.6584406640625 0.762467103125 0.7297648265625 0.7443737484375 0.773104921875 0.7267549828125001 0.9348404 0.6267888734375 0.924609034375 0.6005602875 0.941517471875 0.587809021875 0.955284765625 0.5593604171875 0.9817571390625 0.47494598281249994 0.97958280625 0.43951565937500003 0.9910033265625 0.40102193125 0.97177964375 0.264238328125 0.9667184499999999 0.26149131875 0.9630643609374999 0.23549112968750002 0.9576490953125001 0.2235717125 0.9378809359375 0.21597500625000002 0.9126248609375001 0.1826358375 0.897722696875 0.16974417343749998 0.8140654906250001 0.140001665625 0.7954956671875 0.1276254578125 0.758465 0.123607609375 0.744883721875 0.100155365625 0.7122424296875 0.0874512328125 0.68980975 0.067548515625 0.6486711281249999 0.067566315625 0.6159072890624999 0.060643262499999996 0.559058565625 0.068632828125 0.5357452953124999 0.0557704984375 0.4779297609375 0.08349305312500001 0.454212521875 0.0810624375 0.4256656125 0.09083830000000001 0.3202204015625 0.1056576578125 0.1940993015625 0.17295198437499998 0.1688160828125 0.19264410625 0.1430199171875 0.20203337656250003 0.12232127343750002 0.22108117656249998 0.0957307421875 0.2248182328125 0.08552213125 0.23201681562499998 0.07577656875 0.269122371875 0.053684389062500004 0.284907709375 0.051042621875000006 0.3060288671875 0.0192911015625 0.3462271578125 0.011855989062499999 0.3864663171875 0.0027958171875 0.4084895234375 0 0.42630658749999994 0 0.5349634015625
0 0.24765625 0.51640625 0.0890625 0.1015625
0 0.58125 0.46328125 0.090625 0.0890625
0 0.640625 0.365625 0.0859375 0.09375
0 0.7859375 0.24140625 0.0828125 0.0875
0 0.58125 0.215625 0.0765625 0.0734375
0 0.225 0.275 0.06875 0.06875
3 0.76171875 0.62421875 0.103125 0.1203125
3 0.875 0.384375 0.059375 0.0625
3 0.86640625 0.4375 0.096875 0.05625
3 0.65 0.66640625 0.0984375 0.0953125
3 0.1484375 0.6265625 0.11875 0.140625
3 0.05546875 0.5890625 0.0984375 0.171875
3 0.08671875 0.45546875 0.075 0.0625
1 0.41484375 0.4375 0.1546875 0.134375
1 0.715625 0.45078125 0.0890625 0.115625
1 0.940625 0.36171875 0.0890625 0.0890625