4 1 0.368740590625 0.9367818703124999 0.3064605171875 0.92518230625 0.28739591875000003 0.893319140625 0.2681046734375 0.8909216687500001 0.2411100265625 0.8667076093749999 0.21580136562500002 0.8547879484375001 0.18828291875 0.8174961734374999 0.17091311874999998 0.790727859375 0.150792103125 0.7358288828124999 0.1340078015625 0.7201357390625 0.112497959375 0.6560210125 0.11318922499999999 0.6355531171875 0.100963 0.6055493734375 0.0977584953125 0.5037206265624999 0.0666263234375 0.360976278125 0.07431461406249999 0.32973965 0.0814765875 0.30239230781250004 0.0790842265625 0.2755830171875 0.087599771875 0.24990446406250003 0.07974905 0.23761006718750002 0.0819588359375 0.213096103125 0.11146923906249999 0.186402615625 0.1164390546875 0.175082175 0.13446486562499999 0.12931699218749998 0.1574781171875 0.10557268906249999 0.190804965625 0.08805397499999999 0.2069357734375 0.0560951953125 0.254463171875 0.0475469609375 0.2697553953125 0.030525321875 0.3254306734375 0.037813353125 0.33959596875 0.033651478125 0.3848783265625 0.021431909375 0.41217894218750006 0.0097503921875 0.450387465625 0.0102884421875 0.461295371875 0.0269828578125 0.4795302 0.04318673125 0.5310389921875001 0.064935021875 0.577080609375 0.10902428906249999 0.64188966875 0.186018971875 0.6940783953125 0.1932933453125 0.7177892109374999 0.211976646875 0.739019525 0.286880296875 0.782212975 0.36247878125 0.8041320390625 0.4102055328125 0.8032053140625001 0.4284665890625 0.8099819921875 0.4447251 0.8233087015624999 0.45834086875 0.826277746875 0.48282751562500004 0.8158583859374999 0.5123953546875 0.8141547734374999 0.5326726171875 0.8048358984374999 0.6049608421875 0.8185806421875 0.6516863203125001 0.8209289343749999 0.840515946875 0.7986812375000001 0.842327859375 0.7705861046875 0.8630410265625 0.766175346875 0.8875413312499999 0.746210465625 0.94720853125 0.6808927140625001 0.9602114187499999 0.6478630234375 0.9868300765625 0.617802378125 1 0.5747255 1 0.368740590625
0 0.2640625 0.40859375 0.1015625 0.1109375
0 0.58984375 0.5015625 0.1 0.0984375
0 0.684375 0.4375 0.096875 0.103125
0 0.86875 0.38671875 0.0921875 0.096875
0 0.69375 0.2765625 0.084375 0.08125
0 0.3453125 0.1796875 0.075 0.0765625
3 0.68515625 0.7234375 0.1171875 0.1296875
3 0.8890625 0.55390625 0.0671875 0.06875
3 0.85859375 0.5984375 0.1 0.06875
3 0.56484375 0.7140625 0.109375 0.10625
3 0.128125 0.46640625 0.134375 0.1515625
3 0.059375 0.3921875 0.11875 0.178125
3 0.14453125 0.28515625 0.08125 0.0703125
1 0.44921875 0.4078125 0.1671875 0.1515625
1 0.71640625 0.54609375 0.103125 0.1234375
1 0.95390625 0.56015625 0.0921875 0.0984375