4 1 0.41210045624999997 0.996296296875 0.39497716875 0.9796296296874999 0.3401826484375 0.9675925921875 0.31963470312500003 0.9546296296874999 0.2808219171875 0.9175925921875001 0.245433790625 0.9120370375 0.2248858453125 0.8879629625 0.2123287671875 0.8731481484374999 0.1769406390625 0.8620370375 0.1712328765625 0.8351851859374999 0.1712328765625 0.8120370375 0.1552511421875 0.7851851859375001 0.1495433796875 0.7574074078125 0.13356164375 0.6231481484375 0.0844748859375 0.5166666671875 0.0844748859375 0.48703703750000005 0.0787671234375 0.46388888906250003 0.0844748859375 0.40277777812500004 0.06506849375 0.38148148125 0.081050228125 0.3240740734375 0.081050228125 0.2925925921875 0.09246575312500001 0.2518518515625 0.098173515625 0.23240740781250002 0.12100456562499999 0.2018518515625 0.138127853125 0.1916666671875 0.163242009375 0.15555555625 0.1723744296875 0.13888888906250002 0.1872146125 0.060185185937499996 0.2283105015625 0.047222221875 0.24315068437499998 0.0268518515625 0.279680365625 0.0083333328125 0.2899543375 0.004629629687499999 0.302511415625 0.004629629687499999 0.3287671234375 0 0.33219178125000004 0 0.470319634375 0.0166666671875 0.506849315625 0.019444443750000002 0.5422374421875 0.0574074078125 0.62214611875 0.075 0.6484018265625 0.09351851875 0.6586757984375 0.0870370375 0.686073059375 0.2611111109375 0.7625570781250001 0.30648148124999997 0.773972603125 0.3796296296875 0.7819634703125 0.396296296875 0.796803653125 0.4240740734375 0.807077625 0.44444444375 0.8242009124999999 0.4583333328125 0.8253424656250001 0.477777778125 0.8173515984374999 0.497222221875 0.8162100453125 0.5425925921875 0.8310502281250001 0.621296296875 0.83219178125 0.70555555625 0.8127853875 0.7296296296875 0.79794520625 0.74351851875 0.7773972609375 0.8324074078124999 0.75 0.89351851875 0.7009132421875 0.9277777781250001 0.663242009375 0.9583333328125001 0.6187214609375 0.9796296296874999 0.6061643828125 0.9833333328125 0.5958904109375001 0.9833333328125 0.5559360734375 0.9796296296874999 0.5262557078125 0.9888888890624999 0.481735159375 1 0.470319634375 1 0.41210045624999997
0 0.75234375 0.48125 0.07734375 0.0921875
0 0.4140625 0.475 0.08046875 0.07890625
0 0.3421875 0.38671875 0.075 0.084375
0 0.18046875 0.28359375 0.071875 0.07890625
0 0.3796875 0.2296875 0.06875 0.0640625
0 0.74140625 0.2390625 0.06015625 0.06171875
3 0.2578125 0.659375 0.0890625 0.10859375
3 0.1125 0.4375 0.05234375 0.05625
3 0.128125 0.4890625 0.09140625 0.04375
3 0.375 0.6859375 0.08828125 0.08359375
3 0.865625 0.5765625 0.1015625 0.12734375
3 0.95234375 0.5265625 0.07578125 0.1625
3 0.903125 0.3984375 0.06796875 0.053125
1 0.57578125 0.4265625 0.1390625 0.11640625
1 0.2796875 0.48125 0.075 0.10625
1 0.04453125 0.42421875 0.0796875 0.078125