4 1 0.466653409375 0.9420310234375 0.4299260546875 0.85297323125 0.3857724640625 0.81379470625 0.3489719890625 0.7652452140625 0.3184904109375 0.7232246953125 0.285344596875 0.6902034718750001 0.2671729359375 0.6655466328124999 0.24729514218749998 0.6279288046875 0.227191115625 0.608406521875 0.2314806875 0.582957859375 0.2569663546875 0.5510610234375 0.280487334375 0.542551203125 0.29052553125 0.5357798359375 0.3070765421875 0.5083664859375 0.339010384375 0.43966917343749995 0.401709890625 0.43273620937499996 0.42751874843750004 0.4175035 0.451330603125 0.3398277375 0.5509160671875 0.32803961406250004 0.5896051171875001 0.3255255 0.6275299796875 0.36676566875 0.6523275703125 0.43938556875 0.6832292984375 0.48965735312499997 0.721149475 0.5401230515625 0.74796023125 0.640844378125 0.8136169499999999 0.699577503125 0.8442762828125 0.789189409375 0.9097390859375001 0.8131305390625 0.917565515625 0.8892435015625001 0.9605670859375 0.939579925 0.9947841234375 0.9446168374999999 1 0.9873699546875001 1 0.98955615 0.9965825265625 0.9916662734375 0.9818022890625 1 0.5043634359375 1 0.466653409375
0 0.940625 0.6109375 0.040625 0.0640625
0 0.90390625 0.56015625 0.040625 0.0390625
0 0.77578125 0.49453125 0.03125 0.0390625
0 0.6859375 0.55859375 0.0953125 0.0640625
0 0.746875 0.59765625 0.034375 0.071875
0 0.840625 0.7171875 0.03125 0.0375
0 0.915625 0.69765625 0.0296875 0.0390625
0 0.878125 0.63828125 0.0328125 0.0390625
0 0.80234375 0.58359375 0.0328125 0.025
0 0.78515625 0.62734375 0.0265625 0.028125
0 0.80390625 0.54296875 0.0140625 0.028125
0 0.6796875 0.49296875 0.0234375 0.0328125
0 0.86328125 0.58515625 0.028125 0.0296875
3 0.73203125 0.72421875 0.06875 0.05625
3 0.6765625 0.690625 0.0328125 0.040625
3 0.75 0.65703125 0.0328125 0.0515625
3 0.94140625 0.8109375 0.0375 0.0453125
3 0.9703125 0.77734375 0.0484375 0.059375
3 0.7015625 0.44453125 0.0421875 0.0375
3 0.55390625 0.5390625 0.0625 0.05625
3 0.609375 0.53359375 0.0609375 0.065625
3 0.803125 0.77578125 0.071875 0.040625
3 0.74296875 0.753125 0.03125 0.0296875