4 0.48105945156249996 1 0.520126525 0.897432084375 0.5526859984375 0.8397306515625 0.6013987984375 0.729809528125 0.6291207109375 0.679838546875 0.65062936875 0.6206560343749999 0.6947032531249999 0.5551880328125 0.7157844328125 0.5119300171875001 0.6930205593750001 0.48149283593750003 0.6620626390625 0.45546574062499995 0.5426801328125 0.4142515953125 0.51693604375 0.402577621875 0.49706505781250004 0.38470845468750003 0.40530204531249997 0.3695394640625 0.364918859375 0.35768786874999997 0.3502255859375 0.347494975 0.33762145625 0.34371101406250004 0.298060075 0.3413569234375 0.262836540625 0.3338431796875 0.244127509375 0.3408782375 0.2235279828125 0.37822703125 0.2136752390625 0.4083270296875 0.19587830625 0.4415517140625 0.1786894375 0.4922361484375 0.154573865625 0.5442420984375 0.1417589640625 0.596443728125 0.091116584375 0.6819783937499999 0.062181509375 0.7450532187500001 0.23414528437499998 1 0.48105945156249996 1
0 0.19140625 0.8328125 0.06875 0.075
0 0.19453125 0.7703125 0.0546875 0.0546875
0 0.265625 0.64609375 0.046875 0.0484375
0 0.3765625 0.65078125 0.1125 0.103125
0 0.34609375 0.715625 0.0671875 0.078125
0 0.33203125 0.8671875 0.046875 0.0484375
0 0.259375 0.8921875 0.0453125 0.0484375
0 0.25859375 0.821875 0.0484375 0.05
0 0.29140625 0.734375 0.040625 0.0390625
0 0.33046875 0.7625 0.0375 0.0375
0 0.26875 0.7015625 0.028125 0.03125
0 0.3453125 0.5921875 0.0375 0.040625
0 0.24140625 0.76953125 0.0390625 0.0390625
3 0.42734375 0.81484375 0.0875 0.0828125
3 0.45625 0.75625 0.05 0.0515625
3 0.37578125 0.7671875 0.0546875 0.0609375
3 0.29921875 0.9859375 0.0546875 0.028125
3 0.25625 0.975 0.071875 0.05
3 0.30078125 0.5640625 0.0546875 0.053125
3 0.47578125 0.5625 0.08125 0.0796875
3 0.4265625 0.58828125 0.084375 0.0859375
3 0.39609375 0.89609375 0.08125 0.0734375
3 0.434375 0.8453125 0.0421875 0.0421875