4 0.0388888890625 1 0.051851851562499995 0.9870370375 0.102777778125 0.953703703125 0.17962962968750001 0.9120370375 0.20370370312500002 0.9046296296874999 0.29444444375 0.840740740625 0.353703703125 0.8111111109375001 0.45555555625000005 0.747222221875 0.50648148125 0.7212962968750001 0.5574074078125 0.684259259375 0.63055555625 0.6546296296875 0.672222221875 0.63055555625 0.6703703703125 0.5925925921874999 0.659259259375 0.553703703125 0.5833333328125 0.45277777812500003 0.56851851875 0.42870370312499995 0.5620370375 0.40277777812500004 0.49444444374999996 0.33888888906250003 0.4675925921875 0.30648148124999997 0.4611111109375 0.2898148140625 0.45277777812500003 0.2796296296875 0.42129629687500003 0.25555555625 0.396296296875 0.2296296296875 0.3768518515625 0.225 0.33888888906250003 0.24444444375000002 0.3138888890625 0.2638888890625 0.28055555625 0.28148148125 0.2379629625 0.3138888890625 0.1888888890625 0.34351851875 0.1490740734375 0.3796296296875 0.059259259375 0.42222222187499997 0 0.4583333328125 0 0.9731481484375 0.0018518515625 0.9879629624999999 0.009259259374999999 1 0.0388888890625 1
0 0.0578125 0.603125 0.03984375 0.0640625
0 0.0953125 0.553125 0.03984375 0.03828125
0 0.22421875 0.48984375 0.03125 0.03828125
0 0.31328125 0.55546875 0.09375 0.06171875
0 0.2515625 0.59296875 0.03359375 0.07109375
0 0.15546875 0.7109375 0.03125 0.03671875
0 0.08125 0.690625 0.02890625 0.0390625
0 0.11953125 0.63203125 0.0328125 0.03828125
0 0.19609375 0.578125 0.03203125 0.025
0 0.2125 0.62265625 0.02578125 0.028125
0 0.1953125 0.5375 0.0140625 0.028125
0 0.3203125 0.48984375 0.0234375 0.0328125
0 0.13515625 0.57890625 0.028125 0.02890625
3 0.2640625 0.7203125 0.06796875 0.0546875
3 0.3203125 0.6875 0.0328125 0.03984375
3 0.24765625 0.65234375 0.03125 0.0515625
3 0.053125 0.803125 0.03671875 0.04453125
3 0.025 0.76875 0.04765625 0.05859375
3 0.29921875 0.44140625 0.04140625 0.03671875
3 0.4453125 0.53828125 0.0609375 0.05546875
3 0.38984375 0.53203125 0.059375 0.0640625
3 0.1921875 0.7703125 0.07109375 0.03984375
3 0.25234375 0.74921875 0.03125 0.02890625