4 0.2546296296875 0 0.19351851874999998 0.0240740734375 0.15 0.053703703125 0.1074074078125 0.09351851875 0.059259259375 0.13055555624999998 0.037037037499999995 0.1546296296875 0 0.1861111109375 0 0.8175925921875 0.022222221875 0.8351851859374999 0.025 0.8425925921875 0.040740740625 0.852777778125 0.0731481484375 0.8953703703125001 0.1296296296875 0.9509259265625 0.1490740734375 0.9638888890624999 0.22685185156249998 1 0.7509259265625 1 0.765740740625 0.9925925921875001 0.8546296296874999 0.9324074078125 0.8953703703125001 0.8574074078124999 0.9675925921875 0.7879629625 0.990740740625 0.7620370375000001 1 0.746296296875 1 0.2759259265625 0.9666666671874999 0.2175925921875 0.9388888890624999 0.15555555625 0.9037037031249999 0.11851851875 0.8851851859375 0.0870370375 0.8361111109375001 0.034259259375000004 0.76944444375 0 0.2546296296875 0
0 0.32109375 0.70234375 0.059375 0.05859375
0 0.52578125 0.603125 0.04140625 0.0515625
0 0.7609375 0.5890625 0.05078125 0.0609375
0 0.3921875 0.37578125 0.05234375 0.05546875
0 0.44140625 0.446875 0.065625 0.0640625
0 0.21171875 0.57421875 0.04921875 0.0578125
0 0.17890625 0.396875 0.0578125 0.0515625
0 0.2359375 0.30234375 0.04609375 0.0546875
0 0.596875 0.33046875 0.04296875 0.0578125
0 0.640625 0.359375 0.03828125 0.05859375
0 0.47734375 0.55625 0.053125 0.06484375
0 0.321875 0.7703125 0.04921875 0.05078125
0 0.39921875 0.32421875 0.06171875 0.0515625
1 0.22578125 0.23203125 0.09765625 0.05234375
1 0.7765625 0.21171875 0.096875 0.10390625
1 0.88828125 0.49609375 0.09140625 0.065625
1 0.4078125 0.17578125 0.11640625 0.09140625
3 0.62421875 0.890625 0.08515625 0.0578125
3 0.49765625 0.67578125 0.15234375 0.05234375
3 0.4734375 0.73984375 0.05546875 0.07890625
3 0.3609375 0.2265625 0.071875 0.0625
3 0.2359375 0.46875 0.04296875 0.0578125
3 0.21171875 0.6359375 0.0671875 0.05625
3 0.74296875 0.48359375 0.06484375 0.0640625
0 0.7671875 0.42578125 0.06875 0.0578125
1 0.475 0.353125 0.08984375 0.09765625