4 0.25768964375 0 0.212407234375 0.036510923437499995 0.1562242390625 0.07335328906250001 0 0.379960621875 0 0.746536865625 0.039590909375 0.8182594421875 0.049428112499999996 0.8315852749999999 0.3799606203125 1 0.80640039375 1 1 0.6200393796875 1 0.23487575624999998 0.9891428484375 0.215086575 0.94562185 0.1658925546875 0.6200393796875 0 0.25768964375 0
0 0.5671875 0.76171875 0.0796875 0.0796875
0 0.43046875 0.58046875 0.0609375 0.0640625
0 0.22734375 0.4609375 0.0734375 0.078125
0 0.65234375 0.43828125 0.071875 0.0734375
0 0.5765625 0.47890625 0.0875 0.0875
0 0.7234375 0.696875 0.0703125 0.0734375
0 0.8328125 0.55390625 0.075 0.071875
0 0.825 0.44375 0.065625 0.0703125
0 0.490625 0.3046875 0.0640625 0.0703125
0 0.43828125 0.3109375 0.0609375 0.0703125
0 0.49453125 0.56015625 0.0765625 0.08125
0 0.5359375 0.821875 0.0671875 0.0671875
0 0.66953125 0.3890625 0.078125 0.0734375
1 0.865625 0.3859375 0.1109375 0.090625
1 0.384375 0.11796875 0.1328125 0.1359375
1 0.15546875 0.3203125 0.1109375 0.1
1 0.7296875 0.253125 0.1453125 0.134375
3 0.21171875 0.79140625 0.1015625 0.090625
3 0.42265625 0.6578125 0.159375 0.115625
3 0.41484375 0.72578125 0.0859375 0.0953125
3 0.74765625 0.31953125 0.0921875 0.0890625
3 0.74921875 0.5921875 0.0640625 0.0703125
3 0.6953125 0.75234375 0.0859375 0.08125
3 0.290625 0.375 0.0875 0.0859375
0 0.2953125 0.3125 0.0875 0.0828125
1 0.5890625 0.38046875 0.125 0.128125