4 0.2798583296875 0 0.2610098171875 0.006955496875 0 0.3180148828125 0 0.7331538296875 0.3180148828125 1 0.7331538296875 1 1 0.6819851171875 1 0.2668461703125 0.6819851171875 0 0.2798583296875 0
0 0.50703125 0.7703125 0.0828125 0.0828125
0 0.4140625 0.5625 0.065625 0.065625
0 0.24296875 0.40078125 0.078125 0.0796875
0 0.6625 0.47421875 0.075 0.0765625
0 0.57890625 0.496875 0.0921875 0.090625
0 0.6734375 0.7421875 0.075 0.0765625
0 0.8125 0.62734375 0.078125 0.0765625
0 0.8296875 0.51796875 0.0703125 0.071875
0 0.534375 0.3078125 0.0703125 0.071875
0 0.4828125 0.3015625 0.0671875 0.06875
0 0.48125 0.5578125 0.0828125 0.084375
0 0.4625 0.821875 0.0703125 0.0703125
0 0.68984375 0.43046875 0.0796875 0.0796875
1 0.88203125 0.47109375 0.1078125 0.103125
1 0.4734375 0.1015625 0.140625 0.1421875
1 0.2046875 0.24765625 0.1125 0.109375
1 0.77890625 0.3109375 0.1484375 0.1453125
3 0.15390625 0.71953125 0.103125 0.0984375
3 0.3890625 0.6359375 0.15 0.1375
3 0.36640625 0.70078125 0.09375 0.096875
3 0.78203125 0.3796875 0.0953125 0.09375
3 0.72265625 0.64609375 0.0703125 0.071875
3 0.63359375 0.7890625 0.0875 0.0859375
3 0.32421875 0.33125 0.090625 0.090625
0 0.34296875 0.27109375 0.0890625 0.0890625
1 0.61328125 0.40390625 0.13125 0.1328125