4 1 0.403029746875 0.9656897093750001 0.320703721875 0.9489008296874999 0.2987682484375 0.8988040093749999 0.26058353125 0.8599819140625 0.223188796875 0.833908903125 0.181820740625 0.8031390578125001 0.1521380359375 0.7270317656249999 0.1107621140625 0.6949244359375 0.0871449984375 0.6676156125 0.0590735296875 0.6126498812500001 0.03720059375 0.591539590625 0.0367860359375 0.5540158453124999 0.024271567187500002 0.5294093328125 0.0281744859375 0.467517621875 0.0280962171875 0.39383888749999996 0.016090115625 0.3870185171875 0.020098640625 0.36800049375 0.008272482812499999 0.3462722984375 0.014506215624999999 0.28512750625 0.059116218750000005 0.2236072890625 0.09389065625000001 0.19649787968750002 0.105298325 0.176689875 0.104746890625 0 0.32294071406249997 0 0.738487765625 0.32294071406249997 1 0.730804159375 1 0.7348095109375 0.9927717796875 0.754758325 0.9696083578125 0.837643109375 0.8437131984375 0.8766882140625001 0.7704842249999999 0.9021199140625 0.7493778671875 0.9150098078125 0.7216896875 0.9330736343750001 0.6993827203125 0.9598115484375 0.653122346875 1 0.60827241875 1 0.403029746875
0 0.61640625 0.95546875 0.0890625 0.0890625
0 0.23046875 0.221875 0.1015625 0.1015625
0 0.3796875 0.325 0.1015625 0.1046875
0 0.4234375 0.10546875 0.0546875 0.0546875
0 0.68359375 0.4359375 0.1046875 0.1046875
0 0.90234375 0.45390625 0.0859375 0.084375
0 0.8328125 0.325 0.1078125 0.10625
0 0.7234375 0.63515625 0.103125 0.10625
0 0.25625 0.5765625 0.0984375 0.1015625
0 0.25546875 0.7609375 0.1125 0.115625