4 0.8932501546875 1 0.9102779999999999 0.9757513156250001 0.9392312015625001 0.9086538078125 0.9745517796875 0.8481499093749999 0.97973013125 0.816754021875 0.9912597 0.7928775296875 0.9934183031250001 0.7753199359375 0.9884130203125 0.7437462921875 0.9898720734375 0.71321155 0.9776773750000001 0.562975840625 0.9633610796875001 0.48123205625 0.9704071624999999 0.4489427015625 0.9635179921875 0.41918830781249994 0.964018940625 0.39048897656250003 0.956607975 0.33757380000000003 0.9616038859374999 0.263575646875 0.9591335640624999 0.245937253125 0.9431158203125 0.20861498437499998 0.9195786828125 0.17764393125 0.8822194078125 0.1427273453125 0.7565826875 0.07200539218749999 0.72984804375 0.06505626875000001 0.6668623515625 0.0658089828125 0.6132476265625 0.0602428 0.56723309375 0.043696475 0.5247116265625 0.0392499921875 0.4392647015625 0.05350164843750001 0.3994236328125 0.0546583546875 0.3606214640625 0.049350725 0.303841553125 0.06595490000000001 0.2869511890625 0.078625015625 0.24967739843749998 0.0918654046875 0.232690078125 0.110090228125 0.1838705578125 0.1481328921875 0.11841922812500001 0.1840331140625 0.11551259843749999 0.191390915625 0.0932452796875 0.1937804390625 0.0799610984375 0.2120699015625 0.059243006249999994 0.28486755625 0.032173693749999996 0.3501458140625 0.017834449999999998 0.3758253984375 0.0018860312500000001 0.3875858875 0 0.49563655000000006 0 0.9169915062499999 0.0338020921875 0.9465613671875 0.07697463125000001 0.9667623531249999 0.08207687031250001 0.9927812890625001 0.4956365546875 1 0.8932501546875 1
0 0.8734375 0.78828125 0.059375 0.071875
0 0.11640625 0.44609375 0.0734375 0.071875
0 0.296875 0.4359375 0.0671875 0.0828125
0 0.196875 0.2359375 0.0359375 0.0421875
0 0.60546875 0.3359375 0.0734375 0.0765625
0 0.78828125 0.215625 0.0625 0.0609375
0 0.6546875 0.15703125 0.0828125 0.071875
0 0.759375 0.46953125 0.065625 0.0859375
0 0.3546875 0.7109375 0.0640625 0.08125
0 0.46796875 0.85546875 0.0703125 0.0953125