4 0.897222221875 1 0.91851851875 0.9685185187500001 0.946296296875 0.9009259265624999 0.98055555625 0.8398148140625 0.9851851859374999 0.8083333328125001 0.996296296875 0.784259259375 0.9981481484374999 0.7666666671875 0.9925925921875001 0.7351851859375 0.99351851875 0.7046296296875 0.978703703125 0.5546296296875 0.9629629625 0.4731481484375 0.9694444437499999 0.440740740625 0.9620370375 0.41111111093749997 0.9620370375 0.38240740781250004 0.953703703125 0.3296296296875 0.9574074078124999 0.25555555625 0.9546296296874999 0.2379629625 0.9379629625 0.2009259265625 0.9138888890624999 0.1703703703125 0.8759259265624999 0.1361111109375 0.7490740734375 0.0675925921875 0.722222221875 0.061111110937500004 0.659259259375 0.0629629625 0.60555555625 0.058333332812500006 0.559259259375 0.0425925921875 0.5166666671875 0.0388888890625 0.43148148124999997 0.0546296296875 0.3916666671875 0.05648148125 0.352777778125 0.051851851562499995 0.296296296875 0.06944444375 0.2796296296875 0.0824074078125 0.24259259218749998 0.09629629687499999 0.2259259265625 0.1148148140625 0.177777778125 0.15370370312499998 0.1129629625 0.190740740625 0.1101851859375 0.1981481484375 0.08796296249999999 0.2009259265625 0.075 0.21944444375 0.055555556250000006 0.2925925921875 0.0296296296875 0.3583333328125 0.015740740625 0.384259259375 0 0.396296296875 0 0.91944444375 0.0416666671875 0.9546296296874999 0.08518518593749999 0.9740740734375001 0.09074074062500001 1 0.897222221875 1
0 0.878125 0.78203125 0.05859375 0.0703125
0 0.115625 0.453125 0.07265625 0.07109375
0 0.29609375 0.43984375 0.065625 0.08125
0 0.1921875 0.24140625 0.0359375 0.0421875
0 0.60234375 0.334375 0.07265625 0.07578125
0 0.78359375 0.2109375 0.06171875 0.059375
0 0.6484375 0.1546875 0.08203125 0.0703125
0 0.75859375 0.46484375 0.06484375 0.084375
0 0.35859375 0.71328125 0.0625 0.08046875
0 0.47421875 0.85625 0.06796875 0.09453125