4 0.22284547500000002 0 0 0.3566273078125 0 0.777154525 0.3566273078125 1 0.5065315421875 1 0.5062293343750001 0.989757696875 0.5107437921875 0.9860276499999999 0.586805225 0.9516687203125 0.6024097187499999 0.9406746828125 0.6320498828125001 0.9351756124999999 0.6431390984375 0.91917645625 0.6981954328125 0.86950841875 0.7127193093749999 0.8480126531250001 0.7353900484375 0.8326994421875 0.8250859234375 0.7118708859375 0.8588434156250001 0.6543530140625 0.8840593796875 0.568569334375 0.8912191625 0.5151761765625 0.9081914453125 0.43734325468749996 0.9109352375 0.39101716249999996 0.9179013812499999 0.3658906328125 0.9100458015624999 0.32604330312499996 0.9135756421875 0.28894304531250004 0.91082610625 0.2741229625 0.9257421875 0.24850494531249998 0.9197508109375001 0.202179675 0.9102271312499999 0.16674915937499998 0.6433726937500001 0 0.22284547500000002 0
1 0.6328125 0.65859375 0.234375 0.2296875
1 0.09453125 0.61875 0.16875 0.1734375
1 0.0796875 0.75703125 0.153125 0.15625
1 0.1609375 0.2390625 0.196875 0.190625
1 0.09453125 0.31171875 0.14375 0.1375
1 0.3078125 0.20859375 0.1390625 0.1390625
1 0.5203125 0.23828125 0.115625 0.13125
1 0.784375 0.38984375 0.0953125 0.0890625
1 0.85546875 0.434375 0.0828125 0.084375
1 0.8703125 0.7109375 0.109375 0.121875
1 0.628125 0.07734375 0.153125 0.1546875
1 0.5109375 0.01640625 0.153125 0.0328125
1 0.45625 0.7796875 0.1703125 0.171875
1 0.3859375 0.521875 0.184375 0.1828125
1 0.4609375 0.36171875 0.1734375 0.1609375
3 0.18515625 0.78046875 0.2 0.21875
3 0.11171875 0.39296875 0.2234375 0.2671875
3 0.05078125 0.665625 0.1015625 0.246875
3 0.40390625 0.31640625 0.1421875 0.1171875
3 0.73203125 0.23515625 0.159375 0.1703125
3 0.25078125 0.1109375 0.2296875 0.221875
3 0.54296875 0.803125 0.14375 0.153125
3 0.3375 0.8203125 0.228125 0.21875
3 0.38046875 0.646875 0.196875 0.1875
3 0.7015625 0.45 0.1171875 0.1
3 0.27890625 0.34453125 0.1 0.09375
3 0.33515625 0.440625 0.103125 0.0875
3 0.221875 0.371875 0.0703125 0.065625