4 0.5089578328125001 0 0.4962999 0.0055381890625 0.48202332343750004 0.031518021875 0.46790391875 0.036794115625 0.4379207921875 0.058927826562499994 0.3997190421875 0.072717171875 0.38176923125 0.0916294421875 0.3434731765625 0.11784103125 0.2854987140625 0.172476034375 0.2434194046875 0.2061126765625 0.182875621875 0.2719088375 0.1509595765625 0.33046855 0.0935860796875 0.469584228125 0.092136390625 0.49690373125000004 0.081191271875 0.520424259375 0.0669735640625 0.5931976796875 0.0589709765625 0.61094316875 0.0695231671875 0.6391819796875 0.0681363453125 0.6582199875 0.0778595296875 0.74111351875 0.076987371875 0.7469042781249999 0.065342984375 0.7534414578125 0.0586172 0.7666415546875001 0.08160334999999999 0.8479793765625001 0.379960621875 1 0.8064003953125001 1 1 0.6200393796875 1 0.19359960625 0.620039378125 0 0.5089578328125001 0
1 0.2953125 0.46796875 0.2296875 0.2234375
1 0.60703125 0.90859375 0.1640625 0.1703125
1 0.49609375 0.9578125 0.1484375 0.084375
1 0.8984375 0.65625 0.1921875 0.1859375
1 0.8703125 0.75078125 0.1421875 0.1328125
1 0.8484375 0.51484375 0.1359375 0.1359375
1 0.71328125 0.34765625 0.109375 0.13125
1 0.4484375 0.19921875 0.09375 0.0859375
1 0.3734375 0.16171875 0.08125 0.0828125
1 0.128125 0.29140625 0.1046875 0.121875
1 0.7984375 0.1703125 0.146875 0.1578125
1 0.9375 0.21328125 0.125 0.1296875
1 0.2828125 0.68125 0.165625 0.1671875
1 0.53984375 0.60859375 0.1796875 0.1796875
1 0.63828125 0.46171875 0.171875 0.1546875
3 0.42109375 0.90234375 0.1921875 0.1953125
3 0.80234375 0.7953125 0.25625 0.2609375
3 0.6296875 0.96015625 0.2625 0.0796875
3 0.70703125 0.48828125 0.14375 0.109375
3 0.6078125 0.16484375 0.153125 0.1671875
3 0.98515625 0.3390625 0.0296875 0.115625
3 0.928125 0.509375 0.14375 0.234375
3 0.21796875 0.61953125 0.1390625 0.1515625
3 0.309375 0.80390625 0.225 0.2109375
3 0.4359375 0.67734375 0.1953125 0.18125
3 0.4390625 0.3015625 0.11875 0.09375
3 0.74765625 0.609375 0.1 0.090625
3 0.6359375 0.61015625 0.103125 0.08125
3 0.753125 0.67265625 0.0703125 0.0640625