4 0 0 0 1 0.7148148140624999 1 0.772222221875 0.9379629625 0.772222221875 0.9231481484374999 0.7648148140625 0.9120370375 0.7666666671875 0.9064814812499999 0.8129629625 0.8370370375 0.8203703703125 0.8194444437499999 0.8425925921875 0.7990740734374999 0.8435185187500001 0.7796296296875 0.8638888890624999 0.7083333328125 0.8648148140625 0.6824074078125 0.8759259265624999 0.6574074078125001 0.8879629625 0.5074074078125 0.8861111109375001 0.440740740625 0.8620370375 0.3546296296875 0.8398148140625 0.30555555624999997 0.8129629625 0.23055555625 0.790740740625 0.1898148140625 0.7833333328125 0.1648148140625 0.75555555625 0.1351851859375 0.7388888890625 0.10185185156250001 0.728703703125 0.09074074062500001 0.727777778125 0.061111110937500004 0.6981481484375001 0.025 0.671296296875 0 0 0
1 0.696875 0.5640625 0.17421875 0.1625
1 0.21875 0.815625 0.11640625 0.13203125
1 0.2796875 0.940625 0.10625 0.11875
1 0.07421875 0.45859375 0.1484375 0.1328125
1 0.05625 0.55546875 0.1125 0.0921875
1 0.1828125 0.3546875 0.10078125 0.1015625
1 0.37890625 0.2671875 0.06484375 0.11484375
1 0.6828125 0.25546875 0.075 0.05859375
1 0.76640625 0.25625 0.0578125 0.0640625
1 0.92578125 0.4828125 0.06484375 0.10390625
1 0.38359375 0.0703125 0.10078125 0.1265625
1 0.2265625 0.03984375 0.13203125 0.07890625
1 0.6109375 0.76015625 0.12109375 0.1265625
1 0.41484375 0.57890625 0.13359375 0.1328125
1 0.39375 0.403125 0.1421875 0.10078125
3 0.38203125 0.9046875 0.12265625 0.18203125
3 0.096875 0.62578125 0.1875 0.19765625
3 0.13828125 0.921875 0.21484375 0.15625
3 0.32109375 0.3953125 0.13203125 0.05625
3 0.55625 0.15234375 0.103125 0.1359375
3 0.10234375 0.11640625 0.08359375 0.08671875
3 0.07890625 0.29609375 0.15703125 0.1828125
3 0.0234375 0.04921875 0.04609375 0.09296875
3 0.696875 0.734375 0.09296875 0.12265625
3 0.53203125 0.8578125 0.17734375 0.146875
3 0.4765625 0.6875 0.15546875 0.1234375
3 0.64453125 0.35078125 0.10625 0.0515625
3 0.2296875 0.48515625 0.08046875 0.0609375
3 0.32890625 0.53671875 0.09296875 0.04453125
3 0.19609375 0.5390625 0.05625 0.04296875