4 1 0.1554572765625 0.9555889046875 0.16274933125 0.8897340796875 0.1582957234375 0.8463462203125 0.17772155781250001 0.7854334109375001 0.1716599796875 0.757646109375 0.15769606875 0.7367966984375001 0.15319849218749998 0.7082527562500001 0.1558497015625 0.69194916875 0.170002428125 0.6763932875 0.17351539062500002 0.563519303125 0.169982159375 0.5346059765625 0.17496557343750002 0.520176121875 0.1595312109375 0.4978670421875 0.1524117375 0.46479514843749997 0.12446193125 0.448703059375 0.11952248593749999 0.41247352499999995 0.123347125 0.386506340625 0.11564826406249999 0.3775278984375 0.124984409375 0.3731042171875 0.14699549843749998 0.3650403015625 0.1564764890625 0.316930859375 0.15244276406249999 0.2944192171875 0.15844010625 0.2825303765625 0.15655709843750001 0.25951827031249997 0.13020060625000002 0.22240101562499998 0.11595433125000001 0.19441115 0.11510723437499999 0.18126520625 0.09748551562499999 0.1684707734375 0.0894823046875 0.13079050625 0.084709690625 0.092398275 0.06667541406250001 0.06313343593750001 0.062040320312499994 0 0.4606491453125 0 0.6100851031250001 0.006331615625 0.6100789171875001 0.06059549843749999 0.658120165625 0.08235050000000001 0.668737946875 0.0954785734375 0.698310378125 0.1020560140625 0.704133559375 0.11705781875000001 0.704118903125 0.12454978593749999 0.71008693125 0.12525281093750001 0.72932395 0.14107085 0.795183059375 0.1441301984375 0.8291375343749999 0.136945065625 0.8626647984375 0.146951240625 0.90011025 0.14215817343749998 0.92445354375 0.149253946875 0.9506798453125 0.4606491484375 1 0.8818188250000001 1 0.8974704484375 0.979534121875 0.943884875 0.8936478062500001 1 0.5338437 1 0.1554572765625
0 0.1859375 0.43671875 0.090625 0.1078125
0 0.3328125 0.5375 0.09375 0.0984375
1 0.3046875 0.76796875 0.2390625 0.28125
1 0.465625 0.72109375 0.13125 0.1859375
1 0.5421875 0.39296875 0.246875 0.25
3 0.7671875 0.80703125 0.18125 0.2125
3 0.86953125 0.35078125 0.2015625 0.153125
3 0.71875 0.31484375 0.0984375 0.134375
3 0.375 0.63046875 0.1046875 0.115625
3 0.12421875 0.77734375 0.109375 0.1828125
3 0.06484375 0.58046875 0.1296875 0.1515625
3 0.43203125 0.2359375 0.1046875 0.096875
3 0.37421875 0.3515625 0.11875 0.103125
3 0.87265625 0.22421875 0.15625 0.1359375
3 0.96171875 0.26640625 0.0765625 0.1015625