4 0.68543830625 0 0.6666674765625 0.009208376562499999 0.638805403125 0.047725571875 0.583022575 0.0729324953125 0.5519761109375 0.0747330453125 0.5316712031249999 0.0812627359375 0.508277028125 0.0978307203125 0.5012340703125 0.118239134375 0.4895187640625 0.129059390625 0.39000040937499997 0.18243651562500002 0.36745244062500004 0.201208940625 0.3472386390625 0.19505731875 0.3243586734375 0.20004621406249998 0.28174266875 0.1923769171875 0.26533678906249997 0.1961452765625 0.23587341093749997 0.2175722796875 0.20953574062500002 0.2238884625 0.206428253125 0.23646302187499998 0.2136027765625 0.25773702656249997 0.2113597171875 0.2699797609375 0.16767885625 0.290541175 0.1511818734375 0.306990846875 0.13994432968749998 0.311304534375 0.10683701718750001 0.2999851953125 0.0675693921875 0.3062061859375 0.0429059109375 0.3194675125 0.022710328125000002 0.31077962812500004 0.0076284203125 0.3102458609375 0 0.313449625 0 0.5926695234375 0.101540865625 0.857192521875 0.12751009687499998 0.84216533125 0.198524621875 0.8566383312499999 0.222673896875 0.8549560984375001 0.24882935625 0.8740025375 0.257437178125 0.875756840625 0.27042179375000003 0.8682432453125 0.27989404218749997 0.8696657265625 0.29012138906249996 0.8859739609374999 0.3367497671875 0.935100603125 0.356376478125 0.9629763671875 0.366917603125 0.9956043953125 0.3713072296875 1 0.5926695234375 1 1 0.8436404796874999 1 0.408817840625 0.841958834375 0 0.68543830625 0
0 0.19609375 0.60234375 0.10625 0.11875
0 0.37421875 0.61640625 0.10625 0.1109375
1 0.46484375 0.8296875 0.2796875 0.309375
1 0.58046875 0.70859375 0.159375 0.196875
1 0.4828125 0.3859375 0.2796875 0.28125
3 0.88515625 0.6328125 0.2125 0.2328125
3 0.7453125 0.1859375 0.2171875 0.184375
3 0.59609375 0.23046875 0.11875 0.14375
3 0.45703125 0.67578125 0.1203125 0.128125
3 0.31328125 0.91640625 0.1390625 0.1671875
3 0.15546875 0.79296875 0.1671875 0.1703125
3 0.309375 0.30546875 0.115625 0.1109375
3 0.31640625 0.434375 0.13125 0.1203125
3 0.684375 0.0765625 0.171875 0.153125
3 0.79609375 0.06015625 0.1171875 0.1140625