4 0.928703703125 1 0.9490740734375 0.9456906734375 0.9675925921875 0.911452184375 1 0.81936245625 0.9981481484374999 0.0365997640625 0.9870370375 0.0472255015625 0.975 0.068476978125 0.9685185187500001 0.072018890625 0.897222221875 0.095631640625 0.83148148125 0.101534828125 0.7916666671875 0.1275088546875 0.73055555625 0.1310507671875 0.7009259265625001 0.12160566718750002 0.6796296296875 0.12042502968749999 0.6518518515625 0.1275088546875 0.6379629625 0.1440377796875 0.6231481484375 0.14994096875000001 0.5111111109375 0.16410861875 0.48333333281249996 0.17355371875 0.46666666718750005 0.16056670625 0.44351851875000003 0.15702479375 0.40648148125 0.1345926796875 0.3898148140625 0.1322314046875 0.3546296296875 0.14167650468749998 0.32777777812500003 0.1381345921875 0.3203703703125 0.14876033125000002 0.31944444375000003 0.17119244375 0.3129629625 0.18181818125 0.2648148140625 0.18536009375 0.24351851875000002 0.1948051953125 0.23148148124999998 0.1948051953125 0.2046296296875 0.17237308125 0.165740740625 0.16410861875 0.1379629625 0.16765053125 0.12222222187500001 0.15230224375 0.10833333281249999 0.14639905625 0.0703703703125 0.14757969375 0.0296296296875 0.13577331718750002 0 0.13577331718750002 0 0.6906729640625 0.0296296296875 0.6859504125 0.09074074062500001 0.7249114515625 0.11388888906250001 0.731995278125 0.13148148125 0.759149940625 0.13888888906250002 0.7638724906250001 0.15370370312499998 0.761511215625 0.1620370375 0.766233765625 0.165740740625 0.7851239671875 0.1916666671875 0.84769775625 0.2 0.8807556078125 0.1981481484375 0.914994096875 0.2138888890625 0.9504132234375 0.21296296250000002 0.9752066109375 0.22407407343750002 1 0.928703703125 1
0 0.1796875 0.48671875 0.0765625 0.09765625
0 0.340625 0.56328125 0.08046875 0.0875
1 0.34921875 0.7953125 0.20234375 0.253125
1 0.50078125 0.7234375 0.10546875 0.17109375
1 0.525 0.3875 0.21484375 0.21875
3 0.81171875 0.76171875 0.15390625 0.190625
3 0.84140625 0.29453125 0.18359375 0.1265625
3 0.68671875 0.2828125 0.08046875 0.12265625
3 0.396875 0.6484375 0.0890625 0.10234375
3 0.171875 0.8328125 0.0828125 0.171875
3 0.0734375 0.65 0.12890625 0.1328125
3 0.39140625 0.25 0.0921875 0.0828125
3 0.35234375 0.3734375 0.10703125 0.0875
3 0.825 0.16953125 0.13984375 0.11484375
3 0.934375 0.1953125 0.0921875 0.0875