4 1 0.32294071406249997 0.9969559374999999 0.319181609375 0.972724846875 0.3054431265625 0.9153148281249999 0.2566173171875 0.8225046015625 0.21262915468750002 0.771371384375 0.19803814687500002 0.74272114375 0.1950268859375 0.70094639375 0.1978778671875 0.5476954109375 0.2278539859375 0.42049403593749995 0.285584753125 0.35456646406250003 0.3365889609375 0.2511542828125 0.431053490625 0.20750240937500003 0.48308229843749995 0.168238415625 0.543472309375 0.1493612015625 0.579013325 0.10493114218749999 0.6948188296875 0.0855103578125 0.7605861203125001 0.083457225 0.780120375 0.261512234375 1 0.6770592859375 1 1 0.7384877671875001 1 0.32294071406249997
2 0.67578125 0.31484375 0.1109375 0.109375
2 0.76796875 0.41796875 0.1234375 0.1203125
2 0.353125 0.421875 0.109375 0.109375
2 0.21640625 0.7828125 0.1296875 0.1296875
2 0.16796875 0.81796875 0.121875 0.1234375
2 0.40078125 0.63359375 0.1234375 0.1203125
2 0.3140625 0.60625 0.1 0.096875
2 0.55078125 0.553125 0.0984375 0.096875
2 0.63203125 0.56796875 0.103125 0.1
2 0.5546875 0.7671875 0.14375 0.1421875
2 0.49296875 0.88671875 0.15 0.1484375
2 0.76640625 0.7 0.1515625 0.15
1 0.9265625 0.50078125 0.140625 0.134375
1 0.4609375 0.71015625 0.140625 0.1359375
1 0.484375 0.78359375 0.128125 0.1234375
1 0.3328125 0.71796875 0.1125 0.109375
1 0.2765625 0.565625 0.0765625 0.071875
1 0.37265625 0.56875 0.096875 0.0953125
1 0.4984375 0.49453125 0.084375 0.0859375
1 0.590625 0.453125 0.10625 0.1
1 0.553125 0.51328125 0.096875 0.090625
1 0.64375 0.49609375 0.0671875 0.0671875
1 0.68515625 0.43046875 0.0765625 0.075
1 0.80234375 0.5828125 0.13125 0.13125
1 0.57265625 0.3734375 0.075 0.0703125
2 0.48359375 0.4296875 0.1171875 0.1125
4 0.32294071406249997 0 0.094672775 0.18484773125 0.17076452656250002 0.26262879843750003 0.20068185 0.259848221875 0.2311466734375 0.2518585109375 0.2855297015625 0.22926599531249997 0.3637605296875 0.1802132484375 0.4148154796875 0.13291254531250002 0.4358866359375 0.10155213125 0.46189317343749997 0.07334378593749999 0.464873165625 0.0637819734375 0.41952392187500004 0.0004237671875 0.41908645624999996 0 0.32294071406249997 0