4 1 0.3982738515625 0.9428865984374999 0.263723109375 0.9246749875000001 0.256365140625 0.8574884109375001 0.242636803125 0.73437956875 0.22749882656249998 0.6941364 0.22748092187500002 0.6223818578125 0.2337975765625 0.5559498328125 0.247913846875 0.42399352500000004 0.2948729734375 0.3480083625 0.329138540625 0.23731769218749998 0.414347734375 0.138903371875 0.5355873843750001 0.11677404843750001 0.5711338453125 0.10598236093749999 0.5978442078125 0.0948598640625 0.649842221875 0.0901273453125 0.7524399796875 0.10628560312499999 0.826052346875 0.10704015625 0.8538969546875 0.1421336 0.9365719296874999 0.163858790625 0.9474679187499999 0.21637831406250002 0.983516278125 0.254980346875 1 0.60172615 1 0.9817448515624999 0.83869163125 0.9921503093749999 0.8181805499999999 1 0.8095671812499999 1 0.3982738515625
2 0.25390625 0.56796875 0.10625 0.0984375
2 0.3015625 0.69765625 0.1203125 0.1078125
2 0.5 0.33359375 0.1015625 0.1015625
2 0.8828125 0.3828125 0.1234375 0.11875
2 0.93671875 0.35625 0.1109375 0.115625
2 0.6640625 0.475 0.1171875 0.1078125
2 0.68125 0.3859375 0.0984375 0.0859375
2 0.52265625 0.5703125 0.0953125 0.0859375
2 0.4984375 0.6484375 0.1015625 0.0890625
2 0.71015625 0.6734375 0.1359375 0.1296875
2 0.8453125 0.675 0.14375 0.1359375
2 0.5515625 0.82890625 0.14375 0.1375
1 0.3 0.8765625 0.1375 0.11875
1 0.70390625 0.56484375 0.1375 0.1203125
1 0.7578125 0.61953125 0.1234375 0.1109375
1 0.77109375 0.4546875 0.109375 0.096875
1 0.6625 0.33359375 0.0765625 0.0609375
1 0.6203125 0.4203125 0.0921875 0.0859375
1 0.49609375 0.49609375 0.0765625 0.08125
1 0.415625 0.5578125 0.10625 0.084375
1 0.48671875 0.553125 0.1 0.0765625
1 0.42890625 0.625 0.0625 0.0625
1 0.3515625 0.63046875 0.071875 0.0671875
1 0.43125 0.80625 0.125 0.1203125
1 0.3546875 0.5046875 0.075 0.0609375
2 0.44609375 0.45234375 0.1140625 0.0984375
4 0.39827385 0 0.0796221390625 0.13525962656249998 0.096681596875 0.19440700625000001 0.13133339375 0.26419288750000003 0.14117499375 0.266050709375 0.1782908140625 0.256331315625 0.21587272500000002 0.2524494109375 0.2816056140625 0.2295769015625 0.36164376875 0.18353205 0.4071230609375 0.14612122968750002 0.428479925 0.12297332812499999 0.44498036093750004 0.097863303125 0.4138817578125 0 0.39827385 0