4 1 0.672222221875 0.9898148140625 0.646296296875 0.9759259265625 0.5722222218749999 0.93148148125 0.4796296296875 0.9009259265624999 0.4361111109375 0.88055555625 0.415740740625 0.8462962968750001 0.3916666671875 0.7083333328125 0.31851851875000003 0.5731481484375001 0.2833333328125 0.48981481406249994 0.28148148125 0.35 0.2898148140625 0.2833333328125 0.302777778125 0.2148148140625 0.325 0.177777778125 0.340740740625 0.0703703703125 0.40277777812500004 0.013888889062500001 0.44166666718750003 0 0.45555555625000005 0 0.8203703703125 0.0388888890625 0.884259259375 0.045370370312500005 0.8888888890625 0.060185185937499996 0.9120370375 0.0870370375 0.9388888890624999 0.1148148140625 0.959259259375 0.171296296875 0.9851851859374999 0.1888888890625 1 0.7824074078125001 1 0.83148148125 0.9648148140625 0.8648148140625 0.9351851859375 0.9037037031249999 0.8824074078124999 0.95 0.834259259375 0.984259259375 0.7805555562500001 1 0.7620370375000001 1 0.672222221875
2 0.753125 0.46640625 0.084375 0.071875
2 0.76015625 0.6046875 0.0984375 0.07578125
2 0.43515625 0.346875 0.078125 0.07734375
2 0.1015625 0.54140625 0.096875 0.0875
2 0.04140625 0.53828125 0.08203125 0.09140625
2 0.3390625 0.54140625 0.0953125 0.07734375
2 0.28828125 0.465625 0.08125 0.05859375
2 0.50625 0.5734375 0.078125 0.0609375
2 0.559375 0.6359375 0.08359375 0.06171875
2 0.37421875 0.7421875 0.1078125 0.0953125
2 0.25078125 0.79609375 0.1140625 0.0984375
2 0.58125 0.82265625 0.11328125 0.1015625
1 0.83125 0.76875 0.11484375 0.08046875
1 0.3375 0.6390625 0.11484375 0.08203125
1 0.309375 0.7109375 0.10078125 0.078125
1 0.2328125 0.5640625 0.090625 0.0671875
1 0.28515625 0.41015625 0.0671875 0.03828125
1 0.3578125 0.4734375 0.07421875 0.06171875
1 0.50234375 0.49453125 0.05625 0.06484375
1 0.6 0.5203125 0.09375 0.05234375
1 0.5328125 0.54375 0.08828125 0.04609375
1 0.6140625 0.5875 0.04765625 0.04765625
1 0.6875 0.5625 0.0578125 0.04921875
1 0.6828125 0.7546875 0.096875 0.08984375
1 0.6359375 0.44765625 0.0640625 0.0390625
2 0.53125 0.43515625 0.096875 0.065625
4 0.38333333281250004 0 0.39351851875 0.10833333281249999 0.41851851875 0.125 0.447222221875 0.1379629625 0.503703703125 0.1546296296875 0.5953703703125 0.165740740625 0.6648148140625 0.1611111109375 0.7009259265625001 0.15 0.7388888890625 0.14444444375 0.747222221875 0.13888888906250002 0.7518518515625 0.061111110937500004 0.74444444375 0 0.38333333281250004 0