4 0.527777778125 0 0.5175925921875 0.0082815734375 0.48981481406249994 0.0051759828124999996 0.46944444374999994 0.017598343750000002 0.45370370312499997 0.017598343750000002 0.43055555625 0 0.43240740781250003 0.003105590625 0.427777778125 0.016563146875 0.4018518515625 0.0248447203125 0.3925925921875 0.0403726703125 0.34722222187499996 0.0424430640625 0.328703703125 0.0300207046875 0.322222221875 0.0393374734375 0.30648148124999997 0.049689440625 0.27870370312500004 0.05279503125 0.24351851875000002 0.0921325046875 0.22777777812500002 0.10351966875 0.1120370375 0.122153209375 0.0490740734375 0.15010352031250002 0.0111111109375 0.174948240625 0 0.1842650109375 0 0.7836438921875 0.0759259265625 0.8550724640625 0.0888888890625 0.8726708078125001 0.1166666671875 0.89233954375 0.15370370312499998 0.9327122156250001 0.172222221875 0.961697721875 0.171296296875 0.9751552796875 0.1768518515625 0.9875776390625 0.1888888890625 1 0.409259259375 1 0.4175925921875 0.9968944093750001 0.44259259218749997 1 0.8518518515625001 1 0.872222221875 0.9875776390625 0.8916666671875 0.965838509375 0.9129629625 0.952380953125 0.9861111109375 0.8561076609375 1 0.8478260875 1 0.203933746875 0.9879629624999999 0.1987577640625 0.9768518515625001 0.1832298140625 0.9648148140625 0.13871635625 0.9611111109375001 0.10351966875 0.94351851875 0.084886128125 0.89444444375 0.0621118015625 0.872222221875 0.057971014062500006 0.8629629624999999 0.047619046875 0.8481481484375 0.0403726703125 0.8268518515625001 0.04865424375 0.83148148125 0.0600414078125 0.827777778125 0.0662525875 0.7870370375 0.055900621875 0.7629629625 0.06521739062500001 0.7509259265625 0.06521739062500001 0.73055555625 0.0610766046875 0.7083333328125 0.049689440625 0.6703703703125 0.0424430640625 0.6638888890625 0.03312629375 0.647222221875 0.0258799171875 0.5916666671875 0.018633540625 0.5629629625 0.007246376562499999 0.5574074078125 0 0.527777778125 0
0 0.76796875 0.275 0.0984375 0.1234375
0 0.90859375 0.32578125 0.11328125 0.07265625
0 0.7953125 0.5640625 0.1125 0.11640625
0 0.5015625 0.46328125 0.12890625 0.11484375
0 0.49765625 0.29140625 0.1171875 0.12421875
0 0.31171875 0.44453125 0.128125 0.13515625
0 0.0671875 0.73046875 0.11328125 0.1515625
0 0.18359375 0.25 0.0640625 0.0859375
0 0.42734375 0.0859375 0.0578125 0.06015625
1 0.696875 0.859375 0.3109375 0.24375