4 0.559266565625 0 0.5378701765625 0.016863834375 0.5221318328125 0.0171385484375 0.5015477640625 0.005073590625 0.47382841718749996 0.008663496875 0.46350024999999995 0.0005609421875 0.4338751328125 0.00107805 0.42844689062499997 0.00842028125 0.399946290625 0.020306659375 0.34452566406249996 0.028521509374999997 0.32798800156249996 0.03605765625 0.3216701078125 0.045486125 0.28383939375 0.05339394374999999 0.2618192890625 0.06516720468750001 0.24152428750000002 0.069662871875 0.2294890859375 0.069872946875 0.2052560765625 0.060977746875 0.1647022078125 0.0720391609375 0.16089066875 0.065893565625 0.16532085937500002 0.05442733749999999 0.14388327343750001 0.046518696875 0.1291971828125 0.054022523437500004 0.12012 0.0645345109375 0.0979734296875 0.0690624984375 0.0493042953125 0.0926898171875 0.0320395828125 0.11162755312499999 0.028950710937500002 0.14688351875 0.0176923734375 0.191600271875 0.006853954687499999 0.2073197734375 0 0.2104098359375 0 0.5043634171875 0.0061465546875 0.856499315625 0.020177862499999998 0.8645372328125 0.0949950703125 0.9595192499999999 0.1165229890625 0.9726030859374999 0.136343871875 0.9939995515625 0.146581259375 1 0.504363428125 1 0.5661248671875 0.9989219500000001 0.5910668593749999 0.995380521875 0.5994531234375 0.9983402031249999 0.8197899296875001 0.9944942093750001 0.831608334375 0.9818636656249999 0.8369462437499999 0.969346240625 0.8357855921875 0.9559068921874999 0.8537954234375 0.9266026078125 0.89012221875 0.8855897 0.9175524984375001 0.8654391703125001 0.9302063531250001 0.847617271875 1 0.779622946875 1 0.495636571875 0.9944135125000001 0.1755868953125 0.98314149375 0.16646545937499999 0.9447507125 0.14228706875 0.8813095375 0.1154398703125 0.7652612249999999 0.09882912187500001 0.7493241484375 0.08771840625 0.7134577890625 0.0490009890625 0.6856300421875 0.0463806609375 0.6697110328125 0.036304984375 0.6630679374999999 0.0271027515625 0.6447690390624999 0.0398464125 0.599369446875 0.03856815625 0.589840596875 0.0232041671875 0.5637740859375 0.015376325 0.55891029375 0.0020016171874999997 0.5600569765625 0 0.559266565625 0
0 0.228125 0.2796875 0.1 0.125
0 0.08828125 0.3328125 0.1140625 0.075
0 0.20546875 0.56953125 0.1140625 0.11875
0 0.49765625 0.46328125 0.13125 0.1171875
0 0.4984375 0.29140625 0.11875 0.1265625
0 0.6875 0.44140625 0.1296875 0.1375
0 0.93671875 0.72265625 0.115625 0.153125
0 0.81171875 0.24453125 0.065625 0.0875
0 0.565625 0.084375 0.059375 0.0609375
1 0.309375 0.8625 0.315625 0.2484375