4 0.6693730421875 0 0.579157290625 0.025620706250000003 0.5600789125000001 0.0219527546875 0.5115655703125 0.0011707984375 0.485077875 0.0100955734375 0.46643698906250003 0.0073658296875000005 0.45662533437499997 0.0016611609375 0.44509177343750006 0.02074590625 0.40309726718750005 0.038043840625000006 0.3881431328125 0.027883870312499996 0.3611463203125 0.0313349859375 0.351263040625 0.0210948640625 0.351628909375 0.017497615624999997 0.3380869453125 0.0432299625 0.3238209890625 0.0498822859375 0.300109246875 0.04723269375 0.276246509375 0.0617867109375 0.26351565312499997 0.05858550312500001 0.23666208906250003 0.071107525 0.23468949687500001 0.0800228515625 0.2134875296875 0.10247383750000001 0.1661995484375 0.1325200765625 0.15415686875 0.1461311625 0.1522200890625 0.157314215625 0.1208764125 0.1799255046875 0.1055486609375 0.199637296875 0.0888368078125 0.21199901406250002 0.07792754843750001 0.21708608593749998 0.052171590625 0.21881636875 0.0196228703125 0.2454162171875 0.013641217187499999 0.2413522296875 0.0130246625 0.2290753875 0 0.229929125 0 0.61084733125 0.18146486875 1 0.61084733125 1 0.7633379109375 0.9288924749999999 0.7846831265625 0.9155123968750001 0.7935481703125 0.9148052 0.993271553125 0.82167265625 0.998930896875 0.8053271015625001 0.9987160234375001 0.7917207421875 0.992189440625 0.779915365625 0.9967231156249999 0.7458193109375 1 0.7354469515625001 1 0.38915266718749997 0.819718521875 0.002537790625 0.8102342140625 0 0.6693730421875 0
0 0.16171875 0.409375 0.140625 0.153125
0 0.0609375 0.51484375 0.121875 0.1140625
0 0.259375 0.6828125 0.1515625 0.153125
0 0.4828125 0.4671875 0.165625 0.1578125
0 0.4140625 0.31015625 0.159375 0.1625
0 0.646875 0.3703125 0.1734375 0.1765625
0 0.953125 0.52578125 0.09375 0.1859375
0 0.68125 0.13984375 0.09375 0.1046875
0 0.390625 0.09375 0.078125 0.0796875
1 0.4734375 0.86640625 0.384375 0.2671875