4 1 0.4548612078125 0.966652128125 0.3614208625 0.934401328125 0.300164628125 0.8944951546875 0.2483582046875 0.8304627296874999 0.183873309375 0.8093726718750001 0.17103511875 0.8042258296875 0.18336867031249998 0.7951507640625 0.18799264843750002 0.7763389171874999 0.1837047546875 0.7362694515625 0.1458545390625 0.6796328375 0.108121903125 0.6329340796875 0.104170096875 0.6007545750000001 0.08588385625 0.5645170625 0.077989078125 0.5225715375 0.0813264828125 0.5074240828125001 0.08626989375 0.504191084375 0.0962409921875 0.49594102500000004 0.1004446078125 0.47274031718750004 0.099780253125 0.44036400625 0.091305396875 0.41122496249999996 0.10753978125000001 0.39191896875 0.11044017187499999 0.3570383953125 0.133761915625 0.31262212031250003 0.1730407453125 0.2883996015625 0.182608134375 0.27889740937499996 0.20271005 0.2629919765625 0.2163634765625 0.224254475 0.2749456359375 0.1584636078125 0.4028042046875 0.14959815781250002 0.5016578203125001 0.1654201328125 0.6142912796875 0.1747968125 0.646970740625 0.194534203125 0.6632727515625 0.22318763437500003 0.7235873328125 0.25758259843750003 0.776814559375 0.3457747859375 0.8581227546875001 0.414095534375 0.906549634375 0.468717765625 0.93421024375 0.530698028125 0.9497979453125 0.621620525 0.958962646875 0.72445320625 0.9384746937499999 0.8169209093750001 0.8996838500000001 0.915921634375 0.8492404609375 0.9832997578124999 0.746931859375 1 0.686074771875 1 0.4548612078125
1 0.8234375 0.6484375 0.225 0.2234375
1 0.61953125 0.6734375 0.1796875 0.1875
1 0.409375 0.53125 0.175 0.1625
1 0.3015625 0.42890625 0.1546875 0.1578125
1 0.2265625 0.4953125 0.121875 0.1359375
1 0.37109375 0.18984375 0.1421875 0.1421875
1 0.5234375 0.1828125 0.1359375 0.1390625
1 0.72890625 0.24296875 0.1515625 0.153125
1 0.64140625 0.38828125 0.1578125 0.178125
1 0.37265625 0.3 0.1015625 0.1078125
1 0.32734375 0.33828125 0.0765625 0.0890625
3 0.5703125 0.49921875 0.1125 0.1234375
3 0.48984375 0.2546875 0.103125 0.1109375
3 0.6890625 0.2890625 0.071875 0.0859375
3 0.64921875 0.2015625 0.1 0.1109375
3 0.525 0.6796875 0.1375 0.16875
3 0.66328125 0.58828125 0.109375 0.1390625
3 0.62890625 0.47734375 0.0921875 0.0984375
3 0.6296875 0.284375 0.0921875 0.09375
3 0.37109375 0.61875 0.084375 0.08125
3 0.4734375 0.509375 0.1359375 0.1890625
3 0.4640625 0.67578125 0.0953125 0.134375
3 0.859375 0.51171875 0.0953125 0.078125
3 0.71484375 0.46015625 0.1671875 0.1578125
3 0.4609375 0.290625 0.059375 0.059375
3 0.58125 0.3515625 0.0765625 0.090625