4 0.6659199640625 1 0.7022274484375 0.9800793359375 0.70936533125 0.9893668968749999 0.7237974265625 0.9961194703125 0.7506713921875 0.9844262140625 0.7636516515625 0.9618705375 0.7757913734375 0.922346925 0.8474414859375001 0.8409586484375 0.885381896875 0.7830538515625001 0.9113459203125001 0.723034871875 0.93670214375 0.6357679546874999 0.937706015625 0.6110980968749999 0.924423609375 0.612575990625 0.9159797078125 0.6068805078125 0.9106098203125 0.588348484375 0.9242883015625001 0.5349527921874999 0.9298320328124999 0.4671241484375 0.9106483546874999 0.42436462031250005 0.9110409265625 0.387354446875 0.9003775624999999 0.3518329390625 0.8771230078125001 0.3167645625 0.8654557703125001 0.3059129125 0.8551674625000001 0.3079193546875 0.8474911890625 0.3027416421875 0.8368243218750001 0.2821277609375 0.8285402515625 0.24970210937499998 0.80021445 0.2320871125 0.788317978125 0.21660784843749997 0.7510098859375 0.1974072171875 0.6951224078125 0.177602621875 0.675011271875 0.16105549218749998 0.6528229859375 0.16249028906250002 0.6331703234375 0.155198396875 0.5631528984374999 0.149719009375 0.4194292296875 0.154164084375 0.328671853125 0.1943353703125 0.23783105624999998 0.2627793671875 0.2137948609375 0.2868237125 0.20910567656249998 0.31198979375 0.1702448140625 0.36629174062500003 0.1403662421875 0.422179325 0.11200891406249999 0.5387329453125 0.102776365625 0.6219654359375 0.10506523593749999 0.6831492453125 0.1214805515625 0.7449154703125 0.157545025 0.8288812140624999 0.22531846562500002 0.908887946875 0.3040749328125 0.9709558484375 0.347134659375 1 0.6659199640625 1
1 0.52734375 0.8546875 0.23125 0.23125
1 0.40703125 0.68828125 0.1859375 0.1921875
1 0.428125 0.4359375 0.178125 0.1703125
1 0.465625 0.2921875 0.1609375 0.1625
1 0.371875 0.25859375 0.128125 0.1375
1 0.70859375 0.23671875 0.146875 0.146875
1 0.7890625 0.36640625 0.140625 0.1421875
1 0.83515625 0.57578125 0.15625 0.1578125
1 0.66640625 0.56953125 0.1671875 0.1796875
1 0.61328125 0.29140625 0.10625 0.1109375
1 0.5578125 0.2703125 0.08125 0.0890625
3 0.53515625 0.5609375 0.11875 0.125
3 0.71015625 0.371875 0.1078125 0.1125
3 0.77578125 0.5625 0.0765625 0.0859375
3 0.83359375 0.4859375 0.1046875 0.1125
3 0.35546875 0.60859375 0.1484375 0.1671875
3 0.5015625 0.6859375 0.11875 0.1375
3 0.58203125 0.6015625 0.096875 0.1
3 0.7515625 0.50859375 0.0953125 0.0953125
3 0.33359375 0.44453125 0.0859375 0.084375
3 0.47890625 0.48125 0.1515625 0.184375
3 0.32890625 0.55390625 0.10625 0.13125
3 0.6640625 0.81953125 0.0953125 0.084375
3 0.6390625 0.66796875 0.1703125 0.1640625
3 0.6640625 0.36484375 0.0609375 0.0609375
3 0.66953125 0.49921875 0.0828125 0.090625