4 0.7120370375 1 0.81851851875 0.939431396875 0.8861111109375001 0.8652657609375 0.915740740625 0.824474659375 0.9361111109375001 0.784919653125 0.9472222218749999 0.7886279359375 0.9629629625 0.7861557484375 0.978703703125 0.76143386875 0.9768518515625001 0.7354758968749999 0.9648148140625 0.695920890625 0.978703703125 0.5883807171875 0.977777778125 0.5191594562499999 0.965740740625 0.4548825703125 0.9379629625 0.3683559953125 0.925 0.34734239843750003 0.9148148140625001 0.35599505625 0.9046296296874999 0.35599505625 0.8898148140625001 0.343634115625 0.871296296875 0.29171817031249997 0.8379629625 0.2323856609375 0.7981481484375 0.2076637828125 0.777777778125 0.176761434375 0.7490740734375 0.1532756484375 0.7101851859375 0.137206428125 0.6944444437499999 0.13473423906249998 0.6870370375 0.142150803125 0.6777777781250001 0.142150803125 0.6574074078125001 0.13102595781249998 0.6324074078125 0.1087762671875 0.5990740734375 0.1100123609375 0.58055555625 0.103831890625 0.5388888890625 0.1087762671875 0.48148148125 0.12360939374999999 0.45555555625000005 0.12113720624999999 0.4379629625 0.13473423906249998 0.4175925921875 0.139678615625 0.35648148125 0.1742892453125 0.2398148140625 0.25834363437499996 0.1870370375 0.342398021875 0.15 0.4499381953125 0.14351851875 0.48331273125 0.15370370312499998 0.5067985171875 0.1518518515625 0.5735475890624999 0.1583333328125 0.63658838125 0.2 0.7490729296875 0.2388888890625 0.8232385656250001 0.275 0.8726823234375001 0.3231481484375 0.9147095171874999 0.4 0.9641532749999999 0.5009259265625 0.9925834359374999 0.6009259265625 1 0.7120370375 1
1 0.72109375 0.77890625 0.16796875 0.165625
1 0.528125 0.70859375 0.1265625 0.14609375
1 0.4046875 0.48671875 0.13828125 0.1125
1 0.35546875 0.346875 0.11328125 0.11953125
1 0.25859375 0.371875 0.07890625 0.1125
1 0.52578125 0.16484375 0.10703125 0.1046875
1 0.66484375 0.228125 0.09765625 0.10625
1 0.8203125 0.375 0.11171875 0.1140625
1 0.6765625 0.46484375 0.10078125 0.14921875
1 0.47734375 0.2640625 0.0703125 0.0859375
1 0.41953125 0.27734375 0.046875 0.07578125
3 0.56328125 0.53125 0.07421875 0.1015625
3 0.60234375 0.2765625 0.07109375 0.0875
3 0.7640625 0.39765625 0.04375 0.0734375
3 0.76875 0.3015625 0.06484375 0.09140625
3 0.440625 0.67109375 0.078125 0.14921875
3 0.60546875 0.653125 0.05859375 0.1265625
3 0.625 0.53828125 0.06484375 0.07734375
3 0.71328125 0.36640625 0.06640625 0.07109375
3 0.33125 0.546875 0.0640625 0.05859375
3 0.471875 0.49609375 0.06015625 0.18125
3 0.38828125 0.640625 0.040625 0.13046875
3 0.81484375 0.6734375 0.084375 0.0453125
3 0.709375 0.56171875 0.1328125 0.10859375
3 0.56015625 0.29609375 0.04375 0.04453125
3 0.63984375 0.4046875 0.04609375 0.07890625