4 0.2601851859375 0.8 0.2833333328125 0.8268518515625001 0.31944444375000003 0.859259259375 0.35555555625 0.9009259265624999 0.41018518593750003 0.9101851859375 0.44166666718750003 0.91944444375 0.5361111109375 0.9203703703125001 0.5870370375 0.9129629625 0.6518518515625 0.8916666671875 0.6981481484375001 0.8638888890624999 0.752777778125 0.8120370375 0.7898148140625 0.7629629625 0.8074074078125 0.722222221875 0.8259259265625 0.6370370375000001 0.8268518515625001 0.5620370375 0.815740740625 0.509259259375 0.7990740734374999 0.465740740625 0.7629629625 0.40833333281249995 0.725 0.375 0.6490740734375 0.325 0.6166666671875001 0.3148148140625 0.534259259375 0.3018518515625 0.477777778125 0.302777778125 0.415740740625 0.3120370375 0.36944444375 0.32592592656249997 0.3481481484375 0.3398148140625 0.3046296296875 0.378703703125 0.2629629625 0.425 0.225 0.4916666671875 0.21111111093749999 0.5231481484375 0.19537037031249999 0.5759259265625001 0.19444444375 0.61944444375 0.21111111093749999 0.6981481484375001 0.23148148124999998 0.747222221875 0.2601851859375 0.8
0 0.4359375 0.484375 0.0359375 0.03203125
0 0.434375 0.3671875 0.02578125 0.03515625
0 0.48125 0.3859375 0.02265625 0.04296875
0 0.5171875 0.39296875 0.0390625 0.0703125
0 0.54609375 0.34453125 0.0359375 0.03671875
0 0.42734375 0.453125 0.03671875 0.03359375
0 0.32265625 0.503125 0.025 0.0328125
0 0.3515625 0.5203125 0.04296875 0.03125
0 0.3484375 0.7359375 0.0453125 0.04296875
0 0.4046875 0.6546875 0.0546875 0.0359375
0 0.54921875 0.853125 0.0421875 0.04140625
0 0.565625 0.8140625 0.0515625 0.05078125
0 0.58984375 0.7828125 0.03203125 0.04921875
0 0.57890625 0.7296875 0.03515625 0.04296875
0 0.5953125 0.58515625 0.0421875 0.03828125
0 0.5171875 0.50859375 0.04453125 0.053125
0 0.65703125 0.4625 0.0328125 0.0234375
0 0.66640625 0.41953125 0.0328125 0.04609375
0 0.69140625 0.47578125 0.0390625 0.05859375
0 0.63046875 0.51953125 0.0453125 0.04921875
0 0.7453125 0.64453125 0.0484375 0.05234375
0 0.59296875 0.3625 0.028125 0.03203125
0 0.53203125 0.746875 0.03984375 0.03515625
2 0.3296875 0.61953125 0.09765625 0.1078125
2 0.42890625 0.5703125 0.084375 0.078125
2 0.36640625 0.4296875 0.09296875 0.09375
2 0.509375 0.46640625 0.096875 0.0984375
2 0.6015625 0.3921875 0.07734375 0.0875
2 0.69921875 0.528125 0.0984375 0.096875
2 0.66640625 0.71796875 0.1125 0.1078125
2 0.4765625 0.74765625 0.10625 0.10625
2 0.515625 0.6390625 0.08125 0.096875
2 0.59140625 0.56484375 0.08984375 0.071875
1 0.31796875 0.53359375 0.12578125 0.103125
1 0.42421875 0.6984375 0.12421875 0.11328125
1 0.70546875 0.6375 0.10703125 0.1203125
1 0.55 0.6953125 0.07734375 0.0609375