4 0.81084654375 0.3950924265625 0.7821640796875 0.36235048281250004 0.736181071875 0.33203831250000004 0.705305659375 0.31684970468749996 0.633371834375 0.2901821953125 0.5716946296875001 0.2814999921875 0.5133602140625 0.2796825390625 0.4881187015625 0.2827320296875 0.44372607343750003 0.301851209375 0.390251209375 0.33463484375 0.346388709375 0.3702311390625 0.2915934046875 0.43313180625000003 0.273314803125 0.46176518906249997 0.2472915484375 0.54887165625 0.23963648593750003 0.5988085937500001 0.248874540625 0.66599699375 0.264080296875 0.710047240625 0.28949359375 0.7576194484375 0.33841196562500003 0.8144776078125 0.40735395468749996 0.8678297703125001 0.44701830625000005 0.8877306875000001 0.5069345296875001 0.9015166625000001 0.58211298125 0.9061222359375 0.6354332140625 0.8976425625 0.6987732359375001 0.8722943125 0.74254615 0.8452341609375 0.8142996171875 0.7838171421875 0.83246409375 0.7564882328125 0.86836108125 0.7142799796875 0.8692409812499999 0.659149684375 0.8760726171875 0.6111123953125001 0.8765450890625001 0.5756633421874999 0.8646084999999999 0.5167828328125 0.848668903125 0.4660960890625 0.81084654375 0.3950924265625
0 0.5390625 0.446875 0.0484375 0.046875
0 0.46484375 0.35625 0.0421875 0.04375
0 0.44140625 0.40078125 0.0453125 0.046875
0 0.41796875 0.42890625 0.075 0.0796875
0 0.36484375 0.41015625 0.0515625 0.0515625
0 0.52578125 0.4171875 0.05 0.05
0 0.6375 0.38828125 0.040625 0.040625
0 0.6265625 0.4203125 0.053125 0.0515625
0 0.76796875 0.58359375 0.0625 0.0625
0 0.67265625 0.55703125 0.065625 0.0625
0 0.6890625 0.80234375 0.059375 0.059375
0 0.6515625 0.7828125 0.071875 0.071875
0 0.61328125 0.77421875 0.05625 0.0578125
0 0.5875 0.7265625 0.0546875 0.05625
0 0.48203125 0.6265625 0.05625 0.05625
0 0.4921875 0.51796875 0.06875 0.06875
0 0.35546875 0.571875 0.040625 0.0390625
0 0.32109375 0.5453125 0.0546875 0.05625
0 0.3375 0.6046875 0.0671875 0.0703125
0 0.4125 0.5984375 0.065625 0.0671875
0 0.4046875 0.76875 0.0703125 0.071875
0 0.340625 0.4546875 0.0421875 0.0421875
0 0.634375 0.709375 0.053125 0.053125
2 0.70703125 0.48203125 0.14375 0.1453125
2 0.6 0.5078125 0.115625 0.1140625
2 0.55703125 0.36015625 0.13125 0.13125
2 0.47109375 0.48046875 0.1375 0.1375
2 0.353125 0.4828125 0.115625 0.1171875
2 0.365625 0.64921875 0.1375 0.1375
2 0.5125 0.77421875 0.15625 0.1546875
2 0.67734375 0.675 0.15 0.15
2 0.57734375 0.61640625 0.125 0.1265625
2 0.471875 0.60859375 0.115625 0.1125
1 0.6609375 0.40859375 0.1625 0.159375
1 0.6859375 0.603125 0.16875 0.1671875
1 0.43125 0.7375 0.159375 0.1609375
1 0.5875 0.68203125 0.0984375 0.096875