4 0.3645729671875 0.8785855828125 0.405492803125 0.915540834375 0.46084365156249996 0.9180733999999999 0.49321889375000005 0.9234270140625 0.5870722046875 0.91283615625 0.6367158015625 0.899277653125 0.6984521296875 0.8702411578125 0.7410180828125 0.83702833125 0.788921359375 0.7789052984375 0.8197017015625001 0.7256833359375 0.832198115625 0.683102271875 0.8401971375 0.59629520625 0.8319759609374999 0.5217414015624999 0.8145156765625 0.47071112499999995 0.7926696671875 0.42954814375000006 0.7498315203125 0.37696947812500003 0.708089215625 0.348511128125 0.6266357625000001 0.3081368640625 0.5932286546875 0.301977065625 0.5098557109375 0.2991536640625 0.4539080765625 0.30695605000000004 0.3934618734375 0.32370670625 0.3492032921875 0.34313416874999997 0.329758365625 0.35951489531249997 0.291303590625 0.4034174859375 0.25558960000000003 0.4544465875 0.22603423125000002 0.5252428515625 0.2160854953125 0.5581823046875 0.20689407656249997 0.6124849984375 0.211278625 0.655791978125 0.23741262968750002 0.73187788125 0.2636117875 0.778103640625 0.2985335328125 0.82698991875 0.324781553125 0.850820571875 0.3645729671875 0.8785855828125
0 0.434375 0.4921875 0.0390625 0.0359375
0 0.41875 0.3765625 0.0296875 0.0375
0 0.4671875 0.3890625 0.028125 0.0453125
0 0.50390625 0.39140625 0.046875 0.075
0 0.5265625 0.33984375 0.040625 0.040625
0 0.421875 0.4625 0.040625 0.0375
0 0.32421875 0.525 0.028125 0.0359375
0 0.35546875 0.53828125 0.046875 0.0359375
0 0.378125 0.75234375 0.05 0.0484375
0 0.42421875 0.66484375 0.059375 0.0421875
0 0.5921875 0.84453125 0.046875 0.046875
0 0.603125 0.80390625 0.0578125 0.05625
0 0.6234375 0.76953125 0.0375 0.053125
0 0.60625 0.71796875 0.040625 0.046875
0 0.6046875 0.57265625 0.046875 0.04375
0 0.51796875 0.50625 0.05 0.0578125
0 0.6515625 0.44375 0.0359375 0.0265625
0 0.65546875 0.4 0.0375 0.05
0 0.68671875 0.45234375 0.0453125 0.0625
0 0.63203125 0.503125 0.0515625 0.0546875
0 0.7609375 0.61328125 0.0546875 0.0578125
0 0.57578125 0.35234375 0.03125 0.0359375
0 0.56171875 0.74140625 0.04375 0.0390625
2 0.3453125 0.6390625 0.109375 0.11875
2 0.43828125 0.578125 0.09375 0.0875
2 0.35859375 0.446875 0.103125 0.1046875
2 0.50546875 0.465625 0.1078125 0.109375
2 0.5875 0.38046875 0.0875 0.096875
2 0.70078125 0.50390625 0.109375 0.1078125
2 0.69140625 0.69609375 0.125 0.1203125
2 0.50703125 0.7484375 0.11875 0.11875
2 0.5328125 0.6359375 0.0921875 0.10625
2 0.5984375 0.553125 0.0984375 0.0828125
1 0.3234375 0.55546875 0.1375 0.1171875
1 0.44921875 0.70625 0.1375 0.128125
1 0.7203125 0.61171875 0.1203125 0.1328125
1 0.5734375 0.6875 0.084375 0.0703125