4 1 0.473902084375 0.9974417875 0.45164666249999996 0.9090605249999999 0.29220264375 0.8656390296875 0.2499514875 0.760775340625 0.11964512187500001 0.6798045609375001 0.06662688125 0.5410381078125 0.04038180625 0.42262973906249995 0.047065449999999995 0.3938238859375 0.057769296875 0.351608865625 0.06327356875 0.326373971875 0.080419596875 0.22581137031249998 0.128793459375 0.171936525 0.170236471875 0.145992859375 0.1804064796875 0.1338082328125 0.20400372500000002 0.086550503125 0.24598960937499997 0.05376961718749999 0.29889944218750003 0.0302479328125 0.39510100625 0.0161965203125 0.500790909375 0.0177709296875 0.537815390625 0.031291793750000005 0.613483934375 0.0468363125 0.6301322625 0.058975768750000004 0.65393154375 0.088933890625 0.7478589609374999 0.108040334375 0.7804287765625 0.1682489546875 0.84916646875 0.2154344125 0.8830150296875001 0.24598960937499997 0.913449496875 0.3191006625 0.9560866593749999 0.407249496875 0.98407204375 0.4748472453125 0.9939734890624999 0.52725034375 0.9954542703125 0.576441384375 0.9892412265624999 0.5882400078125001 0.995333540625 0.5903533265625 1 0.63512566875 1 0.6381488546874999 0.9866172109375 0.6632268812500001 0.9463987390625 0.8509609828125001 0.8254928296875 0.941914515625 0.7255995765625001 0.9680692499999999 0.6816261781249999 1 0.5702704171875 1 0.473902084375
1 0.259375 0.60390625 0.1734375 0.14375
1 0.328125 0.7390625 0.178125 0.153125
1 0.48671875 0.67421875 0.1390625 0.128125
1 0.428125 0.759375 0.1 0.121875
1 0.56796875 0.72265625 0.115625 0.0875
1 0.58125 0.64453125 0.1203125 0.0921875
1 0.6921875 0.57734375 0.18125 0.128125
1 0.8546875 0.6609375 0.1578125 0.190625
1 0.809375 0.4625 0.1703125 0.1328125
1 0.69375 0.390625 0.1 0.1015625
1 0.68359375 0.45859375 0.06875 0.0625
1 0.559375 0.4671875 0.1578125 0.1234375
1 0.4453125 0.5046875 0.175 0.14375
1 0.359375 0.57890625 0.14375 0.128125
1 0.29609375 0.5109375 0.0890625 0.0796875
1 0.17734375 0.3390625 0.1390625 0.165625
1 0.25625 0.2359375 0.159375 0.1484375
1 0.3484375 0.2484375 0.1078125 0.1109375
1 0.425 0.284375 0.15 0.1296875
1 0.5203125 0.1765625 0.1765625 0.134375
1 0.596875 0.2859375 0.1140625 0.1125
1 0.6640625 0.2609375 0.0921875 0.0984375
1 0.72109375 0.30625 0.103125 0.1078125
1 0.52265625 0.3953125 0.15 0.153125
1 0.6265625 0.1625 0.1234375 0.0921875
2 0.5078125 0.803125 0.184375 0.184375
2 0.76875 0.61171875 0.1578125 0.1703125
2 0.83515625 0.3703125 0.175 0.184375
2 0.3140625 0.16640625 0.2015625 0.1578125
2 0.17578125 0.35078125 0.1984375 0.1828125
2 0.3234375 0.44609375 0.1640625 0.1546875
2 0.2171875 0.5796875 0.1890625 0.1984375
2 0.51328125 0.37265625 0.19375 0.1484375
2 0.315625 0.36328125 0.153125 0.1140625