4 0 0.5455729171875 0.013020832812499999 0.5950520828125 0.07291666718749999 0.7161458328125 0.22005208281250002 0.8841145828125001 0.23307291718749998 0.9296875 0.23046875 0.9752604171874999 0.23828125 0.9817708328125001 0.2565104171875 0.9778645828125001 0.2786458328125 0.9518229171874999 0.2916666671875 0.94921875 0.3372395828125 0.96875 0.3880208328125 0.9817708328125001 0.4557291671875 0.9908854171874999 0.5481770828125 0.98828125 0.6302083328125 0.9674479171874999 0.66796875 0.9466145828125001 0.72265625 0.9270833328125001 0.7994791671875 0.8776041671874999 0.8268229171874999 0.8515625 0.8815104171874999 0.76953125 0.8997395828125001 0.75 0.9192708328125001 0.73828125 0.953125 0.6692708328125 0.96484375 0.6341145828125 0.98046875 0.5286458328125 0.984375 0.4296875 0.9674479171874999 0.3697916671875 0.93359375 0.31640625 0.9283854171874999 0.2903645828125 0.90625 0.2734375 0.8658854171874999 0.21875 0.7825520828125 0.14453125 0.7630208328125 0.12109375 0.7239583328125 0.1041666671875 0.69921875 0.0859375 0.5872395828125 0.046875 0.4466145828125 0.0338541671875 0.3541666671875 0.0625 0.21744791718749998 0.1588541671875 0.1640625 0.1875 0.03515625 0.31640625 0 0.4010416671875 0 0.5455729171875
1 0.70234375 0.66640625 0.14921875 0.10625
1 0.59921875 0.77734375 0.15234375 0.11640625
1 0.46484375 0.67109375 0.11640625 0.1
1 0.49765625 0.76953125 0.0734375 0.10546875
1 0.3734375 0.6953125 0.10234375 0.0609375
1 0.38203125 0.61640625 0.10703125 0.06484375
1 0.29375 0.52109375 0.1640625 0.0859375
1 0.11484375 0.55703125 0.1171875 0.1640625
1 0.21328125 0.37890625 0.15 0.09453125
1 0.34375 0.34140625 0.08046875 0.0828125
1 0.33515625 0.409375 0.05703125 0.04921875
1 0.4515625 0.45234375 0.13984375 0.0875
1 0.5515625 0.51953125 0.1515625 0.10546875
1 0.61328125 0.61484375 0.12109375 0.09921875
1 0.69296875 0.56640625 0.07578125 0.0609375
1 0.8546875 0.434375 0.103125 0.14296875
1 0.80703125 0.31328125 0.13203125 0.11640625
1 0.71484375 0.3 0.0859375 0.09140625
1 0.63125 0.31328125 0.128125 0.0984375
1 0.56953125 0.18359375 0.15703125 0.0953125
1 0.465625 0.2671875 0.0921875 0.09140625
1 0.4078125 0.225 0.071875 0.08203125
1 0.340625 0.25234375 0.08203125 0.08828125
1 0.50703125 0.39296875 0.1203125 0.12421875
1 0.47109375 0.140625 0.11015625 0.06484375
2 0.409375 0.7890625 0.1484375 0.15
2 0.2109375 0.53359375 0.1234375 0.14140625
2 0.21328125 0.2828125 0.13828125 0.15234375
2 0.77109375 0.23046875 0.1765625 0.1140625
2 0.85234375 0.44609375 0.16640625 0.1421875
2 0.684375 0.496875 0.13515625 0.121875
2 0.75 0.6546875 0.14921875 0.16328125
2 0.52265625 0.37421875 0.17109375 0.10546875
2 0.71484375 0.41953125 0.1359375 0.08046875