4 0.027026878124999997 0.5735908953125 0.115055775 0.7788060125 0.11335651875 0.8261720921875 0.096797003125 0.8687097796875 0.102215303125 0.8773157484375 0.12075936875 0.87923380625 0.1498587171875 0.8613069296875 0.16304699843749998 0.8628538796875 0.20035392812500002 0.8955120078125001 0.244626109375 0.923587825 0.30620400000000003 0.9531793343749999 0.39493192499999996 0.9792706015625001 0.4793861328125 0.9848059749999999 0.521736278125 0.9766609078125 0.5797826703125 0.9749849515625 0.668135509375 0.95166705625 0.7021882781250001 0.9353496421875 0.77954823125 0.8742326546875001 0.8029206859375 0.8612904531250001 0.8251173015625 0.8561807484375 0.8786399203125 0.8010094546875001 0.9006489921874999 0.771195165625 0.9481008859375001 0.675716815625 0.9823957578125 0.5828089453125 0.9848059749999999 0.5206138671875 0.96910575 0.45937980468750006 0.9721996484375 0.43300324375 0.9563783718750001 0.4100644125 0.934888740625 0.3455801671875 0.878568884375 0.24924252500000002 0.867236146875 0.22091664843749997 0.8353162578125 0.1927470609375 0.8174206390625001 0.167765140625 0.7229930999999999 0.0960110296875 0.5932744359375001 0.040171967187500005 0.49649919374999996 0.0388477953125 0.3366968609375 0.0882376375 0.2770722625 0.0989844421875 0.11464091093749999 0.18174735 0.0550515484375 0.2513765359375 0.0103889359375 0.3888339234375 0.00748258125 0.43991506406249997 0.027026878124999997 0.5735908953125
1 0.64140625 0.72109375 0.175 0.146875
1 0.50859375 0.79453125 0.18125 0.1578125
1 0.4140625 0.6515625 0.1421875 0.13125
1 0.41484375 0.75546875 0.103125 0.1234375
1 0.31953125 0.646875 0.115625 0.0890625
1 0.3515625 0.57421875 0.121875 0.0953125
1 0.29765625 0.45625 0.1828125 0.1328125
1 0.11640625 0.43515625 0.1625 0.1921875
1 0.26484375 0.29609375 0.171875 0.1359375
1 0.40078125 0.30078125 0.1015625 0.103125
1 0.37109375 0.3625 0.06875 0.0640625
1 0.46875 0.43984375 0.159375 0.1265625
1 0.54296875 0.534375 0.1765625 0.146875
1 0.571875 0.64453125 0.1453125 0.13125
1 0.66328125 0.62265625 0.090625 0.08125
1 0.8578125 0.546875 0.1421875 0.1671875
1 0.85 0.4171875 0.1609375 0.1515625
1 0.76640625 0.3765625 0.109375 0.1140625
1 0.6828125 0.36328125 0.1515625 0.1328125
1 0.6640625 0.2203125 0.178125 0.1390625
1 0.5390625 0.26796875 0.115625 0.115625
1 0.49765625 0.21015625 0.09375 0.1
1 0.425 0.21484375 0.1046875 0.109375
1 0.53984375 0.4 0.153125 0.1546875
1 0.58359375 0.14921875 0.125 0.0953125
2 0.32421875 0.746875 0.1875 0.1890625
2 0.21484375 0.44296875 0.1609375 0.171875
2 0.29453125 0.2046875 0.178125 0.1875
2 0.84140625 0.32734375 0.203125 0.1625
2 0.8515625 0.5578125 0.2015625 0.1859375
2 0.6765625 0.55390625 0.165625 0.1578125
2 0.68984375 0.72421875 0.1921875 0.2015625
2 0.56015625 0.3875 0.1953125 0.153125
2 0.72890625 0.48984375 0.1546875 0.11875