4 0.3706912078125 0 0.16041522187499999 0.11655788125 0.15041516875 0.1348049359375 0.08630496875 0.21586423125 0.0395531125 0.295770928125 0.008336753125 0.399884653125 0 0.4482279625 0 0.520987628125 0.0031292125 0.5795676578125 0.018795209375 0.6555767484375 0.026329425 0.6768083328125 0.0909707078125 0.7934242921875 0.11325784218749999 0.8107128453125 0.14076491093750002 0.8240492796875 0.2064555484375 0.8776225640625 0.3244851046875 0.933943746875 0.3644035578125 0.9467524078125 0.42338798437499997 0.9595792359375 0.56457810625 0.96600916875 0.6212391640625 0.9631852828125 0.7172999859375 0.951225684375 1 0.7945225078125 1 0.3706912078125 0.794522509375 0 0.3706912078125 0
3 0.6921875 0.66484375 0.2328125 0.1828125
3 0.53515625 0.61171875 0.140625 0.1171875
3 0.49375 0.68671875 0.171875 0.1328125
3 0.18515625 0.6421875 0.1171875 0.096875
3 0.221875 0.3640625 0.13125 0.1296875
3 0.296875 0.2421875 0.159375 0.1359375
3 0.31796875 0.1734375 0.0765625 0.0671875
3 0.21484375 0.1625 0.1703125 0.159375
3 0.58046875 0.03046875 0.1140625 0.0609375
3 0.365625 0.04453125 0.0796875 0.0734375
3 0.7953125 0.11015625 0.125 0.153125
3 0.66640625 0.21875 0.0921875 0.078125
3 0.73515625 0.40390625 0.0875 0.0984375
3 0.64375 0.45234375 0.153125 0.13125
3 0.89921875 0.48046875 0.1421875 0.1265625
3 0.4625 0.440625 0.0765625 0.0734375
3 0.41484375 0.36875 0.0640625 0.0640625