4 0.1629629625 0 0.11574074062499999 0.0203703703125 0.10555555624999999 0.013888889062500001 0.1 0.002777778125 0.0870370375 0.0009259265625 0.0740740734375 0.0120370375 0.072222221875 0.0268518515625 0.0629629625 0.0379629625 0 0.075 0 0.9444444437499999 0.048148148437499996 0.965740740625 0.1898148140625 1 0.5287037031249999 1 0.61851851875 0.9638888890624999 0.66944444375 0.9388888890624999 0.7898148140625 0.8648148140625 0.8351851859374999 0.825 0.8638888890624999 0.79444444375 0.9398148140625 0.6879629625 0.9712962968750001 0.609259259375 0.9888888890624999 0.584259259375 1 0.5583333328125 1 0.425 0.996296296875 0.40277777812500004 0.9731481484375 0.328703703125 0.9231481484374999 0.2259259265625 0.88148148125 0.1740740734375 0.803703703125 0.0981481484375 0.7240740734375 0.0509259265625 0.628703703125 0.0111111109375 0.6111111109375 0 0.1629629625 0
3 0.41171875 0.7375 0.21796875 0.0875
3 0.5234375 0.61484375 0.12421875 0.06484375
3 0.59609375 0.66015625 0.16171875 0.06171875
3 0.84453125 0.471875 0.1046875 0.053125
3 0.67734375 0.24609375 0.0984375 0.09375
3 0.55234375 0.17578125 0.1390625 0.078125
3 0.50078125 0.12578125 0.06484375 0.04140625
3 0.5859375 0.06640625 0.13671875 0.10625
3 0.109375 0.07578125 0.065625 0.1390625
3 0.1859375 0.1015625 0.075 0.1015625
3 0.396875 0.03671875 0.06484375 0.0484375
3 0.053125 0.30234375 0.0671875 0.1375
3 0.21796875 0.33515625 0.08203125 0.04296875
3 0.24765625 0.5296875 0.053125 0.08359375
3 0.3515625 0.528125 0.13203125 0.07734375
3 0.14140625 0.6765625 0.11796875 0.07890625
3 0.50390625 0.4296875 0.059375 0.0515625
3 0.5109375 0.34375 0.04765625 0.04609375