4 0.3945649765625 0 0.37984818593749997 0.00893938125 0.283797478125 0.047083690625 0.20335583437500002 0.0929089921875 0.12426481250000002 0.16746594374999998 0.0816995515625 0.21858271562499998 0.029913446875 0.32047221875 0.005476053125 0.3941310203125 0.0013850828125000002 0.41628522031250004 0 0.4956365625 0 0.551906475 0.009715043750000001 0.5757141390625 0.026868646875000003 0.6010173640625001 0.056971765625000004 0.6802585078125001 0.13102776875 0.7880488609375 0.1591938328125 0.8191007125 0.2038624296875 0.859701284375 0.322921696875 0.93586483125 0.3734035546875 0.9617498031249999 0.46257446562500004 0.9994228984375001 0.4956365921875 1 0.825299671875 1 0.9436547359375 0.9735557078125 0.9921672218750001 0.9531029562500001 1 0.5043634171875 1 0.079298359375 0.9450341328125 0.04566068125 0.9359702000000001 0.034389665624999996 0.934377184375 0.0195447890625 0.921610109375 0.0082091359375 0.908616803125 0.0098344703125 0.9028681765625001 0.02084693125 0.8925714265625 0.02714966875 0.8457119078125 0.005958259375 0.5043634078125 0 0.3945649765625 0
3 0.584375 0.7390625 0.21875 0.090625
3 0.47421875 0.6140625 0.125 0.0671875
3 0.40078125 0.65859375 0.1625 0.0640625
3 0.15625 0.465625 0.10625 0.0546875
3 0.32734375 0.24296875 0.1 0.0953125
3 0.453125 0.175 0.140625 0.08125
3 0.50546875 0.12578125 0.065625 0.0421875
3 0.421875 0.06484375 0.1390625 0.109375
3 0.89765625 0.0828125 0.06875 0.140625
3 0.82109375 0.10703125 0.0765625 0.103125
3 0.6109375 0.03828125 0.065625 0.05
3 0.95 0.31015625 0.0703125 0.1390625
3 0.78515625 0.33984375 0.0828125 0.04375
3 0.7515625 0.534375 0.0546875 0.084375
3 0.64765625 0.53046875 0.1328125 0.0796875
3 0.85546875 0.6828125 0.11875 0.08125
3 0.49765625 0.4296875 0.0609375 0.053125
3 0.49140625 0.34375 0.0484375 0.046875