4 0.5919551140625 0 0.5409903828125 0.030773699999999998 0.5063542625 0.0370094953125 0.47961374062499995 0.045744625 0.39258944218749997 0.100026525 0.369428625 0.1254440875 0.3454441734375 0.139742490625 0.32569721406249996 0.157119609375 0.299122540625 0.1905776171875 0.28910023125 0.21016437500000001 0.289059309375 0.24541964374999997 0.2607589671875 0.27390115000000004 0.2564430765625 0.2880842546875 0.244926853125 0.30415775625 0.22105827968749997 0.319187778125 0.22269305468749998 0.3354282859375 0.219858584375 0.3471268359375 0.181291684375 0.38773404375 0.1607960484375 0.429978890625 0.1598281078125 0.459381190625 0.15493283124999999 0.469906190625 0.1421544484375 0.4839296734375 0.1355834734375 0.5134694328125 0.10158920625000001 0.5533524062499999 0.0986763359375 0.582312778125 0.084056409375 0.5906281390625 0.0720766765625 0.60377515625 0.0710712578125 0.6151840125 0.078991840625 0.629678971875 0.083266809375 0.6507511328125 0.09335158593750001 0.66115345 0.093724203125 0.6753439421875 0.07630728437499999 0.7133512953125 0.0737170609375 0.7325109015625 0.062084959375000005 0.74785278125 0.0536349609375 0.7536909734374999 0.037674478125 0.7772181421875 0.0729596578125 1 0.53935085625 1 0.7199688 0.971392928125 0.7330948140625 0.9595643078125 0.7377583359375001 0.947576065625 0.75246915625 0.9279966937499999 0.759851271875 0.9035782828125001 0.7906009734375 0.8432099203125001 0.8061104406249999 0.8227540828125001 0.8199192265624999 0.8093173734375 0.8378496265625 0.7982277609375 0.8490307109374999 0.7859572125 0.851981059375 0.7749902859375 0.8446273703125 0.7581556140625 0.8114476859374999 0.7499112265625001 0.7991987203125 0.74360155625 0.7985034546875001 0.739211828125 0.8077146234375 0.7145037249999999 0.8272423218749999 0.7016611765625 0.84690183125 0.6422993531250001 0.866031925 0.603270684375 0.877779903125 0.5886604265625001 0.8821741937500001 0.5572154984375 0.8940005703124999 0.52534341875 0.93607221875 0.46543175625 0.9651087453124999 0.40608470937499996 0.9865438953125001 0.37569064375 0.9270403421875001 0 0.5919551140625 0
0 0.465625 0.55 0.0828125 0.0890625
0 0.38984375 0.6046875 0.103125 0.0796875
0 0.4078125 0.72265625 0.084375 0.090625
0 0.55703125 0.340625 0.1140625 0.103125
0 0.69609375 0.28984375 0.109375 0.0765625
0 0.82265625 0.23671875 0.0984375 0.0703125
0 0.75859375 0.09921875 0.0765625 0.06875
0 0.7859375 0.0234375 0.071875 0.046875
0 0.4890625 0.1125 0.0953125 0.0609375
0 0.54296875 0.14453125 0.0859375 0.075
0 0.63515625 0.2359375 0.046875 0.0578125
0 0.8109375 0.43515625 0.1046875 0.0765625
0 0.66171875 0.7875 0.090625 0.1109375
0 0.4765625 0.890625 0.0734375 0.0703125
0 0.2125 0.85078125 0.0921875 0.0734375
0 0.26875 0.9828125 0.0875 0.034375
0 0.31875 0.50859375 0.084375 0.0703125
3 0.22421875 0.55703125 0.125 0.1125
3 0.67421875 0.0609375 0.1078125 0.0734375
3 0.675 0.528125 0.0984375 0.1046875
3 0.56796875 0.846875 0.1359375 0.1
3 0.43203125 0.98046875 0.1015625 0.0390625
3 0.30234375 0.83359375 0.1015625 0.09375
3 0.2515625 0.73203125 0.184375 0.153125
3 0.39296875 0.43125 0.0984375 0.0796875