4 0 0.5836713062500001 0.026636689062500003 0.66102986875 0.1017587625 0.7313105984375 0.20924657343750003 0.8159553890625 0.279685709375 0.8584157250000001 0.350243534375 0.8841565765625001 0.387801046875 0.8908463921875001 0.432756071875 0.9047999953125 0.543222865625 0.9099314187499999 0.5909230203125 0.9062611765625 0.6116630875 0.9010819890624999 0.6878604140625 0.8777884296874999 0.73247935 0.8594816125 0.7892327906250001 0.8252234078124999 0.8377132390625001 0.78400286875 0.88583056875 0.7360396953125 0.9282402390625 0.674344303125 0.9397096171875001 0.650773175 0.9521731640625 0.61018110625 0.9663841468750001 0.5405355875 0.9736488703124999 0.450716665625 0.9573672890625 0.37783524218750003 0.9443702281249999 0.25476810625 0.9093369203125 0.1530239921875 0.8516363140625 0.096366475 0.816521921875 0.0711757109375 0.769724275 0.0490267171875 0.707772009375 0.034058068749999997 0.5847159265624999 0.029337104687499997 0.53354440625 0.03714591875 0.518539028125 0.030539540625 0.482220115625 0.0302909078125 0.44218893125000003 0.0391692734375 0.416134878125 0.0402916421875 0.33498668125000003 0.0662710171875 0.2935676546875 0.082494921875 0.28729005 0.0983918078125 0.2397121109375 0.1137931109375 0.2391691953125 0.11790443125000001 0.257313375 0.116562365625 0.261449871875 0.12004353281249999 0.2081066890625 0.1442976359375 0.19914153750000002 0.15523334687499998 0.17671161875000002 0.16688096875 0.1613772015625 0.18491526875 0.10060947656250001 0.227423371875 0.0248399 0.29177564375 0 0.32623786875 0 0.5836713062500001
1 0.58125 0.63125 0.14375 0.1515625
1 0.1234375 0.55390625 0.1203125 0.1296875
1 0.1921875 0.2984375 0.1296875 0.1390625
1 0.29609375 0.228125 0.0625 0.065625
1 0.3796875 0.26796875 0.109375 0.1359375
1 0.46015625 0.24765625 0.115625 0.125
1 0.5203125 0.20390625 0.090625 0.1015625
1 0.6109375 0.2265625 0.096875 0.1078125
1 0.67890625 0.18828125 0.109375 0.1140625
1 0.66484375 0.3921875 0.14375 0.14375
1 0.72890625 0.43125 0.1265625 0.1125
1 0.47578125 0.3484375 0.146875 0.1328125
1 0.334375 0.4390625 0.1140625 0.1046875
1 0.29296875 0.51015625 0.14375 0.13125
1 0.484375 0.57421875 0.1046875 0.10625
1 0.559375 0.5421875 0.1140625 0.1234375
1 0.4640625 0.74921875 0.1171875 0.1265625