4 0.0418344125 0 0.00596991875 0.4099330421875 0.029473035937499996 0.43875782812499997 0.062578671875 0.49593482343749995 0.1087270625 0.5527657734375 0.12274791562500001 0.5837352484375 0.12932498750000002 0.6147970484374999 0.142063509375 0.62855221875 0.16386950625000002 0.6661513671875 0.187621996875 0.7239972109374999 0.207997978125 0.735446290625 0.2189102578125 0.7594516687499999 0.2185228984375 0.7638792015625 0.2067439109375 0.771027946875 0.17422015 0.78156675 0.1680587015625 0.7988733796874999 0.1717668765625 0.8096077875000001 0.183776675 0.8210684921875 0.20243697031250002 0.830880328125 0.217149415625 0.8433210546875 0.2340480296875 0.8626451765625 0.2689339109375 0.9207214953125 0.2780013859375 0.9445654734375 0.294042159375 0.9630709749999999 0.29953057968749996 0.974704703125 0.313449740625 0.9855888859374999 0.478169528125 1 0.9581655874999999 1 0.9805370812499999 0.7442926546875 0.962974303125 0.72193614375 0.9541376375 0.716701615625 0.9414636765625 0.702208521875 0.93754325625 0.6832762734375 0.9175175046874999 0.6465764453125 0.9168993359375 0.6323945281250001 0.9262339171875 0.6213140734375 0.929028553125 0.5999950359375 0.9359187234374999 0.5849828734375 0.9341199140625 0.57367194375 0.9212522734374999 0.561392615625 0.906087909375 0.5541173453125 0.9011619609375 0.5254307109374999 0.86446840625 0.488016209375 0.8558528484375 0.4590067765625 0.8421273656249999 0.445908828125 0.836509825 0.43575094375 0.8334932421874999 0.4064877875 0.8101006796875 0.36577555 0.7687951125 0.32795755 0.765151496875 0.31648522031250004 0.765649409375 0.3001702375 0.7407905375 0.2868418140625 0.7281811359375 0.27161079843749997 0.7228863953125 0.2577633046875 0.692668221875 0.231325309375 0.6901681171875 0.1961587765625 0.67880391875 0.1773188515625 0.649960065625 0.1457961015625 0.6290490421875 0.12983879062499998 0.604125609375 0.1172482890625 0.579248171875 0.0935082578125 0.48864934531250004 0.045429093749999996 0.46136463125000005 0.03858056875 0.4263778953125 0.03477605625 0.37211269687500004 0.006977789062500001 0.3435827796875 0.003738175 0.308144125 0.0050991140625 0.3029642984375 0 0.0418344125 0
0 0.5375 0.546875 0.078125 0.084375
0 0.6171875 0.596875 0.1 0.075
0 0.60703125 0.715625 0.0796875 0.0859375
0 0.43203125 0.3453125 0.109375 0.096875
0 0.28984375 0.3046875 0.10625 0.06875
0 0.159375 0.26015625 0.0953125 0.0640625
0 0.2140625 0.11796875 0.0734375 0.0640625
0 0.18046875 0.03984375 0.06875 0.053125
0 0.48359375 0.1125 0.0921875 0.05625
0 0.43203125 0.1484375 0.08125 0.0703125
0 0.346875 0.24609375 0.04375 0.0546875
0 0.18515625 0.45703125 0.1015625 0.0703125
0 0.35859375 0.7984375 0.084375 0.1078125
0 0.55078125 0.88828125 0.0703125 0.065625
0 0.81171875 0.8296875 0.0890625 0.06875
0 0.765625 0.97578125 0.084375 0.0484375
0 0.68125 0.49609375 0.08125 0.065625
3 0.77890625 0.5375 0.11875 0.1046875
3 0.2953125 0.07421875 0.1046875 0.0671875
3 0.32734375 0.540625 0.0921875 0.1
3 0.45703125 0.85078125 0.13125 0.0921875
3 0.60078125 0.97890625 0.0984375 0.0421875
3 0.72109375 0.81875 0.096875 0.0890625
3 0.7640625 0.71484375 0.1765625 0.1421875
3 0.60234375 0.42421875 0.09375 0.0734375