4 1 0.30519480468750004 0.9638888890624999 0.23283859062499998 0.9388888890624999 0.1975881265625 0.9018518515625 0.16141001875 0.8481481484375 0.1270871984375 0.7333333328125 0.08256029687500001 0.6824074078125 0.07328385937500001 0.6703703703125 0.062152132812500004 0.6361111109375 0.050092764062499996 0.5953703703125 0.0454545453125 0.5703703703125 0.0380333953125 0.48518518593750004 0.0361781078125 0.440740740625 0.0380333953125 0.4296296296875 0.0510204078125 0.3796296296875 0.050092764062499996 0.377777778125 0.0538033390625 0.3953703703125 0.0584415578125 0.3981481484375 0.063079778125 0.3398148140625 0.068645640625 0.32777777812500003 0.076066790625 0.302777778125 0.079777365625 0.2824074078125 0.09183673437499999 0.21111111093749999 0.1122448984375 0.11851851875 0.14842300625 0.077777778125 0.1771799625 0.051851851562499995 0.2217068640625 0.0148148140625 0.245825603125 0 0.26252319062499996 0 0.4981447125 0.048148148437499996 0.589053803125 0.12222222187500001 0.7040816328124999 0.175 0.767161409375 0.23333333281250002 0.8144712437500001 0.2666666671875 0.83302411875 0.3046296296875 0.8608534328124999 0.4074074078125 0.9016697593749999 0.45370370312499997 0.9137291281250001 0.475 0.9155844156249999 0.5546296296875 0.918367346875 0.602777778125 0.9155844156249999 0.6675925921875 0.9016697593749999 0.7268518515625 0.8784786640625001 0.7879629625 0.8487940625 0.8481481484375 0.8042671609375001 0.8666666671875 0.7857142859375 0.8916666671875 0.751391465625 0.9277777781250001 0.6901669765625 0.9638888890624999 0.6076066796874999 0.972222221875 0.5333951765625 1 0.41280148437499997 1 0.30519480468750004
1 0.534375 0.65078125 0.11015625 0.12265625
1 0.1265625 0.428125 0.090625 0.10546875
1 0.27421875 0.209375 0.09765625 0.11328125
1 0.39609375 0.1765625 0.04765625 0.05234375
1 0.46171875 0.24140625 0.07578125 0.1171875
1 0.54453125 0.2484375 0.08671875 0.103125
1 0.615625 0.2265625 0.0671875 0.084375
1 0.69375 0.27734375 0.07265625 0.08828125
1 0.77109375 0.26328125 0.08359375 0.09140625
1 0.69140625 0.4515625 0.11328125 0.11328125
1 0.7390625 0.509375 0.1046875 0.08359375
1 0.5265625 0.34921875 0.12109375 0.09921875
1 0.36328125 0.38828125 0.09296875 0.078125
1 0.30078125 0.4421875 0.1171875 0.09921875
1 0.4609375 0.56484375 0.08203125 0.084375
1 0.5421875 0.559375 0.08671875 0.10078125
1 0.38515625 0.72421875 0.08828125 0.10390625