4 0 0 0 0.4533333328125 0.0259259265625 0.48 0.0638888890625 0.5340740734375 0.1148148140625 0.5866666671874999 0.13148148125 0.616296296875 0.140740740625 0.6466666671875 0.1546296296875 0.659259259375 0.17962962968750001 0.6948148140625 0.20833333281250002 0.7503703703125 0.2296296296875 0.76 0.24259259218749998 0.7829629625 0.24259259218749998 0.7874074078125 0.23148148124999998 0.79555555625 0.2 0.8088888890625 0.19537037031249999 0.8266666671875 0.2 0.8370370375 0.21296296250000002 0.8474074078125 0.23240740781250002 0.85555555625 0.24814814843750002 0.8666666671875 0.2666666671875 0.88444444375 0.30648148124999997 0.9392592593750001 0.31759259218749997 0.9622222218750001 0.3351851859375 0.9792592593749999 0.3416666671875 0.9903703703125 0.35648148125 1 1 1 1 0.70148148125 0.98055555625 0.680740740625 0.9712962968750001 0.676296296875 0.9574074078124999 0.6629629625 0.9518518515625001 0.64444444375 0.928703703125 0.6096296296875 0.9268518515625 0.59555555625 0.9351851859375 0.5837037031250001 0.9361111109375001 0.562222221875 0.9416666671874999 0.5466666671875 0.9388888890624999 0.5355555562500001 0.925 0.52444444375 0.909259259375 0.51851851875 0.9018518515625 0.4903703703125 0.8620370375 0.456296296875 0.8509259265625 0.4281481484375 0.8361111109375001 0.41629629687499997 0.8296296296874999 0.4066666671875 0.8240740734375 0.377777778125 0.797222221875 0.339259259375 0.752777778125 0.3051851859375 0.7481481484375 0.29407407343749997 0.747222221875 0.27777777812500004 0.7212962968750001 0.2666666671875 0.7074074078125 0.25259259218749996 0.7009259265625001 0.23925925937499998 0.66851851875 0.21555555625 0.6629629625 0.180740740625 0.65 0.1629629625 0.61851851875 0.1340740734375 0.5962962968750001 0.12 0.5703703703125 0.10962962968750001 0.54351851875 0.08814814843749999 0.44907407343749994 0.048148148437499996 0.42129629687500003 0.043703703125 0.3861111109375 0.0429629625 0.3296296296875 0.02 0.3009259265625 0.019259259375 0.26574074062499997 0.023703703125 0.2370370375 0 0 0
0 0.54140625 0.54375 0.071875 0.078125
0 0.625 0.5859375 0.09453125 0.06640625
0 0.62578125 0.70546875 0.07265625 0.0796875
0 0.41875 0.3515625 0.1015625 0.0890625
0 0.2734375 0.3234375 0.10078125 0.0609375
0 0.13984375 0.290625 0.090625 0.05625
0 0.18203125 0.14453125 0.06796875 0.05859375
0 0.14140625 0.06953125 0.06484375 0.0484375
0 0.45 0.115625 0.08828125 0.0484375
0 0.4015625 0.15546875 0.0765625 0.06328125
0 0.325 0.26015625 0.0390625 0.0515625
0 0.1828125 0.484375 0.096875 0.06171875
0 0.38515625 0.809375 0.0765625 0.10078125
0 0.584375 0.88203125 0.06484375 0.0609375
0 0.8390625 0.8015625 0.08359375 0.0609375
0 0.80703125 0.96171875 0.07890625 0.06328125
0 0.68046875 0.48046875 0.0765625 0.059375
3 0.78125 0.51328125 0.1109375 0.09609375
3 0.259375 0.09375 0.09921875 0.059375
3 0.33125 0.55546875 0.084375 0.09296875
3 0.4875 0.853125 0.125 0.08125
3 0.64375 0.97578125 0.09453125 0.0484375
3 0.74765625 0.7984375 0.090625 0.08125
3 0.78203125 0.690625 0.165625 0.128125
3 0.5953125 0.415625 0.0890625 0.06640625