4 0 0.6246640015625 0.0576551984375 0.733097659375 0.1428467234375 0.7907614359374999 0.26225254374999996 0.8575493109375 0.3384667171875 0.8884677812499999 0.4121826140625 0.9028540453125 0.45032424843749996 0.9035862078125 0.4969086265625 0.910335503125 0.6068181234375001 0.8981229359375 0.6533568562500001 0.8870359328124999 0.673031375 0.8786760484375 0.744646671875 0.8437493843749999 0.78585245625 0.818688015625 0.8365480062499999 0.775973390625 0.8779832656250001 0.7276763328125 0.9180050984375001 0.67277645625 0.9502413484375 0.6052063015625 0.9578821828124999 0.5801311671875 0.9638422859375 0.5380891265625001 0.966983346875 0.46707797187500005 0.9601078546874999 0.3772284171875 0.932625559375 0.3077912859375 0.9005365734374999 0.1882724984375 0.850018296875 0.093261440625 0.78416489375 0.046327834375 0.7455421140625 0.0269403109375 0.6958557578125 0.012384775 0.6323246140625 0.007291884375 0.510045034375 0.0218792546875 0.4607250875 0.0375969203125 0.44487098593749996 0.0334192359375 0.40896032499999996 0.03885519375 0.3708108734375 0.0538865078125 0.345253165625 0.059070810937499996 0.26916810625 0.0974247109375 0.23079699531250003 0.11992823593749999 0.2270835 0.1366114375 0.18250061875 0.1592659546875 0.1826075390625 0.1634115890625 0.2003183890625 0.159247671875 0.20494853281249997 0.1620388890625 0.1560562703125 0.194339096875 0.1489122171875 0.20654262812500002 0.1285805375 0.2215556609375 0.1162560984375 0.2417667609375 0.0628862578125 0.293257684375 0 0.3664775796875 0 0.6246640015625
1 0.60078125 0.6171875 0.1546875 0.159375
1 0.13671875 0.61171875 0.1296875 0.1359375
1 0.1640625 0.34921875 0.1390625 0.1453125
1 0.25625 0.26328125 0.0671875 0.06875
1 0.34453125 0.28984375 0.121875 0.1390625
1 0.42109375 0.25703125 0.125 0.13125
1 0.4734375 0.20390625 0.0984375 0.10625
1 0.56640625 0.2125 0.10625 0.1125
1 0.628125 0.1640625 0.1171875 0.1203125
1 0.64609375 0.3671875 0.153125 0.153125
1 0.715625 0.39609375 0.13125 0.1234375
1 0.45234375 0.3546875 0.153125 0.14375
1 0.3265625 0.465625 0.11875 0.1125
1 0.296875 0.5421875 0.15 0.1421875
1 0.49609375 0.57578125 0.1125 0.1125
1 0.56484375 0.5328125 0.1234375 0.1296875
1 0.50390625 0.7515625 0.1265625 0.1328125