4 0.9588521328124999 0.4587978921875 0.9346996140625 0.4171354703125 0.8737890984375 0.3492672484375 0.7853796375 0.2909957484375 0.745769534375 0.269193990625 0.6947510140625 0.265008409375 0.6460912390625 0.2708077390625 0.5716936921875 0.262642784375 0.520217190625 0.26718035625000003 0.464163746875 0.26155103281250003 0.448565615625 0.2716087671875 0.42698121718750004 0.30333486875000004 0.40835505781250003 0.31365951718749996 0.3486042984375 0.3185489390625 0.2800505453125 0.34384497187499996 0.23955889375 0.3662898609375 0.2068835125 0.3971060546875 0.1575190734375 0.41882301718750004 0.1293154640625 0.44433737031250004 0.0882243171875 0.4981686265625 0.05910377812499999 0.57359543125 0.054311684375 0.6948217828125001 0.07617525 0.747633828125 0.089378296875 0.765723128125 0.11990431093750001 0.788325634375 0.1340577375 0.8157689687499999 0.169865353125 0.832620734375 0.2029614140625 0.8636794765625 0.3026731609375 0.9213322125 0.3795699984375 0.9492850109375001 0.4452706828125 0.9608591656250001 0.6453673156249999 0.9360482343750001 0.69649196875 0.92323640625 0.8013476624999999 0.8679370421874999 0.88338748125 0.8154038874999999 0.91937295 0.771460496875 0.9563097609375 0.7044049968749999 0.9653594343749999 0.676803909375 0.9687058625 0.625544765625 0.9641652625000001 0.5772459234375 0.9639568484375 0.4813761703125 0.9588521328124999 0.4587978921875
2 0.4375 0.38203125 0.0828125 0.08125
2 0.575 0.434375 0.096875 0.0984375
2 0.65 0.45625 0.0875 0.09375
2 0.7078125 0.5203125 0.1203125 0.115625
2 0.77578125 0.58515625 0.0875 0.0796875
2 0.2 0.59765625 0.1 0.0984375
2 0.334375 0.74765625 0.0984375 0.103125
2 0.5453125 0.7625 0.1171875 0.1296875
2 0.49609375 0.6546875 0.096875 0.0921875
2 0.50859375 0.540625 0.0859375 0.0890625
2 0.34609375 0.47578125 0.0640625 0.0671875
2 0.52578125 0.353125 0.090625 0.0859375
0 0.86484375 0.5296875 0.0734375 0.0859375
0 0.81171875 0.53046875 0.075 0.0734375
0 0.62890625 0.5703125 0.1046875 0.115625
0 0.5265625 0.459375 0.0625 0.06875
0 0.56328125 0.37578125 0.0671875 0.071875
0 0.48125 0.409375 0.059375 0.0609375
0 0.528125 0.45546875 0.0609375 0.06875
0 0.4640625 0.49609375 0.1296875 0.125
0 0.2609375 0.4359375 0.053125 0.05625
0 0.375 0.68046875 0.0625 0.0640625
0 0.35625 0.61015625 0.078125 0.0765625
0 0.2484375 0.5546875 0.0546875 0.059375
0 0.76796875 0.52421875 0.0796875 0.096875
0 0.70625 0.4796875 0.0546875 0.0640625
0 0.54375 0.66171875 0.06875 0.078125
1 0.80078125 0.403125 0.1171875 0.125
1 0.30390625 0.4640625 0.1125 0.1234375
1 0.21796875 0.53671875 0.121875 0.1328125
1 0.23671875 0.66015625 0.075 0.0765625
1 0.55078125 0.5890625 0.0828125 0.0765625
1 0.525 0.70703125 0.1125 0.1
1 0.321875 0.56328125 0.115625 0.1015625
1 0.79453125 0.65 0.0984375 0.1140625
1 0.6734375 0.39140625 0.065625 0.0703125