4 0.15092592656249998 0.8370370375 0.178703703125 0.8802469140625 0.2 0.9 0.2648148140625 0.940740740625 0.31759259218749997 0.9617283953125 0.4148148140625 0.967901234375 0.5333333328125 0.9654320984375 0.584259259375 0.9518518515625001 0.771296296875 0.8765432093750001 0.8231481484375 0.8345679015625 0.8768518515625001 0.77283950625 0.9361111109375001 0.6740740734374999 0.95 0.630864196875 0.9731481484375 0.5987654328125 0.972222221875 0.5679012343750001 0.9879629624999999 0.5333333328125 0.990740740625 0.5111111109375 0.984259259375 0.45432098749999994 0.921296296875 0.350617284375 0.859259259375 0.2987654328125 0.797222221875 0.2716049375 0.7601851859375001 0.2629629625 0.70648148125 0.267901234375 0.6629629625 0.25679012343749996 0.6166666671875001 0.25679012343749996 0.54444444375 0.267901234375 0.48981481406249994 0.2925925921875 0.46851851875 0.2925925921875 0.434259259375 0.2753086421875 0.415740740625 0.2740740734375 0.36944444375 0.3061728390625 0.322222221875 0.32716049375 0.2611111109375 0.3703703703125 0.21574074062499998 0.3888888890625 0.17314814843749998 0.41728395 0.1490740734375 0.45555555625000005 0.1 0.549382715625 0.07962962968750001 0.6382716046875 0.078703703125 0.686419753125 0.08518518593749999 0.708641975 0.13148148125 0.7925925921875 0.15092592656249998 0.8370370375
2 0.49765625 0.36640625 0.0625 0.05859375
2 0.40234375 0.47890625 0.0703125 0.0734375
2 0.34765625 0.534375 0.0578125 0.07578125
2 0.328125 0.61875 0.09296875 0.08046875
2 0.3 0.7078125 0.07265625 0.05
2 0.809375 0.43984375 0.0765625 0.06953125
2 0.76484375 0.6359375 0.0671875 0.08046875
2 0.5875 0.7515625 0.075 0.10703125
2 0.578125 0.63359375 0.0765625 0.0625
2 0.5125 0.53984375 0.0609375 0.0671875
2 0.62265625 0.40390625 0.04453125 0.05234375
2 0.40625 0.384375 0.06953125 0.06015625
0 0.1953125 0.703125 0.04375 0.0734375
0 0.2421875 0.678125 0.0578125 0.0515625
0 0.42109375 0.62421875 0.0671875 0.0953125
0 0.45703125 0.47734375 0.03984375 0.05625
0 0.384375 0.421875 0.0453125 0.05703125
0 0.47265625 0.41171875 0.0421875 0.046875
0 0.45390625 0.475 0.0390625 0.05625
0 0.5296875 0.47890625 0.1 0.0875
0 0.678125 0.328125 0.0359375 0.04453125
0 0.696875 0.596875 0.0453125 0.0484375
0 0.67890625 0.5265625 0.06015625 0.05390625
0 0.74609375 0.42578125 0.03671875 0.04765625
0 0.27734375 0.65078125 0.04296875 0.0875
0 0.309375 0.58203125 0.03125 0.05625
0 0.53984375 0.6625 0.04296875 0.06484375
1 0.18984375 0.5609375 0.07734375 0.10078125
1 0.65390625 0.3734375 0.071875 0.10078125
1 0.76484375 0.3953125 0.078125 0.109375
1 0.8078125 0.5125 0.0546875 0.05703125
1 0.4984375 0.60234375 0.06640625 0.05
1 0.578125 0.69296875 0.09375 0.06171875
1 0.68671875 0.46875 0.09921875 0.0609375
1 0.31484375 0.77421875 0.059375 0.096875
1 0.2953125 0.4890625 0.04296875 0.05703125