4 0.12339104375000001 0.8288855328125001 0.17831902187499998 0.8822117484374999 0.2255799 0.9137138890625 0.319394178125 0.9399654734375 0.43583614531250003 0.9621916796875001 0.488472709375 0.9594962890625001 0.6870800859374999 0.924720509375 0.7465260078125 0.89444306875 0.8118902109375 0.8452292140625 0.8903890015625 0.7609427359375001 0.9129582234375 0.7215647609375 0.9422742375000001 0.694980203125 0.9477855734375 0.66459795 0.9703694109375001 0.6340581234375 0.9777067484374999 0.6128990437499999 0.9831742328124999 0.5560023453125 0.943148375 0.44147408125 0.8932476015624999 0.377857090625 0.8382132062500001 0.3383918921875 0.8037822859375 0.3222383328125 0.7502254125000001 0.3159030625 0.7099680078125 0.2959867484375 0.664683396875 0.28636120625 0.5917292734374999 0.28221366875 0.5331598093750001 0.295007321875 0.5123288890625 0.29057957343749996 0.4824118125 0.26655041874999996 0.4645546484375 0.2614926125 0.41259632812499997 0.2832644015625 0.362042446875 0.2939753734375 0.293282921875 0.3235352953125 0.2450537859375 0.33221611093750003 0.1974882796875 0.3511351734375 0.16598316562499998 0.383565171875 0.098473715625 0.4651389078125 0.060067448437500004 0.5478501234375 0.0491511921875 0.594753609375 0.0508707796875 0.6178377984375001 0.078701075 0.7095794343749999 0.0884800921875 0.7570953890625 0.10666701875 0.8051363500000001 0.12339104375000001 0.8288855328125001
2 0.52578125 0.36875 0.0734375 0.0703125
2 0.40859375 0.459375 0.084375 0.0859375
2 0.34375 0.5015625 0.071875 0.0859375
2 0.30703125 0.58046875 0.1078125 0.0984375
2 0.2609375 0.66171875 0.08125 0.0640625
2 0.81484375 0.50546875 0.0890625 0.084375
2 0.73046875 0.68828125 0.0828125 0.0921875
2 0.53359375 0.7640625 0.0953125 0.1203125
2 0.5484375 0.646875 0.0875 0.0765625
2 0.50390625 0.54140625 0.0734375 0.078125
2 0.63984375 0.43125 0.0546875 0.0609375
2 0.43203125 0.3671875 0.08125 0.0734375
0 0.159375 0.63515625 0.0578125 0.08125
0 0.2109375 0.6203125 0.0671875 0.0625
0 0.396875 0.60546875 0.0859375 0.1078125
0 0.4625 0.46875 0.05 0.0640625
0 0.403125 0.39921875 0.05625 0.065625
0 0.49140625 0.4078125 0.0515625 0.0546875
0 0.46015625 0.465625 0.05 0.0625
0 0.53359375 0.48515625 0.115625 0.10625
0 0.71015625 0.36875 0.04375 0.0515625
0 0.67265625 0.6359375 0.0546875 0.05625
0 0.66953125 0.56328125 0.0703125 0.065625
0 0.75625 0.47890625 0.0453125 0.0546875
0 0.25078125 0.6015625 0.0609375 0.09375
0 0.296875 0.540625 0.0421875 0.0609375
0 0.50546875 0.6671875 0.05625 0.071875
1 0.18359375 0.4953125 0.096875 0.1140625
1 0.6765625 0.4078125 0.090625 0.1140625
1 0.78046875 0.45234375 0.0984375 0.1234375
1 0.7984375 0.5765625 0.065625 0.0671875
1 0.47734375 0.6 0.075 0.0625
1 0.5359375 0.7046875 0.1046875 0.0796875
1 0.6890625 0.50859375 0.109375 0.0796875
1 0.26171875 0.7296875 0.078125 0.1078125
1 0.30234375 0.446875 0.053125 0.0640625