4 0 0.597808196875 0.007968371875 0.6005995734375 0.04162331875 0.6038111640625 0.0936624609375 0.6208417703125 0.1240136171875 0.6347022625000001 0.1464128421875 0.65094236875 0.181360046875 0.6682576140625 0.2302256203125 0.7079734531249999 0.26683774374999997 0.72116788125 0.31735923125 0.72959616875 0.3372089921875 0.74720296875 0.34748498906249997 0.7489579953125001 0.377836146875 0.7628184874999999 0.4309852328125 0.7771018828125 0.4604778859375 0.790615515625 0.4778993984375 0.79445860625 0.5528666953125 0.823948446875 0.5780147421875 0.83091325625 0.651941221875 0.8432053734375 0.7329701328125 0.8799377500000001 0.7986151109375 0.8904817515625 0.87127538125 0.8910774781249999 0.883745225 0.88493081875 0.9356351765625 0.756498684375 0.919748359375 0.7364984453125001 0.918880853125 0.7089848515625 0.9292690671875 0.6684427453125 0.9389891296874999 0.5924784421875 0.9644307375000001 0.4949040453125 0.9680891859375 0.41169720468750004 0.9511785953125 0.34973977343749996 0.9410238171875 0.332854340625 0.9212001000000001 0.317654809375 0.91211218125 0.3203743671875 0.9026946875 0.31896619843749996 0.8709300546875 0.306132453125 0.848175209375 0.28335735 0.8429460531249999 0.27405440312499996 0.82140533125 0.2581611546875 0.7843163703125 0.25356213125 0.762775646875 0.23766888125 0.7343498546875 0.2437602390625 0.68369814375 0.22329561875 0.6408510984375 0.213174521875 0.5947693921874999 0.1937573890625 0.5682078703125 0.187819325 0.5147031625 0.16700093437500002 0.435322128125 0.1509072078125 0.41651318281250005 0.15049813125 0.4036356296875 0.1452952609375 0.3723478375 0.1238661109375 0.3262661296875 0.1044489796875 0.30228012031249996 0.099551490625 0.263274796875 0.102167353125 0.23462360625 0.11376004531249999 0.2170808734375 0.12504735625000002 0.18419825781250002 0.1668870265625 0.13871557343750002 0.2028370234375 0.132558784375 0.21313215468750002 0.129333128125 0.23100285468749998 0.10897244375 0.271510396875 0.09347629375 0.2876191546875 0.0388716078125 0.37580764843750003 0.025621392187499998 0.38882925 0 0.4349793671875 0 0.597808196875
3 0.125 0.54453125 0.1359375 0.171875
3 0.265625 0.509375 0.1421875 0.134375
3 0.39921875 0.5421875 0.1921875 0.2140625
3 0.52734375 0.53046875 0.090625 0.1046875
3 0.66015625 0.6109375 0.1421875 0.190625
3 0.73125 0.6640625 0.1296875 0.1515625
3 0.82109375 0.75546875 0.1625 0.1015625
3 0.88046875 0.70859375 0.1703125 0.1578125
3 0.4640625 0.3875 0.1515625 0.125
3 0.26796875 0.31328125 0.14375 0.109375
3 0.45234375 0.221875 0.103125 0.128125
3 0.68203125 0.28671875 0.0765625 0.0984375
3 0.73984375 0.44296875 0.0734375 0.0578125
3 0.2046875 0.246875 0.1171875 0.0859375
1 0.85390625 0.58125 0.084375 0.08125
1 0.215625 0.2015625 0.1046875 0.0765625