4 1 0.32294071406249997 0.993809334375 0.31529587812500004 0.964663196875 0.2969591265625 0.9211473359375001 0.2549920015625 0.90466894375 0.24641336875 0.8266664031250001 0.17804315937499998 0.8071376171875 0.16716891250000002 0.7758233390625 0.13438424531249998 0.767513740625 0.1182375 0.75861596875 0.1101922890625 0.7046099 0.0891109859375 0.6609313625000001 0.05871345625 0.6408550734375 0.053048346875 0.610066428125 0.0503389953125 0.5720006484375 0.0592414875 0.5504946000000001 0.07093780937500001 0.5121034640625 0.10297949375 0.4884480765625 0.13261995625 0.4776543828125 0.1413605171875 0.4597869015625 0.147250921875 0.38857979062500003 0.1858501984375 0.3434996921875 0.2214021859375 0.31983490625 0.2348466234375 0.2814437703125 0.26688830625 0.243428059375 0.2890944234375 0.2009728640625 0.3234739640625 0.172008203125 0.32595966718749997 0.15605544375 0.34745635468749997 0.1219317171875 0.3626981859375 0.10597895937499999 0.3841948734375 0.10369821093750001 0.3946201828125 0.0885964390625 0.4230529953125 0.061971993749999996 0.444613046875 0.053377709375000006 0.44871309375 0.0438917671875 0.44876941875 0.029378165625 0.469100696875 0.024603925 0.4882172859375 0.0265468453125 0.55241165 0.0543727640625 0.6309131203125 0.1072306875 0.7167855750000001 0.13873584218749999 0.7865887265625 0.16052350625 0.8223221171875 0.1677381015625 0.84888713125 0.1583929671875 0.8726583109374999 0.2455654953125 0.98030741875 0.2592875765625 0.98253966875 0.3285987640625 0.9607261656249999 0.3882926015625 0.931450153125 0.4550414265625 0.8726322453125 0.5221438046875 0.8392632250000001 0.5441566875 0.8252501656250001 0.607226275 0.775130575 0.622762940625 0.7663618515625 0.6470159 0.7448158828125 0.6936665640624999 0.7156173156250001 0.718639103125 0.6934886421875001 0.72795296875 0.6888058890625001 0.741787659375 0.666164915625 0.7876374046875 0.6433338515625 0.818792075 0.6200116078125 0.8539106671875001 0.56774425 0.8822683578125 0.540968025 0.898940696875 0.518888634375 0.9239132343750001 0.4967599609375 0.9686992468750001 0.46525873906250004 0.9999446546874999 0.4523477234375 1 0.452307059375 1 0.32294071406249997
3 0.871875 0.4328125 0.1625 0.171875
3 0.72734375 0.440625 0.1515625 0.1484375
3 0.60859375 0.5109375 0.215625 0.221875
3 0.4828125 0.53671875 0.1046875 0.1078125
3 0.3796875 0.653125 0.171875 0.1859375
3 0.32734375 0.72421875 0.15 0.1546875
3 0.26796875 0.8375 0.15 0.134375
3 0.196875 0.8109375 0.178125 0.175
3 0.5015625 0.38203125 0.153125 0.1453125
3 0.6671875 0.25390625 0.140625 0.1328125
3 0.4640625 0.2203125 0.1203125 0.128125
3 0.26328125 0.35 0.090625 0.096875
3 0.25390625 0.515625 0.0734375 0.06875
3 0.70859375 0.17109375 0.1140625 0.10625
1 0.18515625 0.68125 0.0890625 0.0890625
1 0.68515625 0.13125 0.1015625 0.09375