4 1 0.5746296296875 0.977777778125 0.5620370375 0.9666666671874999 0.5368518515625 0.9611111109375001 0.4953703703125 0.9416666671874999 0.42129629687500003 0.928703703125 0.321296296875 0.9009259265624999 0.242777778125 0.8620370375 0.1916666671875 0.8462962968750001 0.1798148140625 0.8222222218749999 0.17314814843749998 0.8148148140625 0.17907407343749998 0.8055555562500001 0.18129629687499998 0.771296296875 0.18129629687499998 0.7416666671875001 0.168703703125 0.7333333328125 0.1620370375 0.7074074078125 0.1553703703125 0.671296296875 0.16499999999999998 0.6453703703125 0.1583333328125 0.621296296875 0.1746296296875 0.5666666671875 0.1746296296875 0.5231481484375 0.18129629687499998 0.4731481484375 0.18055555625 0.44629629687500005 0.185 0.3888888890625 0.18574074062499998 0.309259259375 0.20055555625000002 0.2916666671875 0.207222221875 0.27777777812500004 0.207222221875 0.240740740625 0.1990740734375 0.190740740625 0.1983333328125 0.1666666671875 0.20277777812500003 0.13148148125 0.21981481406249997 0.109259259375 0.241296296875 0.097222221875 0.25833333281250004 0.0824074078125 0.30944444375 0.053703703125 0.35981481406250004 0.051851851562499995 0.3716666671875 0.055555556250000006 0.38944444375 0.051851851562499995 0.43462962968749996 0.04351851875 0.45537037031249994 0.0259259265625 0.5575925921875 0.018518518749999997 0.5746296296875 0.0111111109375 0.6346296296875 0 0.667222221875 0 0.762777778125 0.0259259265625 0.7642592593749999 0.05 0.7790740734375 0.08148148125 0.7775925921875 0.11388888906250001 0.7679629625 0.16851851874999998 0.7642592593749999 0.2018518515625 0.765740740625 0.22870370312500002 0.7724074078125 0.2675925921875 0.7753703703125 0.32777777812500003 0.7938888890625 0.36666666718749996 0.7924074078125 0.4166666671875 0.781296296875 0.44166666718750003 0.7901851859375 0.45185185156249996 0.7879629625 0.48518518593750004 0.78944444375 0.5398148140625 0.782777778125 0.5722222218749999 0.784259259375 0.5898148140624999 0.781296296875 0.6703703703125 0.7805555562500001 0.696296296875 0.7775925921875 0.76944444375 0.761296296875 0.8583333328125 0.765 0.9231481484374999 0.7501851859374999 0.990740740625 0.72351851875 1 0.7131481484375 1 0.5746296296875
3 0.16875 0.68203125 0.08671875 0.15
3 0.2859375 0.596875 0.11328125 0.1
3 0.42265625 0.5765625 0.13671875 0.175
3 0.53671875 0.51796875 0.0625 0.08828125
3 0.68984375 0.54296875 0.08359375 0.17109375
3 0.77578125 0.565625 0.08828125 0.128125
3 0.89296875 0.61640625 0.15625 0.04609375
3 0.93125 0.55078125 0.1375 0.1140625
3 0.425 0.409375 0.1296875 0.08203125
3 0.21484375 0.4140625 0.128125 0.06640625
3 0.3515625 0.26015625 0.065625 0.1109375
3 0.5890625 0.234375 0.04609375 0.08828125
3 0.70078125 0.35703125 0.065625 0.03515625
3 0.13125 0.37578125 0.10546875 0.05078125
1 0.85859375 0.44296875 0.065625 0.06171875
1 0.12421875 0.3296875 0.09609375 0.04296875