4 0.6500623875 1 0.6858242156250001 0.9955494093749999 0.7455199609375 0.971060321875 0.8581250125000001 0.8864421859375 0.8845506109375 0.8580422249999999 0.9008119453125 0.8283548 0.92434396875 0.8065646125000001 0.9597602125 0.7405799875 0.97469296875 0.6808981015625 0.991244853125 0.63456504375 0.994491065625 0.5546983234375 0.9765217078124999 0.47002109687500004 0.9406718828124999 0.4016824703125 0.8862288796875 0.3374594859375 0.8765488687499999 0.3084292984375 0.8295856484374999 0.2931789421875 0.7481786640625 0.23514558281250003 0.6919382265625 0.2208433375 0.639517146875 0.19994747968749998 0.538858403125 0.1837598640625 0.4292283828125 0.2040472046875 0.3724262140625 0.2219265171875 0.2934245765625 0.23830828906249998 0.20533544374999999 0.297823271875 0.1864904546875 0.31636513125 0.1529103875 0.33020959843750003 0.11892354999999999 0.367357953125 0.09544963749999999 0.3858190140625 0.0613078390625 0.43184503906250005 0.041169034375 0.4714552078125 0.0342623984375 0.495755684375 0.02737115625 0.5722286390625 0.03367334375 0.6356113203125 0.048249484375 0.7024685671875 0.0675707703125 0.762748359375 0.07919920312499999 0.7862623203125 0.16197350625 0.872070721875 0.2441900546875 0.9367784953125 0.29560786875 0.9620970296875001 0.39128902656250003 0.99817860625 0.4956365734375 1 0.6500623875 1
1 0.3515625 0.6375 0.071875 0.0984375
1 0.22890625 0.7296875 0.115625 0.090625
1 0.26171875 0.62890625 0.071875 0.10625
1 0.19453125 0.64921875 0.103125 0.0609375
1 0.3390625 0.5015625 0.084375 0.08125
1 0.4390625 0.56796875 0.06875 0.071875
1 0.88671875 0.54921875 0.0703125 0.0765625
1 0.8265625 0.39453125 0.0484375 0.053125
1 0.74609375 0.32890625 0.0546875 0.0671875
1 0.37578125 0.31015625 0.0546875 0.0734375
1 0.44453125 0.40859375 0.05 0.0546875
1 0.5875 0.40390625 0.0265625 0.0515625