4 0.6398148140625 1 0.6944444437499999 0.9922308546874999 0.753703703125 0.9667036625 0.8648148140625 0.8801331859375001 0.890740740625 0.851276359375 0.9064814812499999 0.8213096562500001 0.9296296296875 0.7991120984375 0.9638888890624999 0.7325194234375 0.977777778125 0.6725860156250001 0.99351851875 0.62597114375 0.9953703703125001 0.5460599328125 0.9759259265625 0.4617092125 0.9388888890624999 0.394006659375 0.8833333328125 0.33074361875 0.8731481484374999 0.30188679218750003 0.8259259265625 0.2874583796875 0.74351851875 0.23085460625 0.6870370375 0.2175360703125 0.634259259375 0.19755826875 0.5333333328125 0.18312985625 0.4240740734375 0.20532741406250002 0.36759259218749996 0.2241953390625 0.2888888890625 0.241953384375 0.2018518515625 0.3029966703125 0.1833333328125 0.3218645953125 0.15 0.33629300781250004 0.1166666671875 0.37402885625 0.09351851875 0.39289678125 0.060185185937499996 0.439511653125 0.040740740625 0.47946725937499995 0.034259259375000004 0.5038845734375 0.028703703125 0.5804661484375 0.0361111109375 0.6437291890625 0.051851851562499995 0.7103218640625 0.072222221875 0.770255271875 0.08425925937499999 0.7935627078125 0.16851851874999998 0.8779134296875 0.2518518515625 0.9411764703125 0.303703703125 0.965593784375 0.4 1 0.6398148140625 1
1 0.35390625 0.63984375 0.06953125 0.096875
1 0.2328125 0.734375 0.11484375 0.0890625
1 0.2640625 0.6328125 0.06953125 0.1046875
1 0.196875 0.6546875 0.1015625 0.059375
1 0.3390625 0.5046875 0.0828125 0.0796875
1 0.440625 0.56875 0.06796875 0.0703125
1 0.8875 0.5421875 0.06953125 0.075
1 0.825 0.3890625 0.046875 0.0515625
1 0.74296875 0.325 0.053125 0.06640625
1 0.37265625 0.3125 0.053125 0.071875
1 0.44296875 0.409375 0.0484375 0.053125
1 0.5859375 0.40234375 0.025 0.05078125