4 0.5719875109375 1 0.590995675 0.9979296828124999 0.6903853203125 0.9652439812500001 0.7975159234375 0.9129209390625 0.816485325 0.8948022015625 0.8552582984375 0.8447659953125 0.8918219140625 0.7869260671875 0.9194221875 0.7295213031250001 0.939101828125 0.6553032890625 0.9409229671875 0.6301061015625 0.93554615625 0.5859968421875 0.9192051890625 0.5310693421875 0.9034609796874999 0.5056930687500001 0.884229284375 0.4591608515625 0.85740943125 0.4346662484375 0.8460426234374999 0.41079723437500004 0.7836212375 0.32474318593749996 0.7149868781250001 0.2823292046875 0.667725384375 0.246100659375 0.5716455421875 0.189541121875 0.471520771875 0.17032518593749998 0.4151142671875 0.17203180468749998 0.3573738859375 0.16623615625 0.261027765625 0.192926846875 0.2116808453125 0.191195128125 0.1926557015625 0.215163821875 0.119530459375 0.25689308125 0.06246945625 0.3088490234375 0.016622465625 0.3822737046875 0 0.43444529843749996 0 0.6499549953125 0.0110560171875 0.6714668234375 0.016182975 0.70492558125 0.03130155625 0.7406509031249999 0.1081745859375 0.8586791359375001 0.155894475 0.9021084984375 0.20501841875000001 0.9272400375000001 0.41632869531249994 1 0.5719875109375 1
1 0.59296875 0.6796875 0.096875 0.1140625
1 0.6765625 0.80859375 0.1375 0.121875
1 0.6796875 0.70234375 0.1 0.121875
1 0.7359375 0.7453125 0.115625 0.0890625
1 0.65078125 0.55703125 0.1046875 0.1015625
1 0.53359375 0.584375 0.0875 0.0890625
1 0.11953125 0.4140625 0.090625 0.09375
1 0.22890625 0.2890625 0.0609375 0.0640625
1 0.32734375 0.25546875 0.071875 0.0796875
1 0.68125 0.3640625 0.0734375 0.0859375
1 0.58359375 0.4328125 0.0625 0.065625
1 0.45078125 0.3796875 0.040625 0.05625