4 0.0379629625 0.6611111109375 0.06851851875000001 0.70648148125 0.075 0.7231481484375 0.1046296296875 0.752777778125 0.13888888906250002 0.8074074078125 0.1824074078125 0.847222221875 0.21574074062499998 0.8879629625 0.2638888890625 0.9277777781250001 0.352777778125 0.965740740625 0.41111111093749997 0.9731481484375 0.44259259218749997 0.9731481484375 0.509259259375 0.9675925921875 0.5425925921875 0.9574074078124999 0.597222221875 0.9574074078124999 0.6370370375000001 0.9444444437499999 0.646296296875 0.9444444437499999 0.6666666671875 0.952777778125 0.6925925921875 0.9481481484375 0.7101851859375 0.9333333328125001 0.7203703703125 0.91944444375 0.772222221875 0.8833333328125 0.834259259375 0.825 0.8546296296874999 0.7990740734374999 0.88148148125 0.7740740734375 0.8898148140625001 0.7583333328124999 0.9120370375 0.7351851859375 0.9259259265625 0.7138888890625 0.9472222218749999 0.6666666671875 0.959259259375 0.6203703703125 0.9620370375 0.5574074078125 0.9685185187500001 0.5324074078125001 0.9648148140625 0.48703703750000005 0.9666666671874999 0.46388888906250003 0.9638888890624999 0.45555555625000005 0.95 0.44166666718750003 0.9490740734375 0.415740740625 0.940740740625 0.3731481484375 0.9277777781250001 0.33148148125 0.9129629625 0.303703703125 0.8916666671875 0.28055555625 0.8851851859375 0.26574074062499997 0.853703703125 0.2388888890625 0.8194444437499999 0.19444444375 0.7879629625 0.1379629625 0.7351851859375 0.0888888890625 0.6824074078125 0.053703703125 0.659259259375 0.0296296296875 0.64351851875 0.021296296875000002 0.6333333328124999 0.018518518749999997 0.5 0.0166666671875 0.4546296296875 0.021296296875000002 0.352777778125 0.0416666671875 0.3083333328125 0.046296296875 0.2629629625 0.04351851875 0.23240740781250002 0.0509259265625 0.222222221875 0.060185185937499996 0.20648148125 0.08518518593749999 0.13703703750000001 0.127777778125 0.05 0.2416666671875 0.0361111109375 0.27777777812500004 0.0296296296875 0.34351851875 0.021296296875000002 0.377777778125 0.021296296875000002 0.45277777812500003 0.0333333328125 0.5148148140625 0.03148148125 0.6398148140625 0.0379629625 0.6611111109375
1 0.66796875 0.16015625 0.06796875 0.084375
1 0.41953125 0.234375 0.0953125 0.1015625
1 0.225 0.46328125 0.07734375 0.0875
1 0.23125 0.62890625 0.05078125 0.1015625
1 0.31640625 0.79140625 0.09375 0.103125
1 0.39765625 0.66015625 0.10625 0.0984375
1 0.38125 0.58828125 0.0875 0.059375
1 0.42890625 0.54609375 0.09453125 0.13203125
1 0.4703125 0.74296875 0.0703125 0.0984375
1 0.5140625 0.65703125 0.075 0.0671875
1 0.603125 0.61171875 0.08984375 0.10390625
1 0.52578125 0.34921875 0.1421875 0.184375
1 0.7453125 0.30859375 0.06875 0.07578125
1 0.6859375 0.46953125 0.11328125 0.1
1 0.63125 0.33515625 0.11796875 0.11328125
1 0.36796875 0.4640625 0.06484375 0.10703125