4 0.0356953109375 0.6218246781250001 0.05790031875 0.65736011875 0.07899252343749999 0.7182962500000001 0.11243928125 0.76688015 0.135753609375 0.8140750765625 0.1737113390625 0.86370041875 0.251782203125 0.9206860421874999 0.306954153125 0.9410257421875 0.337628765625 0.948107534375 0.40383649843749997 0.9576911046875001 0.43860666875 0.955265334375 0.49183614374999995 0.9675543265625001 0.533546540625 0.9638799875 0.5425684859375 0.9659628671875 0.5605421734375 0.9786649562499999 0.5868450578125 0.9799860468749999 0.6073193625 0.9695084062499999 0.6203678218750001 0.95826665625 0.6790139468749999 0.9347452 0.7525831234375 0.89186224375 0.7782634671875 0.8711831328124999 0.810050884375 0.852864234375 0.8217115296875 0.8394015203125 0.8485714 0.8218455703125 0.8668949421875001 0.8042194171875 0.8982681031249999 0.762998121875 0.9204110328124999 0.720596140625 0.9372812015624999 0.6598717781250001 0.9492203390625 0.6369705421875 0.955817671875 0.591929859375 0.9628292625 0.5697915734375 0.9619972718750001 0.561046959375 0.9515886734375 0.544389721875 0.95651854375 0.5189199859375 0.9579800421875 0.475544446875 0.9547222796874999 0.4320296625 0.9465358078125 0.40163121874999996 0.9309925343750001 0.3742857328125 0.9280097812499999 0.3583926046875 0.9033755203125 0.3251471703125 0.8799921484375 0.2741351765625 0.8620231031250001 0.21201952031250001 0.8216372828124999 0.1523307953125 0.778127140625 0.10617498750000001 0.760987765625 0.0775107296875 0.7475250515625 0.06585008437499999 0.738225775 0.06085233125 0.6087263421875 0.02905446875 0.563477371875 0.0233593296875 0.459653640625 0.0202959265625 0.41530686406250006 0.014809075 0.37172419687499997 0.001896378125 0.340285475 0.0022404296875 0.3282784546875 0.0089712078125 0.307317371875 0.0297895625 0.2300715359375 0.0556689078125 0.1196458265625 0.147059759375 0.0979896765625 0.179121025 0.07688586562500001 0.24171881874999998 0.061059459375 0.2732254234375 0.0441881296875 0.346303178125 0.0419613609375 0.409457953125 0.012038090625000001 0.530837634375 0.013562828125 0.553046125 0.033129134375 0.6041271593750001 0.0356953109375 0.6218246781250001
1 0.73984375 0.20703125 0.0859375 0.096875
1 0.48125 0.2234375 0.115625 0.1203125
1 0.240625 0.40234375 0.0953125 0.103125
1 0.209375 0.56484375 0.071875 0.1109375
1 0.25546875 0.74296875 0.1140625 0.121875
1 0.3640625 0.6328125 0.125 0.1203125
1 0.3640625 0.559375 0.0984375 0.078125
1 0.4203125 0.52890625 0.121875 0.15
1 0.41640625 0.7296875 0.090625 0.1125
1 0.478125 0.65625 0.0875 0.0828125
1 0.575 0.63203125 0.1109375 0.121875
1 0.559375 0.35859375 0.1796875 0.2109375
1 0.78203125 0.36875 0.084375 0.0890625
1 0.68828125 0.5125 0.1328125 0.1234375
1 0.66484375 0.36875 0.140625 0.1375
1 0.3796875 0.43515625 0.0875 0.11875