4 0.41991476875 0 0.3967703890625 0.0184122 0.35770818437499996 0.040112115625 0.2625920671875 0.0818455078125 0.2227713890625 0.10407651250000001 0.1146132953125 0.18207031875 0.1078633484375 0.19018772343749998 0.09974909062500001 0.20604250781250003 0.094595559375 0.2390400671875 0.071543928125 0.2981341734375 0.0564586375 0.36860539062500003 0.0630669640625 0.43292934687500007 0.0604957078125 0.488986409375 0.0501091765625 0.5290391953125 0.0532972875 0.54489240625 0.0491296140625 0.5760693109374999 0.052926707812499994 0.6073209640624999 0.0662070890625 0.64888755 0.08381092968750001 0.6885571625 0.0979229546875 0.710325528125 0.0945121828125 0.729668978125 0.0970165625 0.7380885140625 0.11181074531249999 0.7559881875000001 0.1348002234375 0.7952777765625 0.154448953125 0.812038953125 0.192838446875 0.862021925 0.229253075 0.8930414687500001 0.2737835328125 0.9195085953125 0.2973757 0.9289871609375 0.3288563109375 0.9352028703125 0.3447110953125 0.9433171265625001 0.38104625468750003 0.9483943375000001 0.4126031859375 0.9579476484375 0.496879578125 0.970148534375 0.560066609375 0.9699880249999999 0.5763761640625 0.9755231546875001 0.5992846015625 0.9775680453125 0.6231773234375 0.966489915625 0.6350839500000001 0.9479796828125 0.642668690625 0.9426687906250001 0.6827183296875 0.9304505890625 0.7274683015625001 0.8991163203125 0.7606153515625 0.8883403203125001 0.818412025 0.8546527359375 0.84420014375 0.8365957015625 0.8877352984375 0.7970692828125 0.938774153125 0.714987271875 0.9553779671875 0.654756240625 0.95931510625 0.6022641656250001 0.9721265499999999 0.5446885828125 0.968855825 0.48028830625 0.9761321390625 0.43902227656250004 0.9718818499999999 0.42165211718749995 0.9708881203124999 0.3669609390625 0.9639823859375 0.3457984078125 0.8907683828125 0.24446658124999998 0.8650455640624999 0.18674465625 0.8220273312499999 0.125308253125 0.795550759375 0.10202451406249999 0.7525341015625 0.051890476562499996 0.7204445078124999 0.0302763265625 0.6250703859375 0 0.41991476875 0
1 0.1671875 0.31796875 0.1046875 0.1078125
1 0.41328125 0.2359375 0.1359375 0.1375
1 0.70390625 0.3125 0.1140625 0.115625
1 0.79375 0.4515625 0.1 0.1125
1 0.8171875 0.63359375 0.1359375 0.1375
1 0.67578125 0.57265625 0.14375 0.1421875
1 0.64765625 0.50390625 0.10625 0.0984375
1 0.584375 0.496875 0.153125 0.1625
1 0.6640625 0.68203125 0.1140625 0.1203125
1 0.57890625 0.63671875 0.1 0.0984375
1 0.4796875 0.65078125 0.1328125 0.1359375
1 0.3921875 0.39140625 0.221875 0.2328125
1 0.1890625 0.48359375 0.1 0.1015625
1 0.33046875 0.58203125 0.15 0.146875
1 0.29765625 0.440625 0.1609375 0.1609375
1 0.5875 0.39453125 0.1140625 0.125