4 0.08333333281250001 0 0.08796296249999999 0.015873015625 0.07685185156249999 0.0228174609375 0.037037037499999995 0.027777778125000003 0.013888889062500001 0.034722221875 0 0.04365079375 0 1 1 1 1 0.08134920625 0.965740740625 0.059523809375 0.921296296875 0.0456349203125 0.8870370375000001 0.0257936515625 0.8629629624999999 0.01884920625 0.8361111109375001 0 0.08333333281250001 0
2 0.42578125 0.54140625 0.21484375 0.20703125
2 0.91015625 0.65546875 0.1796875 0.23828125
2 0.540625 0.71796875 0.23828125 0.26328125
2 0.35859375 0.1 0.1546875 0.1171875
2 0.478125 0.16640625 0.13046875 0.090625
2 0.2109375 0.059375 0.0890625 0.09921875
2 0.2796875 0.49765625 0.171875 0.2015625
2 0.834375 0.42734375 0.20703125 0.2171875
2 0.41328125 0.2421875 0.1390625 0.090625
2 0.29765625 0.2953125 0.27890625 0.121875