4 0.3753359984375 0 0 0.19956969062500002 0 0.624664003125 0.1995696890625 1 0.6246640015625 1 1 0.800430309375 1 0.3753359984375 0.8004303109375 0 0.3753359984375 0
2 0.45390625 0.57109375 0.2875 0.284375
2 0.9 0.44453125 0.2 0.2953125
2 0.63828125 0.6734375 0.334375 0.34375
2 0.1875 0.21328125 0.1921875 0.1765625
2 0.32421875 0.215625 0.1578125 0.140625
2 0.05 0.24609375 0.1 0.1296875
2 0.3046875 0.6015625 0.246875 0.259375
2 0.7609375 0.27890625 0.284375 0.2890625
2 0.30234375 0.31328125 0.165625 0.1453125
2 0.225 0.4140625 0.303125 0.2390625