4 0.097882184375 0 0.0631308953125 0.015836935937499998 0 0.465036596875 0 0.93464336875 0.4650365953125 1 0.93464336875 1 1 0.5349634078125 1 0.090280940625 0.9854410734375 0.0863522078125 0.975404575 0.077928978125 0.9821982468750001 0.0628547578125 0.534963403125 0 0.097882184375 0
2 0.56796875 0.5515625 0.2421875 0.234375
2 0.08828125 0.59609375 0.1765625 0.2609375
2 0.4296875 0.71015625 0.271875 0.29375
2 0.6953125 0.1234375 0.16875 0.1375
2 0.56796875 0.17265625 0.1421875 0.1078125
2 0.84765625 0.10390625 0.1015625 0.1109375
2 0.71875 0.528125 0.1984375 0.2234375
2 0.17890625 0.38125 0.2359375 0.24375
2 0.621875 0.25703125 0.15 0.109375
2 0.72890625 0.32578125 0.29375 0.159375