4 0.7442142406250001 0.1748615765625 0.7158312484375 0.190782659375 0.6713171015625 0.243646471875 0.6306282078125001 0.27170905312500004 0.58815301875 0.3239734125 0.5569552046874999 0.352086821875 0.55213750625 0.3606062015625 0.5408059578125 0.364411196875 0.533011028125 0.3775941375 0.531314875 0.36436037187500003 0.52306879375 0.3506846171875 0.50325659375 0.34182988281250004 0.4825242140625 0.3616576125 0.4887313390625 0.37593281875 0.5035273515625 0.39005056250000003 0.4962015578125 0.40120144843750005 0.46298277343749994 0.401023559375 0.43752283593749997 0.39193512343750003 0.3793674265625 0.40098270312500006 0.3299091375 0.397055628125 0.30998870156249997 0.401018084375 0.24338871874999998 0.3931335375 0.1818951765625 0.396059540625 0.1715379796875 0.3915280296875 0.16827200625 0.3768616609375 0.14077311406249998 0.3683726765625 0.1330864203125 0.368738428125 0.1216827125 0.38108821718749997 0.11148792656249999 0.38408547187500003 0.066811259375 0.3759114140625 0.0276740890625 0.380788246875 0.018435782812500003 0.45784885 0.017930678125 0.5176624046875 0.029623348437500002 0.6316607515625 0.0556788625 0.704027396875 0.0772413890625 0.746461853125 0.08620927187500001 0.7817078796875 0.10450582500000001 0.809475965625 0.18232923125 0.8798818109375001 0.24326349375 0.9164234078125 0.2860636140625 0.9327256828125 0.34109747968750004 0.9454312515625001 0.41247908125 0.9490688140625 0.430522971875 0.953234575 0.44558963125 0.9620638953125 0.47687769687500003 0.9500240453125001 0.6392725968749999 0.9340067843750001 0.69024653125 0.9190205062500001 0.7707763 0.883033009375 0.8666974375000001 0.8174232609375001 0.897137371875 0.772011978125 0.9443941796875001 0.715500634375 0.95841421875 0.68770215 0.9754294734375 0.62634935625 0.9909469515625 0.5015100625 0.9864718359375001 0.38917801875 0.9898999984374999 0.30435495 0.9848115421875001 0.26465364999999996 0.9467567406249999 0.14135858125 0.918409715625 0.0994981640625 0.9153783125 0.0838157671875 0.8876448515625001 0.0763428125 0.862437578125 0.0908567046875 0.8300488296875 0.09943189375 0.8015576 0.12817016718750002 0.7638459359375 0.15156919062500002 0.7442142406250001 0.1748615765625
0 0.24375 0.33046875 0.0671875 0.06875
0 0.146875 0.3828125 0.05625 0.0390625
0 0.20234375 0.43671875 0.0546875 0.05625
0 0.29921875 0.45546875 0.0609375 0.0703125
0 0.18203125 0.5359375 0.0640625 0.0796875
0 0.2640625 0.6046875 0.0671875 0.06875
0 0.390625 0.68125 0.0640625 0.071875
0 0.42421875 0.77109375 0.06875 0.0859375
0 0.43046875 0.59921875 0.065625 0.065625
0 0.5015625 0.42890625 0.0453125 0.071875
0 0.52265625 0.73046875 0.0671875 0.0859375
0 0.5953125 0.79609375 0.06875 0.08125
0 0.753125 0.725 0.0671875 0.078125
0 0.67265625 0.6203125 0.06875 0.06875
0 0.740625 0.57265625 0.071875 0.078125
0 0.8140625 0.528125 0.071875 0.078125
0 0.884375 0.44140625 0.06875 0.078125
0 0.71484375 0.340625 0.0703125 0.0921875
0 0.78515625 0.334375 0.0640625 0.0671875
0 0.85390625 0.2921875 0.06875 0.0765625
0 0.8515625 0.2234375 0.084375 0.0734375
0 0.7453125 0.25546875 0.0453125 0.0640625
3 0.42109375 0.15234375 0.115625 0.1140625
3 0.209375 0.49140625 0.0546875 0.053125
3 0.27109375 0.54453125 0.065625 0.06875
3 0.340625 0.6140625 0.071875 0.0609375
3 0.34375 0.68984375 0.0578125 0.0703125
3 0.23125 0.69921875 0.0640625 0.071875
3 0.6140625 0.67265625 0.0640625 0.13125
3 0.48828125 0.60390625 0.0421875 0.059375
3 0.640625 0.48359375 0.128125 0.11875
3 0.66484375 0.3359375 0.0546875 0.053125
3 0.79921875 0.278125 0.1046875 0.1078125
3 0.7703125 0.1734375 0.046875 0.0640625
3 0.76953125 0.4578125 0.1046875 0.09375
3 0.6609375 0.55546875 0.0828125 0.071875
3 0.92109375 0.57265625 0.0703125 0.0515625
3 0.72421875 0.659375 0.04375 0.0578125
3 0.5625 0.7265625 0.0546875 0.0734375
3 0.6046875 0.56328125 0.0328125 0.0375