4 0.282513440625 0 0.25444725625000003 0.020277178125 0.2264905953125 0.0489217359375 0.17818065 0.1187275703125 0.10700355312500001 0.2057467375 0.0442662 0.3147864828125 0.020932153125 0.3740250375 0.0153995078125 0.404663365625 0.019131096875 0.4782351875 0.0161123171875 0.5328214609375 0.0532334125 0.64294651875 0.0958895296875 0.7201514343750001 0.12758015625000002 0.7627968890625 0.24763506093749998 0.8733205328125001 0.2653770578125 0.9017656109375001 0.2827234453125 0.9037815453125001 0.29964095468749996 0.9113137046875 0.3588379765625 0.9513671390624999 0.4104363765625 0.9743402265625001 0.454429028125 0.98707840625 0.5250845749999999 0.9945661453125 0.6296084078125 0.9851728312500001 0.660931934375 0.97400739375 0.6893055921875 0.9512556703125 0.7320638859375 0.9303426609375001 0.796424078125 0.8882286875000001 0.8743681796875 0.8042223843749999 0.9099614796875001 0.756149175 0.94895966875 0.689046090625 0.9206382859375 0.6615979421875 0.8800386421875 0.6412389453125 0.8737005171875 0.6327098546875 0.8720254000000001 0.6159839515625001 0.8661066484375001 0.6110658828125 0.839036259375 0.6012962390625 0.8276014937499999 0.6110438109375 0.8166027375 0.6084297203125 0.7692527234375001 0.5690851718750001 0.7113185750000001 0.53530118125 0.697794071875 0.5201482046875 0.6559315546875 0.493519765625 0.6149315468750001 0.4512952484375 0.58912878125 0.4432314234375 0.5624920234374999 0.423381928125 0.56335215625 0.41006766250000004 0.583665046875 0.40769719374999996 0.5972133093750001 0.400032046875 0.592588321875 0.3717198609375 0.5714366828124999 0.3668682859375 0.55662079375 0.3728276140625 0.5473019078125 0.38237580000000004 0.5490102921875 0.367156328125 0.5422504171875 0.357298028125 0.5435299234375 0.34759478593750004 0.5355333124999999 0.30636710625 0.5330645953125 0.23906472499999998 0.5174574828125 0.1921657625 0.5137211421875 0.1231575640625 0.5006350234375 0.0933611109375 0.4989741625 0.062944334375 0.48293817031249997 0.021561598437500003 0.4800027421875 0 0.282513440625 0
0 0.80703125 0.51875 0.075 0.075
0 0.85234375 0.61875 0.0578125 0.046875
0 0.77578125 0.62890625 0.0609375 0.0625
0 0.68671875 0.58515625 0.06875 0.075
0 0.73203125 0.71953125 0.0734375 0.084375
0 0.62578125 0.725 0.0734375 0.075
0 0.478125 0.7109375 0.071875 0.078125
0 0.396875 0.76171875 0.0796875 0.090625
0 0.4953125 0.62109375 0.071875 0.071875
0 0.5421875 0.4421875 0.0546875 0.0734375
0 0.34296875 0.6703125 0.0765625 0.090625
0 0.24609375 0.67890625 0.078125 0.0875
0 0.16171875 0.52734375 0.0765625 0.084375
0 0.28984375 0.4921875 0.075 0.0765625
0 0.2640625 0.41328125 0.08125 0.084375
0 0.23203125 0.33359375 0.0796875 0.084375
0 0.22890625 0.221875 0.078125 0.084375
0 0.42421875 0.24296875 0.0828125 0.096875
0 0.371875 0.19609375 0.071875 0.0734375
0 0.3421875 0.12109375 0.078125 0.0828125
0 0.38515625 0.06796875 0.090625 0.0828125
0 0.4515625 0.15703125 0.053125 0.065625
3 0.77265625 0.26953125 0.128125 0.125
3 0.7375 0.66796875 0.059375 0.0578125
3 0.65625 0.6734375 0.0734375 0.075
3 0.55859375 0.68671875 0.0765625 0.0703125
3 0.51015625 0.74609375 0.065625 0.075
3 0.59453125 0.82109375 0.071875 0.0765625
3 0.30546875 0.56875 0.0859375 0.1296875
3 0.446875 0.58984375 0.05 0.0625
3 0.39765625 0.40234375 0.1390625 0.13125
3 0.4671875 0.2703125 0.059375 0.059375
3 0.39453125 0.14296875 0.115625 0.1171875
3 0.48046875 0.0765625 0.0546875 0.065625
3 0.31015625 0.30390625 0.1140625 0.10625
3 0.3375 0.44765625 0.0890625 0.08125
3 0.1203125 0.3046875 0.0734375 0.0609375
3 0.22578125 0.4921875 0.0515625 0.0609375
3 0.3140625 0.64375 0.0640625 0.078125
3 0.378125 0.4875 0.0375 0.040625