4 0.7101851859375 0.0698644421875 0.678703703125 0.10114702812500001 0.6648148140625 0.12825860312499998 0.640740740625 0.1501564125 0.609259259375 0.21167883281250002 0.5759259265625001 0.2481751828125 0.546296296875 0.3086548484375 0.522222221875 0.34306569374999996 0.51944444375 0.35245046874999997 0.509259259375 0.3587069859375 0.5046296296875 0.3733055265625 0.5 0.3607924921875 0.4888888890625 0.3493222109375 0.4675925921875 0.34515119843750003 0.45185185156249996 0.369134515625 0.4611111109375 0.38164755 0.478703703125 0.39207507812500003 0.47407407343749997 0.40458811250000004 0.44166666718750003 0.41188738281250004 0.4148148140625 0.4087591234375 0.3601851859375 0.43065693437499997 0.3111111109375 0.43795620468749996 0.2925925921875 0.44629822656249996 0.2259259265625 0.45359749687499995 0.1666666671875 0.47028154375 0.15555555625 0.4681960375 0.1490740734375 0.45464025 0.1203703703125 0.45255474375000004 0.1129629625 0.45464025 0.1046296296875 0.46923879062499996 0.0953703703125 0.47445255468749997 0.05 0.47653806093749995 0.0129629625 0.4900938484375 0.021296296875000002 0.567257559375 0.034259259375000004 0.6256517203125 0.071296296875 0.7340980187499999 0.1129629625 0.7987486968749999 0.14351851875 0.835245046875 0.1601851859375 0.8675703859375 0.184259259375 0.8905109484375 0.2759259265625 0.9416058390625001 0.34351851875 0.96350365 0.3888888890625 0.9697601671875 0.4453703703125 0.9697601671875 0.515740740625 0.9572471328125 0.534259259375 0.9572471328125 0.5509259265625001 0.9624608968749999 0.578703703125 0.9436913453125 0.7333333328125 0.8915537015625 0.7796296296875 0.8654848796874999 0.85 0.812304484375 0.928703703125 0.7267987484375 0.9481481484375 0.6757038578125 0.98148148125 0.6100104281250001 0.9888888890624999 0.57977059375 0.9916666671875 0.51616266875 0.978703703125 0.39103232499999996 0.9490740734375 0.2825860265625 0.9333333328125001 0.19916579843749999 0.91944444375 0.16162669375 0.8546296296874999 0.0500521375 0.8175925921875 0.01564129375 0.8111111109375001 0.001042753125 0.7824074078125001 0 0.7611111109375 0.019812304687499997 0.73148148125 0.035453596875 0.7101851859375 0.0698644421875
0 0.21171875 0.3921875 0.05625 0.05703125
0 0.1296875 0.46484375 0.0515625 0.028125
0 0.19609375 0.50546875 0.0453125 0.04765625
0 0.29453125 0.5015625 0.0484375 0.0609375
0 0.1984375 0.60625 0.05 0.06953125
0 0.29375 0.6546875 0.05546875 0.05703125
0 0.434375 0.7015625 0.05078125 0.0625
0 0.4875 0.78125 0.053125 0.07578125
0 0.4546875 0.6125 0.0546875 0.0546875
0 0.48515625 0.43046875 0.03046875 0.06640625
0 0.57421875 0.71953125 0.05078125 0.07578125
0 0.659375 0.7671875 0.05390625 0.07109375
0 0.79765625 0.6625 0.05390625 0.06796875
0 0.6953125 0.578125 0.05703125 0.0578125
0 0.75078125 0.51640625 0.05859375 0.06640625
0 0.8125 0.45703125 0.0578125 0.06640625
0 0.8609375 0.35625 0.05546875 0.0671875
0 0.6734375 0.29609375 0.053125 0.0828125
0 0.740625 0.27421875 0.053125 0.05703125
0 0.7984375 0.21796875 0.05546875 0.06640625
0 0.78046875 0.1515625 0.0734375 0.0578125
0 0.68359375 0.20625 0.0328125 0.0578125
3 0.34453125 0.17890625 0.09765625 0.09375
3 0.21484375 0.55703125 0.0453125 0.04375
3 0.28671875 0.5953125 0.05390625 0.05859375
3 0.3703125 0.646875 0.0625 0.0484375
3 0.390625 0.7203125 0.04453125 0.06171875
3 0.2828125 0.7546875 0.05078125 0.06171875
3 0.65 0.6421875 0.0375 0.12578125
3 0.51171875 0.60390625 0.03046875 0.0546875
3 0.63359375 0.45234375 0.10859375 0.09609375
3 0.6234375 0.303125 0.0453125 0.04453125
3 0.74140625 0.21640625 0.08671875 0.08984375
3 0.68984375 0.12109375 0.034375 0.05703125
3 0.753125 0.3984375 0.090625 0.07578125
3 0.66953125 0.51796875 0.071875 0.05703125
3 0.9265625 0.47578125 0.0625 0.0390625
3 0.75390625 0.6046875 0.0328125 0.0515625
3 0.61171875 0.70703125 0.04140625 0.06640625
3 0.61640625 0.53828125 0.0265625 0.0328125