4 0.30446927343749997 0.24377224218750002 0.26815642500000003 0.26512455468749996 0.1862197390625 0.3327402140625 0.16294227187500002 0.375444840625 0.1508379890625 0.411032028125 0.140595903125 0.47330960781250003 0.1396648046875 0.617437721875 0.1601489765625 0.68505338125 0.1843575421875 0.7313167265625 0.21880819375 0.77935943125 0.2579143390625 0.8291814953125 0.28677839843749997 0.8540925265625001 0.37895716875 0.900355871875 0.5009310984375 0.9323843421875001 0.6461824953125 0.9270462640625 0.7970204843750001 0.8736654796875 0.8817504656249999 0.80782918125 0.945996275 0.6886121000000001 0.95996275625 0.6334519578125 0.96461825 0.5871886125 0.96461825 0.5480427046874999 0.9581005593749999 0.50355871875 0.9469273749999999 0.4644128109375 0.9208566109375 0.407473309375 0.8854748609374999 0.35587188593749997 0.7988826812500001 0.277580071875 0.7132216015624999 0.22775800781250002 0.6694599625000001 0.215302490625 0.6126629421875001 0.21174377187500001 0.578212290625 0.19928825625 0.5372439484375 0.20106761562500003 0.5186219734375 0.1886121 0.4897579140625 0.18505338124999998 0.45996275625000005 0.20462633437500002 0.41247672187499995 0.21174377187500001 0.30446927343749997 0.24377224218750002
2 0.51171875 0.71953125 0.13671875 0.1515625
2 0.2859375 0.61171875 0.13828125 0.12421875
2 0.4296875 0.54140625 0.128125 0.140625
2 0.61953125 0.584375 0.14140625 0.15625
2 0.76015625 0.6234375 0.11328125 0.1421875
2 0.8328125 0.43359375 0.115625 0.11796875
2 0.6828125 0.41640625 0.125 0.0859375
2 0.715625 0.29140625 0.1078125 0.11484375
2 0.55703125 0.35 0.1234375 0.096875
2 0.51484375 0.24453125 0.096875 0.1109375
2 0.42109375 0.375 0.1171875 0.1015625
2 0.35234375 0.28671875 0.0984375 0.0828125
2 0.2609375 0.40859375 0.11484375 0.08203125