4 0.14874448906249998 0.5552580703125 0.15585456250000002 0.6033722312500001 0.1676045578125 0.6390779625 0.196904446875 0.6949788906250001 0.282899303125 0.8106450687500001 0.339950809375 0.852317653125 0.38712660625 0.874696125 0.44355294062499995 0.892331815625 0.5047681640625 0.9085868187499999 0.542811859375 0.9111108281250001 0.644271075 0.8925838109375 0.7609590015625 0.8447571406250001 0.8737493890625 0.7530794890625 0.9620886046875 0.61967113125 0.9901357031250001 0.51610015 0.9696980578125001 0.3822250625 0.9476559828125 0.32976697499999996 0.92353205 0.2900176796875 0.8999734546875 0.2587543671875 0.8679970640624999 0.2271503203125 0.8355151671875 0.2026111984375 0.78042708125 0.17282706875 0.7211154484375 0.15290960781250001 0.60484266875 0.14249545937500002 0.506447021875 0.1542579140625 0.4640015046875 0.1706469078125 0.41649969843749995 0.20198608906249998 0.3814902671875 0.21277159218750002 0.349842340625 0.238848015625 0.327474253125 0.24010758281250003 0.30228069999999996 0.2546362875 0.2902645265625 0.2881991171875 0.25662387343750004 0.3224611640625 0.1896405046875 0.4130407421875 0.1734899171875 0.451947075 0.14874448906249998 0.5552580703125
2 0.64140625 0.66796875 0.2 0.203125
2 0.39609375 0.71796875 0.1859375 0.1828125
2 0.46875 0.575 0.1875 0.1890625
2 0.64609375 0.4953125 0.20625 0.209375
2 0.78203125 0.4421875 0.1765625 0.18125
2 0.72578125 0.246875 0.1640625 0.1640625
2 0.5953125 0.3234375 0.1515625 0.14375
2 0.546875 0.20390625 0.1546875 0.15625
2 0.45546875 0.34609375 0.15625 0.1515625
2 0.3578125 0.28671875 0.14375 0.146875
2 0.36171875 0.44765625 0.1546875 0.1515625
2 0.25390625 0.41875 0.128125 0.125
2 0.25390625 0.57109375 0.140625 0.134375