4 0.5593844953125 0.1905331125 0.53031909375 0.1895326828125 0.5099779140625 0.1989217328125 0.4697923125 0.19075541875 0.43381733437500003 0.1976683171875 0.3771628734375 0.1922982109375 0.33199154062499997 0.1977545515625 0.23959120312499999 0.233562878125 0.141817578125 0.2973447890625 0.0987991953125 0.3427759875 0.06414210625 0.394936103125 0.0469827125 0.4318521890625 0.033586437499999997 0.4747689125 0.0274626671875 0.51343286875 0.0248236625 0.559854915625 0.029989246874999997 0.6165207828125 0.07479442343750001 0.7443203640625 0.148182171875 0.822600796875 0.2888125 0.8989206359375 0.43144055156250005 0.9269153171875001 0.5569231359375 0.9143620968749999 0.655204215625 0.8830882671875001 0.687609853125 0.862999265625 0.734028425 0.8199081421875001 0.7755704671875 0.7778461921875001 0.8067181671875 0.7359394796875 0.8375275640625001 0.6723607125 0.8591545328124999 0.5298613984375 0.8587809046875 0.46674834374999996 0.8523927078125 0.4297057671875 0.8360823 0.38388550625 0.7657318109375 0.3042845875 0.7332062703125 0.277514575 0.6315389296875 0.22898434218750002 0.585750940625 0.2145260796875 0.5593844953125 0.1905331125
2 0.45390625 0.71484375 0.159375 0.1703125
2 0.69375 0.64375 0.15625 0.14375
2 0.56328125 0.5515625 0.1484375 0.159375
2 0.36875 0.56484375 0.1640625 0.1765625
2 0.2234375 0.58125 0.134375 0.1578125
2 0.18203125 0.38203125 0.1328125 0.134375
2 0.3328125 0.3890625 0.1375 0.1046875
2 0.31953125 0.26015625 0.125 0.1296875
2 0.4671875 0.34296875 0.1375 0.115625
2 0.525 0.2453125 0.1125 0.125
2 0.59765625 0.3890625 0.13125 0.11875
2 0.67890625 0.3125 0.1109375 0.096875
2 0.75078125 0.446875 0.1265625 0.0984375