4 1 0.44303219374999997 0.9534423750000001 0.2413689625 0.8515587953124999 0.21167487187499998 0.8342778531249999 0.210913084375 0.8153317703124999 0.21528713281249998 0.7892360109375 0.2051570265625 0.7628640828125001 0.2102951828125 0.6825008890625 0.24500327500000002 0.6662613875 0.24875245937499998 0.6405822046874999 0.24042674218750001 0.6271171703125 0.227380603125 0.6143472015625 0.225577375 0.6058810765625 0.2341839046875 0.606715390625 0.2501460765625 0.598040978125 0.2578504109375 0.5714607625 0.262086375 0.53988279375 0.2570230625 0.4790191859375 0.2691739703125 0.45327096093749997 0.2646653203125 0.43682317187499997 0.267512309375 0.376102290625 0.32144265625 0.3439006203125 0.3260261515625 0.3018450109375 0.34143714375 0.2862315359375 0.3602463046875 0.2819300109375 0.37454333125 0.271242921875 0.381762046875 0.26291604375 0.3950878375 0.2200986484375 0.42777977187499994 0.1982400125 0.45658327343750005 0.17506376875000002 0.49614406874999994 0.14744559375 0.5329292375 0.132041565625 0.5649939859375 0.119412003125 0.580263409375 0.11073875312499999 0.6003211375 0.105813525 0.6242649734375 0.0940861578125 0.639326109375 0.0886741515625 0.65292923125 0.08319658437500001 0.7074095953125 0.0912530953125 0.7711190328125 0.089728359375 0.793327521875 0.0965316609375 0.8145636140624999 0.109442034375 0.8334394968750001 0.1370660125 0.8584212890625 0.1604575109375 0.8938830453125 0.18683175937500002 0.9134516734375 0.210153053125 0.9403771015625001 0.23368147343749998 0.9558513328125 0.24909130625000003 0.9855535484375 0.27384885 1 0.5569678031249999 1 1 0.8977179578125 1 0.44303219374999997
1 0.48515625 0.834375 0.15 0.184375
1 0.415625 0.6953125 0.1078125 0.1046875
1 0.2609375 0.5640625 0.0859375 0.08125
1 0.1859375 0.55 0.084375 0.075
1 0.33125 0.35390625 0.084375 0.0671875
1 0.95859375 0.6109375 0.0828125 0.1375
1 0.86796875 0.58359375 0.1109375 0.1265625
1 0.65234375 0.471875 0.090625 0.084375
1 0.7109375 0.3046875 0.090625 0.0734375
1 0.8171875 0.2890625 0.06875 0.0671875
1 0.528125 0.30234375 0.0890625 0.0703125
1 0.42109375 0.44609375 0.1 0.0828125
1 0.646875 0.8484375 0.1125 0.1375
1 0.80390625 0.515625 0.15 0.11875