4 0.66215844375 1 0.6870739078125 0.9837561218750001 0.7178203078125 0.972215278125 0.75008024375 0.944574821875 0.7835200312499999 0.92817498125 0.801133178125 0.9135889 0.813526390625 0.8950507015625 0.818182209375 0.8732822562500001 0.8434873250000001 0.814261490625 0.853238775 0.76038178125 0.851785946875 0.7458138703125 0.844664290625 0.7281036765625 0.8465296718750001 0.7037298078124999 0.8437210687500001 0.682058409375 0.8357895781250001 0.66389931875 0.8298205187500001 0.6288307796875 0.8134115906250001 0.5858580046874999 0.8020375890624999 0.5414414890625 0.7889650406250001 0.5077287296875 0.7568174359375 0.4645011515625 0.7524862140625 0.44939638125 0.744202871875 0.43951154531250003 0.7440087765625 0.42458270000000004 0.734184646875 0.40219851718750005 0.698006046875 0.37579242343749997 0.668315196875 0.3625105015625 0.6248117578125 0.29393238125 0.6097858640625 0.2866620546875 0.5837923296875001 0.283898875 0.52863571875 0.2554423890625 0.49688538906249996 0.2516054890625 0.47250243437500006 0.24020711874999998 0.46628765625 0.2304102453125 0.471489421875 0.2152963890625 0.4657235421875 0.2046896828125 0.4529512234375 0.2029031765625 0.436411796875 0.21173246250000002 0.409432503125 0.2126575140625 0.3948555078125 0.204577353125 0.32717229531249997 0.1490626953125 0.3032382390625 0.13685449375 0.27536115 0.13939921093750002 0.25835465625 0.1299723578125 0.241533171875 0.12594136250000001 0.1354115890625 0.126402234375 0 0.3706912078125 0 0.794522509375 0.37069120624999996 1 0.66215844375 1
1 0.421875 0.82578125 0.18125 0.1984375
1 0.52734375 0.7109375 0.1203125 0.1203125
1 0.7125 0.62734375 0.096875 0.09375
1 0.78828125 0.634375 0.0921875 0.0875
1 0.70234375 0.40546875 0.090625 0.0828125
1 0.03984375 0.475 0.0796875 0.15
1 0.1234375 0.47890625 0.13125 0.1390625
1 0.3609375 0.43125 0.1 0.096875
1 0.3515625 0.25390625 0.096875 0.0890625
1 0.25390625 0.209375 0.078125 0.0765625
1 0.52734375 0.30234375 0.0953125 0.0859375
1 0.590625 0.4703125 0.109375 0.1
1 0.2625 0.79453125 0.1359375 0.1484375
1 0.203125 0.43125 0.159375 0.14375