4 0.7833333328125 1 0.7981481484375 0.9851851859374999 0.80648148125 0.9611111109375001 0.853703703125 0.9166666671874999 0.8620370375 0.884259259375 0.88148148125 0.8638888890624999 0.8981481484374999 0.8324074078124999 0.91944444375 0.8074074078125 0.934259259375 0.7675925921875 0.95555555625 0.7370370375 0.9638888890624999 0.715740740625 0.965740740625 0.69351851875 0.959259259375 0.672222221875 0.952777778125 0.6083333328125 0.9351851859375 0.55648148125 0.9268518515625 0.54444444375 0.9120370375 0.5324074078125001 0.9018518515625 0.5101851859375001 0.8888888890625 0.49259259218749996 0.8731481484374999 0.48055555625 0.8509259265625 0.45277777812500003 0.815740740625 0.42314814843750004 0.784259259375 0.3898148140625 0.75648148125 0.36666666718749996 0.7074074078125 0.34444444375 0.696296296875 0.3333333328125 0.684259259375 0.328703703125 0.6768518515624999 0.315740740625 0.6574074078125001 0.3009259265625 0.6129629624999999 0.2953703703125 0.58055555625 0.29814814843750004 0.509259259375 0.259259259375 0.49259259218749996 0.2601851859375 0.46851851875 0.2703703703125 0.40648148125 0.272222221875 0.3768518515625 0.284259259375 0.35 0.28611111093749997 0.3398148140625 0.28055555625 0.33703703749999997 0.2648148140625 0.32685185156249996 0.25833333281250004 0.3148148140625 0.2629629625 0.3046296296875 0.27870370312500004 0.28148148125 0.2925925921875 0.2648148140625 0.2925925921875 0.178703703125 0.2768518515625 0.1518518515625 0.27777777812500004 0.12870370312499999 0.29351851875 0.109259259375 0.29351851875 0.0925925921875 0.29814814843750004 0 0.35 0 1 0.7833333328125 1
1 0.58984375 0.82265625 0.1171875 0.1625
1 0.62578125 0.67109375 0.08984375 0.0875
1 0.74765625 0.50859375 0.07265625 0.0671875
1 0.8171875 0.478125 0.071875 0.0609375
1 0.63125 0.31953125 0.075 0.05234375
1 0.0609375 0.71484375 0.09140625 0.1203125
1 0.16015625 0.6640625 0.08828125 0.11015625
1 0.3453125 0.50703125 0.07734375 0.06796875
1 0.25078125 0.35703125 0.07890625 0.0578125
1 0.14375 0.365625 0.05859375 0.0546875
1 0.428125 0.3140625 0.078125 0.0546875
1 0.56484375 0.4296875 0.08828125 0.06484375
1 0.43515625 0.87265625 0.08828125 0.12109375
1 0.20703125 0.58359375 0.1328125 0.090625