4 0 0.5144492421875 0.00712014375 0.5315604046875 0.019023528125 0.57228611875 0.05282988281249999 0.6447924265625 0.0740373390625 0.677881090625 0.0901138046875 0.71075838125 0.11681834218750001 0.74928671875 0.1819657875 0.8141280984374999 0.23618609375 0.85218589375 0.263793534375 0.881127025 0.284006409375 0.8943912234375 0.2884785578125 0.9076753375 0.2980816953125 0.9211708234374999 0.3079959203125 0.92224760625 0.3191791421875 0.9189654812500001 0.3379643203125 0.9230811531249999 0.414953828125 0.97156766875 0.44281735 0.970443090625 0.49719004062499994 0.982574746875 0.5584141703125 0.9857652671875 0.609931465625 0.9795998671874999 0.664041759375 0.9823636578125001 0.7442217875 0.9696260421874999 0.7619270234375 0.9639391515625 0.7837686734375 0.9386391656249999 0.8155428812500001 0.9202983 0.8635762921874999 0.8812396781249999 0.974162928125 0.6732564671875 0.976682584375 0.6586563187500001 0.9748458093749999 0.593081246875 0.9635095921874999 0.509871121875 0.9540101484375001 0.4922360671875 0.9402276140625 0.44715542968750005 0.9174520953125 0.397293134375 0.883212625 0.3354627640625 0.868929946875 0.3169623015625 0.7935692125 0.229911603125 0.7241449921875 0.177058215625 0.6424942796875001 0.129449059375 0.526580059375 0.0871120109375 0.48387871093749996 0.078669296875 0.4138019640625 0.0783222234375 0.39039225312500003 0.08684857812499999 0.32722195 0.0952073703125 0.26558303906249997 0.108575121875 0.2333207078125 0.11994492500000001 0.19281591250000002 0.14287200312499998 0.1713036859375 0.16163561875000002 0.1422078375 0.1788837703125 0.0977923578125 0.219027140625 0.0745230125 0.23517859687499998 0 0.375336 0 0.5144492421875
3 0.20546875 0.3234375 0.1140625 0.1140625
3 0.2234375 0.67890625 0.1421875 0.128125
3 0.8015625 0.78125 0.1703125 0.1390625
3 0.47109375 0.44921875 0.096875 0.1046875
3 0.26796875 0.42890625 0.2421875 0.196875
3 0.284375 0.55234375 0.1359375 0.14375
3 0.5515625 0.753125 0.1125 0.1015625
3 0.609375 0.36171875 0.096875 0.0984375
3 0.8203125 0.428125 0.125 0.1078125
3 0.6890625 0.521875 0.1015625 0.1234375
3 0.5484375 0.56171875 0.1203125 0.1171875
3 0.39140625 0.6046875 0.0578125 0.0546875
3 0.3171875 0.64921875 0.090625 0.0828125
3 0.60625 0.66796875 0.065625 0.0578125
3 0.61171875 0.71328125 0.090625 0.071875
3 0.421875 0.33125 0.0828125 0.1
3 0.553125 0.23828125 0.0640625 0.0625
3 0.57421875 0.40859375 0.0984375 0.08125
3 0.0625 0.49296875 0.075 0.0734375