4 1 0.47816952968750004 0.9920287265625 0.38705746093750004 0.986190078125 0.3734404421875 0.948934884375 0.3194449390625 0.89410805 0.255833203125 0.8765364078125 0.24621696875 0.8404247265624999 0.21591567031249997 0.79416661875 0.18650206875 0.7317757484375 0.153294909375 0.7097212125000001 0.14555801875000002 0.599107175 0.1135955578125 0.5120971062499999 0.10708011875000001 0.41768925156250003 0.11162188437500001 0.297416996875 0.1392464578125 0.2570064015625 0.1554226234375 0.1980460671875 0.193298075 0.183056815625 0.2131987203125 0.13463026718749999 0.25461400625 0.0902161265625 0.299396103125 0.06935109687499999 0.3265029453125 0.047867900000000005 0.36779170625 0.0400456265625 0.3952445953125 0.025037809374999997 0.425556846875 0.0096515 0.48341431406249996 0 0.5070231890625 0 0.5218304671875 0.015137412499999999 0.69485188125 0.0252467078125 0.7147873984374999 0.0446445921875 0.7346538406249999 0.067243034375 0.769855246875 0.1038251984375 0.7949103921875 0.13598903125 0.8225828015625 0.2038311921875 0.8649794468750001 0.2396386390625 0.8811795281249999 0.271027753125 0.8999968734375001 0.31440809999999997 0.917765121875 0.40436049062499996 0.9366638375 0.4705612265625 0.9390512953125001 0.5094772453124999 0.9482872796875 0.5336533890624999 0.9484028515625 0.5446390937500001 0.957108140625 0.5600431312499999 0.9631961640625001 0.5689443578125 0.95869955625 0.5765358234375 0.949856115625 0.5945319546875 0.9430766671875 0.6855084375 0.9418093890625 0.708264265625 0.9256906765625 0.7604724140625 0.9062516515624999 0.813556971875 0.8755823953125 0.85340509375 0.8423533265625001 0.900291071875 0.81520065625 0.9605983 0.760848821875 0.9723498578124999 0.7464364296875 0.9768884453125001 0.7133222625 0.9935473874999999 0.6806348437499999 1 0.6606375234375 1 0.47816952968750004
3 0.15703125 0.51171875 0.090625 0.090625
3 0.365625 0.8 0.1234375 0.0921875
3 0.90625 0.571875 0.1578125 0.0890625
3 0.4484375 0.4734375 0.0734375 0.0890625
3 0.26640625 0.56640625 0.2265625 0.125
3 0.34765625 0.66171875 0.103125 0.121875
3 0.68046875 0.684375 0.0984375 0.0734375
3 0.51640625 0.32421875 0.0765625 0.08125
3 0.7296875 0.26484375 0.1125 0.0734375
3 0.6703125 0.415625 0.065625 0.1125
3 0.57421875 0.52578125 0.096875 0.0921875
3 0.465625 0.64765625 0.0484375 0.0421875
3 0.428125 0.72421875 0.0765625 0.0625
3 0.68046875 0.5828125 0.0578125 0.040625
3 0.709375 0.61796875 0.084375 0.0453125
3 0.3421875 0.40078125 0.0546875 0.0921875
3 0.40234375 0.2515625 0.0515625 0.05
3 0.5125 0.3828125 0.090625 0.053125
3 0.12890625 0.7328125 0.0609375 0.0578125