4 1 0.4659259265625 0.9870370375 0.440740740625 0.9666666671874999 0.38444444375 0.9490740734375 0.35555555625 0.9388888890624999 0.3288888890625 0.9138888890624999 0.2896296296875 0.890740740625 0.26444444375 0.8425925921875 0.223703703125 0.790740740625 0.1866666671875 0.7740740734375 0.16814814843749998 0.7120370375 0.13555555625 0.6703703703125 0.12296296250000001 0.5481481484375 0.1059259265625 0.45370370312499997 0.10962962968750001 0.36759259218749996 0.12370370312500001 0.2601851859375 0.1651851859375 0.2388888890625 0.1748148140625 0.17962962968750001 0.2133333328125 0.1361111109375 0.24666666718750002 0.102777778125 0.27999999999999997 0.0861111109375 0.29111111093750003 0.037037037499999995 0.35925925937500003 0.004629629687499999 0.41629629687499997 0 0.4303703703125 0 0.6659259265624999 0.0240740734375 0.7229629625 0.04351851875 0.7540740734375 0.0509259265625 0.7866666671875 0.0638888890625 0.8 0.12870370312499999 0.8488888890625 0.177777778125 0.8718518515625 0.2203703703125 0.9014814812499999 0.2759259265625 0.9274074078125001 0.3296296296875 0.942222221875 0.353703703125 0.956296296875 0.44444444375 0.9496296296875 0.46296296249999996 0.9548148140625001 0.471296296875 0.9629629625 0.48055555625 0.9666666671874999 0.4953703703125 0.959259259375 0.50555555625 0.9496296296875 0.5296296296875 0.9474074078125 0.5675925921875 0.9348148140625 0.6333333328124999 0.9266666671875001 0.7212962968750001 0.9 0.7629629625 0.87851851875 0.7925925921875 0.8570370374999999 0.8268518515625001 0.837777778125 0.890740740625 0.7896296296875 0.9203703703125001 0.759259259375 0.9546296296874999 0.7311111109375 0.9740740734375001 0.6940740734374999 0.9916666671875 0.6725925921875 1 0.6518518515625 1 0.4659259265625
3 0.84296875 0.48203125 0.08359375 0.084375
3 0.66015625 0.7875 0.1171875 0.08203125
3 0.1015625 0.60703125 0.1515625 0.0765625
3 0.54921875 0.46875 0.065625 0.08359375
3 0.73828125 0.54609375 0.21796875 0.10703125
3 0.665625 0.64765625 0.09296875 0.1140625
3 0.3359375 0.69921875 0.09296875 0.065625
3 0.46796875 0.3265625 0.06953125 0.075
3 0.25078125 0.2859375 0.1078125 0.06484375
3 0.32265625 0.43046875 0.05703125 0.10859375
3 0.428125 0.53203125 0.090625 0.084375
3 0.546875 0.64375 0.0453125 0.03828125
3 0.59140625 0.7171875 0.071875 0.05625
3 0.32734375 0.5984375 0.0546875 0.0359375
3 0.3015625 0.6359375 0.08203125 0.03828125
3 0.6484375 0.3875 0.04765625 0.08828125
3 0.57578125 0.24375 0.04765625 0.04609375
3 0.47734375 0.384375 0.08671875 0.0453125
3 0.88984375 0.69921875 0.05703125 0.053125