4 1 0.47029746875 0.9948732203124999 0.4564301046875 0.9850499656249999 0.4447382328125 0.9736847890625 0.421436165625 0.9586945625000001 0.3738040796875 0.9362552265625 0.3256844234375 0.909654803125 0.27959426249999997 0.8614524234375001 0.21244767968749997 0.8436388562499999 0.19915861562499998 0.8256976171874999 0.17082240937499998 0.7991023578124999 0.152201384375 0.7247642421875 0.07582472812499999 0.654138009375 0.0429658953125 0.6180973468750001 0.0303252828125 0.5974144390625 0.0280507671875 0.545474825 0.003934434375 0.4924171390625 0.0092086578125 0.480306578125 0.00550029375 0.42371068125000005 0.005632303125 0.2815649703125 0.058478409375 0.18606939218750002 0.1119226265625 0.139883946875 0.1481846 0.093034790625 0.1957589484375 0.0754817296875 0.240033296875 0.048309595312499995 0.2519124484375 0.0346214359375 0.2682036875 0.0185234640625 0.30490042968750003 0.010711981249999999 0.36914798125 0 0.389442415625 0 0.5489663953125 0.0050042703125 0.555991890625 0.023951395312500002 0.62229780625 0.067829346875 0.7080365468750001 0.11378525937499999 0.77902596875 0.1870001390625 0.8573240453125001 0.26978293125 0.9172197125 0.3469852265625 0.955112684375 0.401171309375 0.975386175 0.48353025 0.9942810890624999 0.5620636078125 1 0.6154340953124999 1 0.8631590640625 0.8791764593750001 0.8966927515625001 0.8380965 0.9122086906250001 0.8044307999999999 0.9261827031250001 0.7591549046875 0.9444454734375001 0.7268966531250001 0.9661239453125001 0.71220260625 0.994046621875 0.7081988859374999 1 0.7052952296874999 1 0.5733985125000001 0.990936965625 0.5476328140625 1 0.5065952328125001 1 0.47029746875
1 0.6805248374999999 0.5026086078125 0.6677505703125 0.5102126171875 0.649860490625 0.53267401875 0.6555226609375 0.5463953859374999 0.6661781312499999 0.55768135625 0.6897763796875 0.5722697921875 0.706339040625 0.5724331390625 0.72327439375 0.5627996328125 0.738626984375 0.5456965953124999 0.726429590625 0.522800425 0.72630191875 0.5077532859375 0.6805248374999999 0.5026086078125
1 0.12734375 0.346875 0.1 0.0921875
1 0.21015625 0.396875 0.053125 0.059375
1 0.165625 0.5671875 0.1328125 0.140625
1 0.23203125 0.7140625 0.078125 0.0984375
1 0.3734375 0.725 0.1328125 0.11875
1 0.34765625 0.7109375 0.125 0.1328125
1 0.42265625 0.6140625 0.0734375 0.08125
1 0.3765625 0.5625 0.071875 0.078125
1 0.31640625 0.53984375 0.146875 0.1265625
1 0.39296875 0.4828125 0.13125 0.153125
1 0.28984375 0.36015625 0.1109375 0.1
1 0.27578125 0.42578125 0.0859375 0.0921875
1 0.2 0.303125 0.09375 0.096875
1 0.253125 0.2390625 0.103125 0.1140625
1 0.29140625 0.27421875 0.10625 0.103125
1 0.35 0.2296875 0.0859375 0.1
1 0.3984375 0.17265625 0.0890625 0.0984375
1 0.4296875 0.3359375 0.071875 0.0875
1 0.36640625 0.31171875 0.0703125 0.0765625
1 0.39453125 0.25546875 0.0859375 0.08125
1 0.44921875 0.28515625 0.0921875 0.09375
1 0.46015625 0.22109375 0.0765625 0.0703125
1 0.515625 0.26015625 0.0578125 0.059375
1 0.5109375 0.20625 0.0625 0.0734375
1 0.56171875 0.16796875 0.109375 0.1203125
1 0.5828125 0.3265625 0.121875 0.1203125
1 0.5625 0.26796875 0.0859375 0.084375
1 0.61875 0.2859375 0.075 0.0734375
1 0.65390625 0.33125 0.0859375 0.0796875
1 0.715625 0.33046875 0.0953125 0.109375
1 0.709375 0.20859375 0.1015625 0.121875
1 0.75078125 0.40703125 0.1140625 0.1203125
1 0.7484375 0.48984375 0.1359375 0.1390625
1 0.6828125 0.6625 0.1453125 0.18125
1 0.5921875 0.6828125 0.184375 0.1671875
1 0.503125 0.66484375 0.115625 0.1390625
1 0.48359375 0.74765625 0.1484375 0.1328125
1 0.546875 0.73828125 0.1171875 0.153125
1 0.77421875 0.61875 0.184375 0.1953125
1 0.8203125 0.5140625 0.0640625 0.0734375
1 0.61171875 0.4359375 0.14375 0.18125
1 0.5671875 0.503125 0.1703125 0.184375
1 0.47890625 0.4296875 0.11875 0.1328125
1 0.24921875 0.64921875 0.0671875 0.09375