4 0.4206559109375 0 0.38364447031250004 0.015996034375000003 0.35603104218750004 0.0051822625 0.33483240625 0.0070229171875 0.2975009046875 0.021588446875 0.246547475 0.061494773437500004 0.21257467812500003 0.0719939796875 0.18399797812500002 0.08957402812500001 0.1399051734375 0.126619840625 0.1239871328125 0.147252909375 0.11412584374999998 0.16736007656250002 0.1103929171875 0.189577409375 0.0769051953125 0.2498604109375 0.0473051484375 0.34151325312499997 0.0296037828125 0.4242060921875 0.026009420312499996 0.5313419328125 0.0421930625 0.6322308375000001 0.06998895000000001 0.71361548125 0.093968775 0.76626635 0.13884461718750002 0.8378636390624999 0.2207770609375 0.932666171875 0.41632869687499996 1 0.588969534375 1 0.6181064890625 0.9846068703125 0.653830246875 0.9747105703125 0.6795495 0.9796493046875 0.7021248734375 0.9965625609375 0.7121079234375001 1 0.724663225 1 0.7424408546875 0.9960817171875 0.7603962890625 0.9865958140625001 0.7683195046875 0.974961246875 0.8134633718750001 0.8808263437500001 0.8586464796875 0.85199018125 0.8729567781249999 0.836026340625 0.8807367781250001 0.8191196406250001 0.882058090625 0.8039061500000001 0.8904987468750001 0.77939270625 0.9135800265625 0.7351120453125 0.9317387546875 0.685219303125 0.94552008125 0.6338192984375 0.9589156546875 0.5522552640625 0.9557163484375 0.5302623828125 0.9630667 0.4975392875 0.957428065625 0.465566546875 0.9588695296875 0.358995109375 0.9321639453125 0.2858201171875 0.9156176125 0.2513972578125 0.9026009125 0.2351639078125 0.8829268828125001 0.18138423125 0.84167999375 0.14759622187500002 0.83573874375 0.13641055156249998 0.7956260562499999 0.0964845546875 0.6577460203125 0.0333401984375 0.55242968125 0.003605396875 0.5224748781249999 0 0.4206559109375 0
1 0.625805771875 0.6294949015625 0.6113961546875 0.6258389765625 0.58286335 0.6290713890624999 0.5771646375 0.6427776203125 0.5767188062499999 0.6582925625 0.5830897046875 0.6852946249999999 0.5946857703124999 0.6971216984375 0.6134727921875001 0.7022848828125 0.6364223859375 0.70104713125 0.6439875625 0.676232234375 0.6545372203125 0.665502021875 0.625805771875 0.6294949015625
1 0.34453125 0.128125 0.096875 0.0859375
1 0.36796875 0.221875 0.05 0.0578125
1 0.21640625 0.31171875 0.125 0.134375
1 0.159375 0.46171875 0.0703125 0.0984375
1 0.2515625 0.56953125 0.1296875 0.109375
1 0.24296875 0.54140625 0.1171875 0.1265625
1 0.36484375 0.52578125 0.0671875 0.0796875
1 0.36875 0.45703125 0.0671875 0.075
1 0.34140625 0.3984375 0.1421875 0.115625
1 0.43671875 0.4125 0.1203125 0.15
1 0.45078125 0.25234375 0.1078125 0.0921875
1 0.39375 0.2890625 0.0796875 0.0890625
1 0.4265625 0.1484375 0.0890625 0.0921875
1 0.509375 0.140625 0.0953125 0.1109375
1 0.5125 0.19296875 0.1 0.0984375
1 0.58515625 0.203125 0.0796875 0.096875
1 0.659375 0.196875 0.0828125 0.0953125
1 0.56640625 0.334375 0.065625 0.0859375
1 0.5390625 0.271875 0.065625 0.0734375
1 0.5984375 0.253125 0.0828125 0.0765625
1 0.615625 0.31171875 0.0875 0.0890625
1 0.66875 0.27421875 0.0734375 0.065625
1 0.68125 0.34140625 0.0546875 0.05625
1 0.715625 0.3 0.0578125 0.071875
1 0.778125 0.309375 0.1015625 0.1171875
1 0.68125 0.4359375 0.115625 0.1140625
1 0.70859375 0.3796875 0.08125 0.08125
1 0.7359375 0.43203125 0.071875 0.0703125
1 0.728125 0.4890625 0.0828125 0.075
1 0.771875 0.5328125 0.0875 0.1078125
1 0.8546875 0.4421875 0.09375 0.11875
1 0.74296875 0.61171875 0.1078125 0.115625
1 0.68203125 0.66875 0.1296875 0.1328125
1 0.5140625 0.74375 0.13125 0.178125
1 0.4359375 0.69453125 0.178125 0.15625
1 0.3859375 0.61875 0.1046875 0.1359375
1 0.31328125 0.6640625 0.1453125 0.121875
1 0.36484375 0.7015625 0.103125 0.153125
1 0.61015625 0.778125 0.171875 0.1875
1 0.7171875 0.73671875 0.059375 0.071875
1 0.62421875 0.53359375 0.1296875 0.1796875
1 0.54609375 0.55 0.159375 0.1796875
1 0.534375 0.43515625 0.109375 0.128125
1 0.2171875 0.428125 0.0578125 0.09375