4 0.6231481484375 1 0.73148148125 0.9370370375 0.797222221875 0.8839506171875 0.8370370375 0.841975309375 0.8898148140625001 0.7740740734375 0.9379629625 0.6839506171874999 0.9694444437499999 0.58148148125 0.9796296296874999 0.4975308640625 0.98148148125 0.4012345671875 0.9694444437499999 0.3333333328125 0.9731481484375 0.3111111109375 0.9703703703125001 0.2888888890625 0.9620370375 0.26419753125 0.9324074078125 0.2148148140625 0.9111111109375001 0.1888888890625 0.8824074078124999 0.16790123437499999 0.847222221875 0.11358024687499998 0.8166666671874999 0.0876543203125 0.797222221875 0.0790123453125 0.7675925921875 0.0802469140625 0.7324074078125 0.048148148437499996 0.66944444375 0.0259259265625 0.6120370375 0.013580246874999998 0.502777778125 0.0074074078125 0.3518518515625 0.022222221875 0.3009259265625 0.0469135796875 0.2916666671875 0.055555556250000006 0.2416666671875 0.0740740734375 0.20555555625 0.11851851875 0.1879629625 0.1296296296875 0.1611111109375 0.1567901234375 0.1120370375 0.21728394999999998 0.078703703125 0.31851851875000003 0.0629629625 0.3469135796875 0.059259259375 0.3802469140625 0.0490740734375 0.4 0.0351851859375 0.48148148125 0.03148148125 0.5345679015625 0.0324074078125 0.5876543203125 0.039814814062499995 0.6370370375000001 0.039814814062499995 0.6629629625 0.0361111109375 0.6777777781250001 0.0379629625 0.696296296875 0.046296296875 0.7160493828125001 0.07962962968750001 0.758024690625 0.0916666671875 0.8617283953125 0.0953703703125 0.8753086421875 0.109259259375 0.8901234562499999 0.13148148125 0.9037037031249999 0.147222221875 0.9037037031249999 0.1740740734375 0.8950617281250001 0.2 0.8987654328125 0.23055555625 0.9197530859375 0.2629629625 0.9543209875 0.2916666671875 0.977777778125 0.3398148140625 1 0.6231481484375 1
1 0.30555555624999997 0.6456790125 0.32685185156249996 0.6543209875 0.34629629687499996 0.6555555562500001 0.3611111109375 0.6481481484375 0.3759259265625 0.6246913578125 0.38055555625 0.60987654375 0.3796296296875 0.5950617281249999 0.353703703125 0.5827160499999999 0.33888888906250003 0.58148148125 0.3 0.6061728390625001 0.30648148124999997 0.6197530859375 0.30555555624999997 0.6456790125
1 0.76796875 0.19921875 0.08125 0.06328125
1 0.715625 0.28046875 0.03515625 0.04921875
1 0.8296875 0.4140625 0.09453125 0.11015625
1 0.834375 0.575 0.04453125 0.08828125
1 0.7125 0.646875 0.11015625 0.078125
1 0.7296875 0.62265625 0.08828125 0.10390625
1 0.61953125 0.56875 0.0484375 0.0671875
1 0.63828125 0.50234375 0.05 0.0625
1 0.6828125 0.45546875 0.1234375 0.08046875
1 0.58828125 0.4375 0.08125 0.13125
1 0.62734375 0.28203125 0.09140625 0.06640625
1 0.66875 0.33515625 0.05859375 0.07421875
1 0.68359375 0.19140625 0.06875 0.0734375
1 0.6078125 0.15703125 0.06875 0.09375
1 0.58828125 0.20546875 0.08046875 0.07578125
1 0.51640625 0.19140625 0.0546875 0.084375
1 0.44765625 0.16171875 0.06015625 0.0796875
1 0.49140625 0.321875 0.04296875 0.07578125
1 0.5375 0.271875 0.04921875 0.0609375
1 0.4875 0.234375 0.06796875 0.0578125
1 0.4515625 0.284375 0.06796875 0.07109375
1 0.4140625 0.23203125 0.06171875 0.04765625
1 0.38046875 0.29140625 0.04296875 0.0453125
1 0.3609375 0.240625 0.0390625 0.06328125
1 0.29921875 0.22890625 0.0734375 0.0984375
1 0.34921875 0.38046875 0.09140625 0.08984375
1 0.3421875 0.31875 0.0640625 0.06328125
1 0.29921875 0.359375 0.05703125 0.05390625
1 0.2875 0.415625 0.06796875 0.05625
1 0.23203125 0.4421875 0.06015625 0.09296875
1 0.18359375 0.3296875 0.0625 0.1046875
1 0.23359375 0.5265625 0.08125 0.09375
1 0.27265625 0.6 0.1 0.10625
1 0.40703125 0.72578125 0.084375 0.16015625
1 0.49765625 0.7046875 0.14921875 0.1140625
1 0.56953125 0.64921875 0.06953125 0.1203125
1 0.6234375 0.715625 0.1234375 0.08671875
1 0.5625 0.734375 0.0609375 0.140625
1 0.30546875 0.72734375 0.12890625 0.1546875
1 0.21796875 0.653125 0.040625 0.0625
1 0.371875 0.49140625 0.08046875 0.1625
1 0.440625 0.53203125 0.11640625 0.14921875
1 0.48828125 0.42734375 0.07890625 0.10859375
1 0.790625 0.52421875 0.03046875 0.0890625