4 1 0.43622414843749996 0.9841015921875 0.41847903437499995 0.9719508593749999 0.398320203125 0.9517290203125001 0.3875685625 0.9063170859375 0.343890728125 0.8993335046875 0.325971840625 0.89975578125 0.3051413 0.8959338156250001 0.3013334921875 0.8712345578124999 0.300885046875 0.84405361875 0.291253190625 0.819582640625 0.293716546875 0.7975737484375001 0.290132371875 0.7822956796875 0.2825166078125 0.7699264625 0.2670614453125 0.7135345671875 0.2406301953125 0.6942013578124999 0.22248708593750002 0.6798315015624999 0.22271079375 0.6663698640625 0.230773971875 0.652446771875 0.2292058109375 0.6414374296875 0.2236059890625 0.6299666359375 0.20837482812500002 0.5785283031249999 0.1926949265625 0.53318003125 0.19851764375 0.4664734234375 0.182837446875 0.40204470312499996 0.1924675328125 0.3616255078125 0.1900029234375 0.3301954296875 0.193586065625 0.2819138171875 0.1882095078125 0.2006482546875 0.2003030953125 0.17864426093750002 0.200526653125 0.1483408828125 0.20724559999999997 0.10167680781249999 0.23748259218749998 0.079682609375 0.245321621875 0.0704896984375 0.25540074218750003 0.058591728125 0.2571923859375 0.046237203125 0.253160428125 0 0.43860772031249995 0 0.7828057640625 0.0307707703125 0.797442209375 0.0885029515625 0.818497859375 0.1206325546875 0.835073325 0.1671320125 0.851425084375 0.3232683328125 0.9179514671875 0.333612428125 0.9300468234375 0.3414993296875 0.951997446875 0.3549903484375 0.966780678125 0.38622642812499997 0.9869398765625 0.43860772187499997 1 0.535583225 1 0.5568678375 0.9838073921875001 0.5851558875 0.9813441109375001 0.6197377875 0.9842565765625 0.641513503125 0.9811212140625001 0.7315594937500001 0.9873945171875 0.77668928125 0.98627546875 0.9084164031249999 0.928714025 1 0.5613922828125 1 0.43622414843749996
1 0.34921875 0.42734375 0.121875 0.1453125
1 0.19921875 0.3328125 0.1296875 0.1046875
1 0.09296875 0.42734375 0.1125 0.1
1 0.315625 0.60078125 0.178125 0.1484375
1 0.6609375 0.54765625 0.09375 0.1
1 0.67109375 0.6375 0.2140625 0.1390625
1 0.79375 0.69375 0.159375 0.128125
1 0.49765625 0.4328125 0.1265625 0.09375
1 0.5140625 0.27734375 0.0953125 0.0734375
1 0.33671875 0.30234375 0.1375 0.1
1 0.840625 0.33125 0.1375 0.1125
1 0.90625 0.52265625 0.16875 0.1046875
1 0.9578125 0.58984375 0.078125 0.0609375
1 0.6890625 0.41640625 0.1265625 0.1125
1 0.60859375 0.32109375 0.1171875 0.103125
1 0.7671875 0.6015625 0.0671875 0.0578125
3 0.10078125 0.5140625 0.18125 0.1859375
3 0.1015625 0.3875 0.15 0.090625
3 0.26875 0.4375 0.0875 0.0625
3 0.23828125 0.4796875 0.0953125 0.0765625
3 0.5328125 0.584375 0.1640625 0.16875
3 0.68359375 0.73203125 0.3484375 0.2125
3 0.565625 0.75078125 0.134375 0.1328125
3 0.6984375 0.4734375 0.165625 0.10625
3 0.77890625 0.384375 0.084375 0.0640625
3 0.73984375 0.28671875 0.109375 0.0921875
3 0.43515625 0.26015625 0.171875 0.1359375
3 0.596875 0.24453125 0.1453125 0.1265625