4 1 0.38915266875 0.8983266859375 0.17111354375 0.8869684812499999 0.1774287765625 0.8749472484374999 0.17794028906249998 0.8640000499999999 0.16980044218749998 0.840914190625 0.166302128125 0.789337975 0.1455246 0.7583093203125 0.14471125625 0.7366669453125 0.148690365625 0.65458689375 0.152325171875 0.608218246875 0.16681551249999998 0.5766819328125 0.16929534531249998 0.537475621875 0.17942701875 0.47239313125000004 0.1822674453125 0.40990403437499995 0.2103877734375 0.36427790937500004 0.2133248921875 0.3167765125 0.23853160624999997 0.3084227109375 0.255671659375 0.2986841375 0.263269278125 0.2853160703125 0.267465278125 0.270563234375 0.26211884531249996 0.2564147078125 0.2646411453125 0.240898571875 0.286139865625 0.190586075 0.3228455796875 0.1813931 0.34037694531249996 0.1678488875 0.350767978125 0.14692825468749998 0.3584857984375 0.12243684531250001 0.3607369828125 0.09759314218750001 0.3753782421875 0.073433246875 0.3805312890625 0.070408065625 0.3849984015625 0.07479723906249999 0.40536565312499995 0.07136105000000001 0.42428784999999997 0.035117584375 0.47582820468750003 0.0173187875 0.4902408171875 0.009237782812500001 0.5123477421875 0 0.5278085609375001 0 0.61084733125 0.1808898484375 0.9987668640624999 0.18640471875 1 0.4502127734375 1 0.45288875468749995 0.9992837124999999 0.47486264375 0.9982064656249999 0.5082534515625 0.9887489734375 0.5364917874999999 0.9857693828125 0.5653325828125 1 0.6108473328125 1 0.7045957390625001 0.9562844 0.7314113671875 0.93053545625 0.7418337453125 0.9134496265625 0.7453873671875 0.89039740625 0.753233509375 0.8765505296875 0.89380733125 0.7814542109375 0.9363324015625001 0.7565303625 0.9647089453125 0.73412881875 1 0.712892325 1 0.38915266875
1 0.634375 0.4 0.1390625 0.1546875
1 0.76328125 0.278125 0.1359375 0.1203125
1 0.8859375 0.35078125 0.1203125 0.1125
1 0.7 0.56328125 0.1890625 0.16875
1 0.35078125 0.57734375 0.103125 0.1078125
1 0.35859375 0.66796875 0.21875 0.16875
1 0.2484375 0.746875 0.16875 0.1484375
1 0.48984375 0.43359375 0.13125 0.109375
1 0.44375 0.28359375 0.1 0.0859375
1 0.62265625 0.275 0.14375 0.11875
1 0.13359375 0.39921875 0.1453125 0.128125
1 0.10546875 0.6 0.1703125 0.1296875
1 0.06796875 0.67578125 0.08125 0.0703125
1 0.2984375 0.4546875 0.134375 0.125
1 0.359375 0.34453125 0.125 0.115625
1 0.25703125 0.65 0.071875 0.065625
3 0.89453125 0.4375 0.2 0.203125
3 0.8703125 0.3140625 0.1515625 0.1125
3 0.715625 0.39453125 0.090625 0.075
3 0.753125 0.43046875 0.1015625 0.0875
3 0.48359375 0.5890625 0.18125 0.184375
3 0.3640625 0.7625 0.3515625 0.2625
3 0.48359375 0.75859375 0.146875 0.1453125
3 0.30078125 0.51171875 0.16875 0.1296875
3 0.20390625 0.43984375 0.0875 0.0734375
3 0.2234375 0.33671875 0.1171875 0.1046875
3 0.51796875 0.25234375 0.18125 0.15625
3 0.35625 0.26796875 0.15625 0.1421875