4 1 0.32779316718749996 0.9731481484375 0.3194829171875 0.95 0.3037857796875 0.9333333328125001 0.28716528124999996 0.9111111109375001 0.281625115625 0.85648148125 0.250230840625 0.8453703703125001 0.23453370312500002 0.840740740625 0.214219759375 0.8361111109375001 0.21144967656250002 0.8120370375 0.21698984375000002 0.7833333328125 0.214219759375 0.7601851859375001 0.222530009375 0.7379629624999999 0.22437673125000002 0.7212962968750001 0.2206832875 0.70555555625 0.20867959374999998 0.64444444375 0.1966759 0.621296296875 0.1837488453125 0.6074074078125 0.187442290625 0.5962962968750001 0.198522621875 0.5824074078125 0.20036934374999998 0.5703703703125 0.1975992609375 0.5555555562500001 0.1855955671875 0.5018518515625 0.18282548437499999 0.459259259375 0.19944598281249998 0.39074074062499997 0.20036934374999998 0.33055555625 0.2253000921875 0.290740740625 0.23268698125 0.2611111109375 0.2437673125 0.21296296250000002 0.250230840625 0.13703703750000001 0.281625115625 0.11574074062499999 0.28716528124999996 0.08796296249999999 0.301015696875 0.05 0.3416435828125 0.030555556249999997 0.3545706375 0.0240740734375 0.36657433125 0.0129629625 0.3711911359375 0 0.37026777499999997 0 0.8531855953124999 0.013888889062500001 0.8596491234375 0.022222221875 0.8744229000000001 0.052777778124999994 0.8891966765625 0.1166666671875 0.9021237296875 0.177777778125 0.9085872578125 0.21296296250000002 0.91689750625 0.26203703749999996 0.9215143125 0.4296296296875 0.9482917828125 0.44259259218749997 0.9575253921875 0.45555555625000005 0.9769159734375 0.47222222187499996 0.98799630625 0.5074074078125 1 0.6268518515625 1 0.646296296875 0.98799630625 0.672222221875 0.9556786703125001 0.6990740734374999 0.946445059375 0.7333333328125 0.94090489375 0.753703703125 0.9325946437500001 0.8425925921875 0.91689750625 0.8861111109375001 0.9048938140624999 1 0.8171745156249999 1 0.32779316718749996
1 0.3359375 0.46640625 0.09375 0.1265625
1 0.16796875 0.41015625 0.11328125 0.0796875
1 0.0875 0.528125 0.096875 0.078125
1 0.3453125 0.6421875 0.1546875 0.11484375
1 0.66796875 0.50703125 0.075 0.084375
1 0.69921875 0.5921875 0.196875 0.09453125
1 0.83203125 0.6171875 0.140625 0.09765625
1 0.48125 0.43515625 0.1125 0.06875
1 0.459375 0.28046875 0.08515625 0.0546875
1 0.29375 0.34765625 0.12421875 0.07265625
1 0.78984375 0.25390625 0.1203125 0.08515625
1 0.9 0.4234375 0.15625 0.06953125
1 0.965625 0.4765625 0.06875 0.04609375
1 0.66328125 0.3734375 0.1078125 0.08828125
1 0.56171875 0.3 0.10078125 0.08125
1 0.78359375 0.53359375 0.05859375 0.0453125
3 0.11640625 0.61015625 0.14921875 0.15390625
3 0.0859375 0.4875 0.140625 0.0578125
3 0.26015625 0.4953125 0.07890625 0.0453125
3 0.24140625 0.54375 0.084375 0.0578125
3 0.55234375 0.57421875 0.13359375 0.140625
3 0.734375 0.68046875 0.32421875 0.13828125
3 0.62421875 0.72734375 0.1109375 0.10859375
3 0.6859375 0.4265625 0.15234375 0.071875
3 0.74296875 0.3203125 0.075 0.046875
3 0.68125 0.23515625 0.0953125 0.071875
3 0.37890625 0.2828125 0.1515625 0.10234375
3 0.53203125 0.22890625 0.12578125 0.0984375