4 1 0.6170370375 0.9796296296874999 0.5888888890625 0.9583333328125001 0.5711111109375 0.94351851875 0.5533333328125 0.902777778125 0.5259259265625 0.847222221875 0.5029629625 0.8194444437499999 0.49481481406250005 0.7851851859375001 0.4903703703125 0.7231481484375 0.4903703703125 0.703703703125 0.48666666718749996 0.6416666671875 0.4911111109375 0.5851851859375 0.48 0.54444444375 0.47851851874999995 0.49629629687500004 0.4940740734375 0.46666666718750005 0.497777778125 0.4379629625 0.5096296296875 0.3240740734375 0.5340740734375 0.2666666671875 0.54 0.252777778125 0.5474074078125 0.2166666671875 0.5585185187499999 0.1879629625 0.5629629625 0.11388888906250001 0.5911111109375 0.0759259265625 0.6229629625 0.060185185937499996 0.643703703125 0.046296296875 0.6733333328125 0.0324074078125 0.6859259265625 0.0324074078125 0.69851851875 0.0203703703125 0.7288888890624999 0.0203703703125 0.760740740625 0.034259259375000004 0.8459259265625001 0.05 0.88444444375 0.0629629625 0.9081481484375 0.08148148125 0.9199999999999999 0.08796296249999999 0.9303703703125 0.1129629625 0.9518518515625001 0.1925925921875 0.959259259375 0.27777777812500004 0.97851851875 0.3481481484375 0.98148148125 0.44259259218749997 0.9800000000000001 0.63148148125 0.959259259375 0.6703703703125 0.9629629625 0.7240740734375 0.9629629625 0.8611111109375 0.9266666671875001 0.8888888890625 0.91555555625 0.9175925921875001 0.8970370375 0.93148148125 0.8800000000000001 0.959259259375 0.859259259375 0.9731481484375 0.8525925921875 1 0.8466666671875 1 0.6170370375
0 0.85859375 0.61171875 0.065625 0.05390625
0 0.878125 0.66953125 0.075 0.053125
0 0.88515625 0.71171875 0.0625 0.0359375
0 0.49453125 0.678125 0.06171875 0.04140625
0 0.57265625 0.6625 0.05546875 0.04375
0 0.65859375 0.65078125 0.06015625 0.03984375
0 0.4453125 0.546875 0.053125 0.03359375
0 0.3046875 0.58515625 0.05234375 0.03359375
0 0.3109375 0.63203125 0.059375 0.03984375
0 0.2 0.72421875 0.08125 0.0484375
0 0.5703125 0.7734375 0.0765625 0.04296875
3 0.4453125 0.640625 0.08828125 0.04375
3 0.5078125 0.75234375 0.23984375 0.084375
3 0.66875 0.596875 0.090625 0.040625