4 0.817131075 1 0.8179364625 0.9992133171875001 0.8442511328125001 0.9669800234375 0.88243888125 0.8895777421875 0.8917514609375001 0.8591176656249999 0.889119821875 0.826555046875 0.8928015390624999 0.8145126906250001 0.8832012468749999 0.798409615625 0.8785821015625 0.7660139421875 0.8695931625 0.741577325 0.84260158125 0.7000179531249999 0.7799939140625 0.65144258125 0.7538438546874999 0.6388001875 0.7225592015625 0.6176167125 0.7114429078125 0.6064722546875 0.6582765046875 0.5840209609375 0.5565108828125 0.527346734375 0.5325265390625 0.5076206015625 0.5052744421875001 0.49541586562499995 0.46377814375000004 0.466462859375 0.4243844359375 0.45596816718750005 0.3671223515625 0.45008018749999995 0.30909546875 0.42769207187499997 0.2894177953125 0.42554893437499997 0.23009148124999998 0.4074110609375 0.1960297609375 0.40164486562499996 0.16708345156249998 0.4013155421875 0.1072416875 0.4070322609375 0.0602679734375 0.4213306546875 0.0409027765625 0.4340001953125 0.0153393078125 0.444774734375 0 0.45637884843750004 0 0.775871390625 0.0066070187500000006 0.783697646875 0.029922465625 0.8024446921875 0.1503596265625 0.8772207640625 0.201716734375 0.8929222078124999 0.239989221875 0.9007503484375 0.414560559375 0.975810584375 0.48945831249999994 1 0.817131075 1
0 0.12421875 0.50234375 0.078125 0.0703125
0 0.0890625 0.5515625 0.0875 0.0734375
0 0.06953125 0.58984375 0.0703125 0.053125
0 0.453125 0.671875 0.071875 0.0578125
0 0.3828125 0.634375 0.065625 0.0578125
0 0.30390625 0.59765625 0.06875 0.05625
0 0.53828125 0.5609375 0.0609375 0.0484375
0 0.66171875 0.63828125 0.059375 0.046875
0 0.6421875 0.68125 0.06875 0.0546875
0 0.72109375 0.80234375 0.0921875 0.0703125
0 0.353125 0.740625 0.0859375 0.0640625
3 0.5109375 0.65078125 0.096875 0.0671875
3 0.41875 0.7390625 0.2546875 0.1515625
3 0.31015625 0.54296875 0.0984375 0.065625