4 0.738487765625 1 0.8149191859375 0.9056150562499999 0.8168026390625001 0.870920346875 0.8114402265624999 0.843702225 0.811114871875 0.8205630312500001 0.796701409375 0.7736244984375 0.7679776953124999 0.720816678125 0.751518103125 0.69700325625 0.7276906375000001 0.671989225 0.6794788046875 0.6329480515625 0.6666984484375 0.6178329484375 0.6156896374999999 0.5822457578125 0.57878773125 0.5380658546875 0.5480585546875 0.5112755484375 0.5008509890624999 0.4930638734375 0.47549362500000003 0.4772956625 0.44572804374999997 0.4684424546875 0.3418363671875 0.41576675625000004 0.2934931265625 0.3842444140625 0.2780378 0.381260490625 0.24298174687500002 0.3671699859375 0.21787779999999998 0.3525601421875 0.1425972296875 0.3278190359375 0.093049446875 0.3286817078125 0.0677640234375 0.334894321875 0.0383237984375 0.3491803078125 0.019605328124999998 0.3502260296875 0.011680553125 0.3600123125 0 0.3665884671875 0 0.698859003125 0.026159435937499996 0.732029759375 0.0789828328125 0.778617921875 0.1533122765625 0.8369024093749999 0.3131590859375 0.93965545625 0.3410506125 0.9670073453124999 0.3817931484375 1 0.738487765625 1
0 0.70859375 0.8125 0.084375 0.0828125
0 0.6875 0.86953125 0.0921875 0.0890625
0 0.66640625 0.90703125 0.071875 0.0671875
0 0.38359375 0.63515625 0.0734375 0.0703125
0 0.45390625 0.671875 0.0703125 0.06875
0 0.528125 0.7171875 0.071875 0.06875
0 0.428125 0.50234375 0.0625 0.059375
0 0.29453125 0.44296875 0.0625 0.059375
0 0.2703125 0.48359375 0.071875 0.06875
0 0.12578125 0.48515625 0.09375 0.0890625
0 0.3828125 0.75703125 0.0859375 0.08125
3 0.36875 0.575 0.096875 0.0890625
3 0.34765625 0.70078125 0.2390625 0.2171875
3 0.5703125 0.68125 0.0953125 0.0890625