4 1 0.6376404499999999 0.99444444375 0.6207865171875 0.99351851875 0.5941011234375 0.9759259265625 0.5435393265624999 0.9759259265625 0.5379213484375 0.9879629624999999 0.535112359375 0.9879629624999999 0.508426965625 0.9740740734375001 0.51404494375 0.9611111109375001 0.4831460671875 0.9620370375 0.44101123593749997 0.975 0.42977528125 0.9768518515625001 0.4157303375 0.9740740734375001 0.408707865625 0.9629629625 0.39606741562500003 0.9370370375 0.3848314609375 0.91851851875 0.35393258437499997 0.884259259375 0.2780898875 0.8611111109375 0.255617978125 0.8398148140625 0.22191011249999998 0.7833333328125 0.16853932656249998 0.76851851875 0.14887640468750002 0.7 0.0969101125 0.6824074078125 0.0884831453125 0.6611111109375 0.063202246875 0.534259259375 0.0238764046875 0.48055555625 0.0238764046875 0.447222221875 0.0308988765625 0.38055555625 0.0280898875 0.3333333328125 0.0393258421875 0.28055555625 0.04213483125 0.2666666671875 0.050561798437500007 0.253703703125 0.060393257812500004 0.2398148140625 0.0884831453125 0.2046296296875 0.1292134828125 0.1768518515625 0.1348314609375 0.1620370375 0.146067415625 0.11944444375 0.2387640453125 0.08425925937499999 0.27668539375 0.0740740734375 0.29213483125 0.0703703703125 0.30617977500000004 0.055555556250000006 0.3216292140625 0.052777778124999994 0.341292134375 0.027777778125000003 0.40168539374999995 0.0259259265625 0.4199438203125 0.0166666671875 0.44241572968750004 0.0166666671875 0.5252808984375 0.0120370375 0.5533707859375 0.022222221875 0.674157303125 0.030555556249999997 0.7176966296875 0.0259259265625 0.7345505625000001 0.028703703125 0.772471909375 0.0509259265625 0.7935393265624999 0.05 0.8244382015625 0.10555555624999999 0.8595505625 0.11851851875 0.8778089890624999 0.12870370312499999 0.9030898875 0.15277777812499999 0.9325842703125 0.172222221875 0.9410112359375 0.1898148140625 0.9353932578125 0.20370370312500002 0.938202246875 0.2379629625 0.964887640625 0.28055555625 0.9691011234375001 0.3240740734375 0.9901685390624999 0.36851851875 1 0.7379629624999999 1 0.7629629625 0.977528090625 0.7638888890625 0.9592696625 0.7814814812499999 0.9339887640625 0.8148148140625 0.9213483140625 0.8398148140625 0.8988764046875 0.8611111109375 0.869382021875 0.9111111109375001 0.8511235953125 0.925 0.8230337078125001 0.9370370375 0.811797753125 0.9490740734375 0.8103932578125 0.9481481484375 0.7963483140625 0.953703703125 0.7879213484375 0.9601851859374999 0.755617978125 0.98055555625 0.7078651687499999 0.9824074078124999 0.69522471875 1 0.672752809375 1 0.6376404499999999
1 0.75078125 0.43203125 0.1625 0.165625
1 0.721875 0.25703125 0.1359375 0.1265625
1 0.5296875 0.2796875 0.1296875 0.12578125
1 0.36875 0.28984375 0.13203125 0.1265625
1 0.21796875 0.30859375 0.10546875 0.13125
1 0.20234375 0.453125 0.0984375 0.090625
1 0.25703125 0.50703125 0.078125 0.0875
1 0.415625 0.44921875 0.11328125 0.15234375
1 0.35546875 0.653125 0.1359375 0.15859375
1 0.53828125 0.6578125 0.071875 0.0921875
1 0.534375 0.76875 0.046875 0.08046875
1 0.696875 0.6421875 0.1359375 0.1671875
1 0.55234375 0.1390625 0.12734375 0.115625
1 0.34140625 0.14296875 0.13671875 0.0875
1 0.459375 0.07578125 0.08828125 0.06953125