4 0.659949275 1 0.692821221875 0.9867869625000001 0.7030688265625 0.979158271875 0.7313987078124999 0.9757080734375 0.7562268953125 0.9508798859375001 0.764216053125 0.935033984375 0.7824307484374999 0.915509834375 0.805743496875 0.8673174031249999 0.8097160078125001 0.8633448921875001 0.8202137328125 0.8698701078125 0.8390831546875 0.851000684375 0.8252897171875 0.8451522671875 0.8379723234374999 0.8141372625000001 0.868420878125 0.7849981671874999 0.8855320953125 0.7862193468750001 0.896772828125 0.777597528125 0.8997742796875 0.7706677046875 0.9008556859375 0.7538728156250001 0.8904683078125 0.7275953984375 0.8992225421875 0.6926520218750001 0.9286264734375 0.6147981828125 0.9281482999999999 0.5825399296875 0.9369246046875 0.5436461140625 0.9347250109375 0.46596883125 0.938153140625 0.441589390625 0.9264489484375 0.3563937640625 0.9199678734375001 0.33799515625 0.9227854125 0.30506010625 0.8608951781249999 0.18755473125 0.822920925 0.1495804796875 0.7943850609374999 0.1309758890625 0.7492308640625 0.0818491828125 0.707894690625 0.056403048437500006 0.6685889109375001 0.0210697796875 0.6528092187500001 0.01720761875 0.6366911265625 0.014993309375 0.6070076484375 0.0250349328125 0.55332726875 0.028955946875 0.529712903125 0.013286603125 0.5112922281250001 0.0107559671875 0.4156283 0.0461848703125 0.36393417499999997 0.04811963125 0.345807759375 0.051842018749999996 0.3332575703125 0.0591543796875 0.3118575125 0.059603128125 0.2959895421875 0.0715427265625 0.23560738906249998 0.096569540625 0.22138727500000002 0.10817074062500001 0.1989499515625 0.1175134953125 0.140355428125 0.1761080171875 0.11721923593750001 0.192696925 0.0390122828125 0.285307903125 0.0141178875 0.3219874140625 0 0.33002059375 0 0.6605273453125 0.013124760937499999 0.67653393125 0.029000085937499996 0.7222030828125 0.05347516249999999 0.76058194375 0.29289321875 1 0.659949275 1
1 0.725 0.62890625 0.23125 0.23125
1 0.82890625 0.48515625 0.1859375 0.1859375
1 0.6765625 0.36484375 0.18125 0.18125
1 0.55546875 0.25859375 0.1828125 0.1828125
1 0.4359375 0.16484375 0.1671875 0.1671875
1 0.32265625 0.25625 0.134375 0.134375
1 0.3234375 0.3328125 0.1171875 0.1171875
1 0.4765625 0.4046875 0.1875 0.1875
1 0.28984375 0.50625 0.2078125 0.2078125
1 0.415625 0.63828125 0.115625 0.115625
1 0.334375 0.7140625 0.090625 0.090625
1 0.53828125 0.73984375 0.2140625 0.2140625
1 0.7921875 0.28203125 0.171875 0.171875
1 0.640625 0.13515625 0.1578125 0.1578125
1 0.77109375 0.17109375 0.1109375 0.1109375