4 1 0.5591947875 0.989181334375 0.45928249218749995 0.9792769609375 0.43259206875 0.9634655406249999 0.3512493671875 0.9500885578125 0.3309570796875 0.9447868578125 0.3133874625 0.9087226015625 0.25887402187499997 0.902243996875 0.240102390625 0.88475348125 0.2277636 0.8784379234375 0.21468340156250001 0.8654919765625 0.2014612390625 0.823717509375 0.1709502625 0.764220109375 0.08808378125 0.7475335640625 0.0798810625 0.71919418125 0.0796665515625 0.6768837343749999 0.0463981953125 0.65789021875 0.0214745234375 0.643289490625 0.0142971453125 0.6280478390625001 0.0086751296875 0.5757037578124999 0.015988225000000002 0.52720521875 0.013969131249999999 0.4622993875 0.0294471109375 0.4282385296875 0.0289139609375 0.3755215140625 0.0391611109375 0.2585040140625 0.1019689015625 0.2424228125 0.13084884375 0.2267613875 0.1424778078125 0.16941738281250002 0.2065632828125 0.15862662031250002 0.22869174062500003 0.11336648906249999 0.2918591296875 0.0988932296875 0.3290112125 0.0804582203125 0.355487125 0.06129986875 0.4364733515625 0.0490173703125 0.47033802968750005 0.025711698437500003 0.4863144484375 0.0172166421875 0.50084275625 0.01582985 0.50826623125 0.0203275796875 0.5216997796875 0.035196296875 0.5302558484375 0.0441449171875 0.57143986875 0.0373159046875 0.604244496875 0.0226102328125 0.6013798609375 0.0277020453125 0.6275749687500001 0.0400539078125 0.628035575 0.04112586875 0.633550334375 0.033504146875 0.6865399937500001 0.037687046875000005 0.7129117765624999 0.03544944375 0.7305161046875 0.0421491984375 0.7649833515625 0.0637064078125 0.7836855640625 0.067936146875 0.7957404234375 0.09704392187500001 0.8387290296875 0.10957009531249999 0.8692021703125 0.11663151875 0.876414259375 0.11840250781249999 0.8903778328125 0.13048637968750001 0.8894597484375 0.144446184375 0.8981924921875001 0.1634396984375 0.9231161640625001 0.2160049296875 0.9314986828125 0.242537746875 0.9563876453125 0.27136626875 0.9736764578124999 0.30649908593749997 0.9797243671875 0.32737336093749997 1 0.5481445234375 1 0.7244702937499999 0.9657257421875001 0.7662222390625 0.9475945125 0.8049213453125 0.918610440625 0.8459274234375 0.906347321875 0.8744654296875 0.8736152390624999 0.8875631609375001 0.8682077343750001 0.9059044875 0.8703656687500001 0.9233837421875 0.8583833562500001 0.9413877140625001 0.8248373171875001 0.9465619453125 0.798077475 0.9558028703125 0.7776810578125 1 0.73604080625 1 0.7164919671875001 0.9968332625 0.702458809375 1 0.6980238062499999 1 0.5591947875
1 0.240625 0.48125 0.190625 0.19375
1 0.2359375 0.30390625 0.1578125 0.15
1 0.42890625 0.2890625 0.1515625 0.1484375
1 0.5890625 0.26875 0.153125 0.15
1 0.740625 0.25859375 0.128125 0.1484375
1 0.78359375 0.396875 0.1140625 0.1078125
1 0.73984375 0.46015625 0.09375 0.1015625
1 0.5734375 0.434375 0.140625 0.171875
1 0.67109375 0.62265625 0.1640625 0.18125
1 0.4921875 0.6625 0.0875 0.1046875
1 0.5171875 0.7703125 0.0609375 0.0875
1 0.33359375 0.67734375 0.165625 0.190625
1 0.3796875 0.15546875 0.146875 0.1375
1 0.5875 0.11953125 0.1515625 0.1125
1 0.45859375 0.07578125 0.1 0.084375