4 0.19351851874999998 0 0.1611111109375 0.07638888906249999 0.1268518515625 0.184722221875 0.109259259375 0.20833333281250002 0.0981481484375 0.2541666671875 0.0870370375 0.27777777812500004 0.07685185156249999 0.375 0.07685185156249999 0.41111111093749997 0.0546296296875 0.5208333328125 0.0509259265625 0.575 0.04351851875 0.58194444375 0.04444444375 0.5944444437499999 0.0509259265625 0.6 0.058333332812500006 0.6319444437499999 0.06944444375 0.7583333328124999 0.0898148140625 0.8208333328125 0.09444444375 0.8513888890624999 0.1231481484375 0.922222221875 0.1518518515625 0.972222221875 0.1601851859375 0.99444444375 0.165740740625 1 1 1 1 0 0.19351851874999998 0
3 0.4768518515625 0.68154761875 0.4854497359375 0.6914682546875001 0.5171957671875 0.6954365078125 0.5582010578125 0.677579365625 0.6025132281250001 0.6517857140625 0.63029100625 0.6289682546875001 0.6382275125 0.5992063484375 0.6514550265625 0.559523809375 0.63095238125 0.5535714296875 0.6170634921875 0.5882936515625 0.6025132281250001 0.6140873015625 0.575396825 0.6269841265625 0.5330687828125 0.6418650796875001 0.4986772484375 0.647817459375 0.49140211718750004 0.6537698421875 0.478174603125 0.66765873125 0.4768518515625 0.68154761875
3 0.62890625 0.921875 0.0640625 0.08515625
3 0.5109375 0.759375 0.0703125 0.121875
3 0.36640625 0.84140625 0.046875 0.07421875
3 0.225 0.75234375 0.040625 0.08359375
3 0.415625 0.21015625 0.07109375 0.0984375
3 0.93203125 0.3859375 0.04609375 0.09140625
3 0.74140625 0.7265625 0.06640625 0.09921875
3 0.7640625 0.64609375 0.0453125 0.0984375
3 0.44140625 0.353125 0.04375 0.05390625
3 0.409375 0.11875 0.040625 0.09453125
3 0.97578125 0.715625 0.04140625 0.18671875
3 0.9859375 0.9234375 0.028125 0.11875
3 0.95 0.8546875 0.03359375 0.13828125
3 0.67890625 0.840625 0.04921875 0.0859375
3 0.771875 0.434375 0.0484375 0.06953125
3 0.64375 0.33828125 0.04921875 0.05546875