4 0.3423506046875 0 0 0.2397164734375 0 0.6576493953125 0.2397164734375 1 0.6576493937500001 1 1 0.760283525 1 0.46315915781249994 0.9374723765624999 0.3547529671875 0.9252175890625001 0.3243368984375 0.9273403734375 0.3160684265625 0.920929140625 0.3052979375 0.910878178125 0.303858096875 0.8767755578124999 0.2616117171875 0.7956380984375 0.18447867812500002 0.7749256156250001 0.1548981875 0.710818025 0.0811003890625 0.688173559375 0.0681323703125 0.6527829484375001 0.036960971875 0.6248291640625 0.027710578125000003 0.5886520140625 0 0.3423506046875 0
3 0.585868146875 0.620326275 0.55428210625 0.6351765453125 0.5110736390625 0.6472651484374999 0.48146386718749995 0.65225401875 0.454750359375 0.6394707859375 0.4234573984375 0.618994346875 0.410076759375 0.635630084375 0.443673075 0.6605491265625 0.4672450078125 0.6803764609375 0.5030867890625 0.68313475 0.5541798234375 0.67884725625 0.598011828125 0.6699553015624999 0.6217405578124999 0.6484959234375001 0.6230932890624999 0.6354378703125 0.6140434156250001 0.624819459375 0.59524173125 0.6210293375 0.585868146875 0.620326275
3 0.63671875 0.91953125 0.1015625 0.10625
3 0.63984375 0.71875 0.128125 0.140625
3 0.80546875 0.703125 0.08125 0.0875
3 0.8703125 0.54921875 0.08125 0.0921875
3 0.403125 0.2140625 0.1140625 0.121875
3 0.08046875 0.6546875 0.090625 0.1015625
3 0.43203125 0.82421875 0.1109375 0.11875
3 0.3671875 0.77109375 0.09375 0.10625
3 0.4640625 0.34609375 0.0671875 0.06875
3 0.35546875 0.1359375 0.0875 0.1
3 0.2328125 0.93046875 0.140625 0.1390625
3 0.5484375 0.88125 0.0890625 0.0984375
3 0.23984375 0.60234375 0.0796875 0.084375
3 0.28984375 0.45 0.071875 0.0734375