4 0.2063118390625 0 0.1761013671875 0.0648198890625 0.1380821984375 0.1718915984375 0.11967630781250001 0.194874353125 0.1069724046875 0.2402919953125 0.095044046875 0.26350094999999996 0.081472059375 0.3603084890625 0.0802118 0.39639760156250003 0.0541738640625 0.505277440625 0.048582028124999996 0.559281853125 0.040936774999999995 0.5659635515625 0.0414258921875 0.5784882515625 0.047709540625000005 0.5842666234375 0.0539975890625 0.616450121875 0.060691023437500005 0.743149790625 0.078867765625 0.8063226328124999 0.0824282015625 0.837021146875 0.10864237343750001 0.908813075 0.13558361562500001 0.9597843609375 0.1431363296875 0.982283875 0.1484946140625 0.9880299328125 0.49127247343749997 1 0.9828443874999999 1 1 0.5087275484375 1 0.0171556125 0.5087275296875 0 0.2063118390625 0
3 0.5103646562499999 0.6959175765625 0.5519681734375 0.6795023765625 0.5971535343750001 0.6552709109375 0.6257107093750001 0.63343678125 0.63468105625 0.6039699859375001 0.6492854125 0.564773253125 0.6290029921875 0.5581089671874999 0.6139107765625 0.592325321875 0.598469190625 0.6175954625 0.5709192125 0.6295380828125 0.52809761875 0.64293274375 0.4935193 0.64768125 0.48604086406249997 0.6533761078125 0.47233669375 0.666794903125 0.47053003281250005 0.680629165625 0.47877645312499995 0.6908438203125 0.5103646562499999 0.6959175765625
3 0.6140625 0.92578125 0.0671875 0.0875
3 0.5015625 0.759375 0.075 0.125
3 0.3546875 0.83671875 0.05 0.0765625
3 0.21640625 0.74296875 0.04375 0.084375
3 0.42578125 0.20703125 0.075 0.1015625
3 0.9359375 0.40078125 0.05 0.0921875
3 0.73359375 0.73515625 0.0703125 0.1015625
3 0.75859375 0.65546875 0.0484375 0.1
3 0.446875 0.35078125 0.0453125 0.0546875
3 0.42265625 0.115625 0.04375 0.0953125
3 0.96796875 0.73203125 0.0484375 0.1875
3 0.97109375 0.93984375 0.0328125 0.1203125
3 0.9375 0.8703125 0.0390625 0.1390625
3 0.6671875 0.846875 0.0515625 0.0875
3 0.77421875 0.44375 0.0515625 0.071875
3 0.64921875 0.34375 0.0515625 0.0578125