4 0.512252953125 0.131248175 0.44980231406250004 0.1274024875 0.389433934375 0.1322550375 0.3019414078125 0.1553334015625 0.23535943750000002 0.1921521015625 0.19316380625000001 0.1908613421875 0.18551244218750002 0.2059610421875 0.18785913125 0.223004165625 0.185270134375 0.2363233953125 0.16489950312499999 0.2586264546875 0.1547858265625 0.28154101875 0.152973528125 0.290864478125 0.15752363125 0.3014246640625 0.14259542187500002 0.305434153125 0.1381885984375 0.31840003281249996 0.125601546875 0.3297758359375 0.11457895625 0.3525137234375 0.104861925 0.38794561875 0.1060408015625 0.40614399062500006 0.07917555625 0.4230378828125 0.0694474625 0.4391161546875 0.0615593234375 0.49425501875 0.045094309375 0.5352864765625001 0.05004105625000001 0.55836399375 0.03982281875 0.6254901640625 0.045303959375 0.6749342656249999 0.058965325 0.72596844375 0.0845747890625 0.7834718390625001 0.133689334375 0.8510731500000001 0.20526229843750002 0.91474645 0.255263634375 0.9438171953125 0.3187609359375 0.9616888109374999 0.4283428890625 0.9705491546875 0.5199999328125 0.9648672640625 0.5745181828125 0.9464373343749999 0.6529105046875 0.9022385984374999 0.698846353125 0.86002445 0.7490512781249999 0.7909951687500001 0.776412196875 0.7327301890625 0.7870326109375 0.6877981625 0.7843003375 0.6775913250000001 0.7702699828124999 0.6624238703125 0.76905555 0.5820174312499999 0.77949016875 0.5040728015625 0.775016334375 0.4646976984375 0.7631256140625 0.42881749999999996 0.753001590625 0.4011792703125 0.727929603125 0.3429904953125 0.68310151875 0.27898688125 0.6475593546875 0.2365346671875 0.6121178781250001 0.1755404109375 0.5708200984375 0.15507270625 0.5349813359375 0.145341859375 0.512252953125 0.131248175
3 0.6140625 0.7296875 0.0875 0.0859375
3 0.66875 0.44140625 0.09375 0.09375
3 0.51875 0.30859375 0.1140625 0.121875
3 0.375 0.26328125 0.0625 0.0703125
3 0.31171875 0.215625 0.0625 0.059375
3 0.25546875 0.58125 0.1046875 0.1078125
3 0.43046875 0.4375 0.1171875 0.1953125
3 0.34921875 0.33359375 0.0546875 0.090625
3 0.31171875 0.26875 0.0546875 0.0984375
3 0.24453125 0.37734375 0.0328125 0.0515625
3 0.5328125 0.57578125 0.1296875 0.1359375
3 0.4265625 0.2109375 0.0515625 0.0546875