4 0.45185185156249996 0.1601085484375 0.40542328124999993 0.213219615625 0.3624338625 0.24811009843749998 0.30621693125 0.3023841828125 0.2705026453125 0.35471990625 0.25529100625 0.3799185890625 0.2367724875 0.4128707109375 0.22486772500000002 0.45066873437500005 0.2202380953125 0.5291723203124999 0.20370370312500002 0.6078697421875 0.1870370375 0.6200814109375 0.1824074078125 0.6295793765625 0.184259259375 0.6757123468749999 0.2 0.73812754375 0.23611111093749998 0.8154681140625 0.2731481484375 0.8656716421875 0.3416666671875 0.9240162828124999 0.3916666671875 0.9525101765624999 0.48055555625 0.9755766625 0.5898148140624999 0.98778833125 0.6555555562500001 0.9823609234375 0.7101851859375 0.96336499375 0.7925925921875 0.9145183171875001 0.853703703125 0.8575305296875 0.8898148140625001 0.8059701499999999 0.9129629625 0.7584803250000001 0.9277777781250001 0.7109905015625 0.9305555562500001 0.643147896875 0.9398148140625 0.6214382625 0.93148148125 0.5780189953125 0.934259259375 0.522388059375 0.9277777781250001 0.5047489828125 0.9046296296874999 0.48303934843749996 0.909259259375 0.465400271875 0.9064814812499999 0.4287652640625 0.9 0.4043419265625 0.8898148140625001 0.39077340625 0.8879629625 0.377204884375 0.8740740734375001 0.3704206234375 0.88055555625 0.360922659375 0.88055555625 0.3514246953125 0.875 0.32700135625 0.859259259375 0.30122116718749997 0.859259259375 0.2876526453125 0.8648148140625 0.27137042031249997 0.8601851859374999 0.25508819531250004 0.81851851875 0.24830393437499998 0.7601851859375001 0.199457259375 0.678703703125 0.1601085484375 0.6203703703125 0.1438263234375 0.5583333328125 0.1356852109375 0.5333333328125 0.145183175 0.49629629687500004 0.1478968796875 0.45185185156249996 0.1601085484375
3 0.34453125 0.70390625 0.07578125 0.07265625
3 0.3453125 0.41015625 0.0796875 0.0796875
3 0.51796875 0.30859375 0.0953125 0.10546875
3 0.66796875 0.29140625 0.05234375 0.0609375
3 0.7390625 0.25703125 0.05390625 0.04921875
3 0.72421875 0.6265625 0.08828125 0.0921875
3 0.58046875 0.45234375 0.084375 0.18203125
3 0.6796875 0.365625 0.03984375 0.08515625
3 0.72890625 0.30859375 0.0375 0.09375
3 0.77421875 0.428125 0.025 0.046875
3 0.453125 0.56796875 0.11015625 0.11640625
3 0.62734375 0.23046875 0.04296875 0.046875