4 0.5886281531249999 1 0.632252721875 0.9892635375 0.6903435250000001 0.9580103703124999 0.775325096875 0.888261946875 0.837310684375 0.8205044046875001 0.8637253250000001 0.7693754625 0.889413021875 0.6831256703124999 0.89313209375 0.6208496328125 0.8812947265625001 0.5363188515624999 0.86050226875 0.47540004218750004 0.836929546875 0.4357010859375 0.8278738499999999 0.4302569 0.80724505625 0.42909264843750006 0.750516459375 0.3720967125 0.7038776078125 0.30877954218750003 0.67330715625 0.2835632515625 0.6398292062500001 0.266013184375 0.6133474671875 0.25316464375000003 0.55489086875 0.22872360625 0.4781835984375 0.2138234640625 0.42312691874999997 0.20797555937499998 0.3552622828125 0.1887196828125 0.3113370828125 0.2026842953125 0.278797221875 0.22058020625000002 0.2526574953125 0.22623051875 0.205062825 0.26684602343749997 0.16500831093749999 0.31227205625 0.118103034375 0.38965065781249997 0.09578439062500001 0.4623875359375 0.06453475625 0.49077058906250004 0.069519959375 0.5069474890625 0.083047175 0.5175771390625 0.090437121875 0.528956659375 0.091276721875 0.5591507671875 0.09991934531249999 0.582659675 0.10509230624999999 0.5906253390625 0.11570109843750001 0.5950609328125 0.10774786875 0.6083151234375 0.11358472187499999 0.620703234375 0.1124326515625 0.6376300031250001 0.120298728125 0.6616432046875 0.1379219421875 0.69388079375 0.15141160625 0.7061526921875 0.14382185 0.7369673078125001 0.1479929515625 0.75529075 0.180621371875 0.8004338921875 0.19728027812499999 0.8413870125 0.216869659375 0.854551290625 0.25614903125 0.9099360000000001 0.2944385921875 0.941695590625 0.339717075 0.9689165234375 0.398084196875 0.9924911765625 0.44066720937500004 1 0.5886281531249999 1
3 0.74140625 0.58671875 0.103125 0.1015625
3 0.58046875 0.340625 0.1109375 0.1109375
3 0.38046875 0.34921875 0.1375 0.140625
3 0.2453125 0.41640625 0.0765625 0.0796875
3 0.1671875 0.4265625 0.071875 0.0703125
3 0.38125 0.728125 0.125 0.125
3 0.40625 0.50390625 0.1703125 0.1984375
3 0.27578125 0.48515625 0.0796875 0.09375
3 0.20390625 0.4640625 0.0828125 0.0984375
3 0.23125 0.5890625 0.046875 0.053125
3 0.5765625 0.53125 0.15625 0.1578125
3 0.24609375 0.34296875 0.0609375 0.0625