4 0.992098559375 0.561561325 0.9887482890625 0.5059524921875 0.9952819234374999 0.4408986453125 0.9789864343750001 0.377189353125 0.970641471875 0.357927115625 0.9298445546874999 0.3067019234375 0.9223801999999999 0.2877258140625 0.899373259375 0.2656467640625 0.8874614093750001 0.23938411875 0.8613070734375 0.2269917546875 0.8065315656250001 0.1858282859375 0.7809717109375 0.17460265625 0.720362528125 0.13641159375 0.6962999875 0.129566778125 0.6633646890625 0.111076840625 0.5832293703125 0.085039296875 0.46161940156250003 0.0727859546875 0.42765072968749995 0.0724582015625 0.3863066140625 0.0648661421875 0.37080848125 0.06761910156249999 0.33360350625 0.0652662328125 0.28979538437499996 0.08023939531249999 0.270841503125 0.09063170000000001 0.2471762265625 0.09754602812499999 0.1941231359375 0.1289868421875 0.1203104953125 0.1643918046875 0.10606800624999999 0.17826208593749998 0.094203440625 0.19679930625 0.064815628125 0.221325790625 0.0293358984375 0.33052116875 0.037528096875 0.368231715625 0.038236543750000004 0.42298216718750004 0.09314824375 0.5206573031249999 0.0957484421875 0.5546037484374999 0.10319056874999999 0.57065190625 0.1212222171875 0.593061540625 0.15770500468749998 0.6545678984375 0.2069996484375 0.7066070171875001 0.264108625 0.7465815234375001 0.3468635390625 0.7705494953125 0.46583451406250004 0.8208884218750001 0.55182573125 0.8468815109375001 0.6089541078125 0.850840003125 0.6478313906250001 0.8420533234375001 0.726072128125 0.849950909375 0.7737332609375 0.8410975453124999 0.8072379875 0.8188823031249999 0.816241284375 0.8091511625000001 0.8424817015625001 0.7943113625 0.8805866828125 0.7609343453124999 0.894762490625 0.7382802109375 0.902665734375 0.7379274031249999 0.9157859437500001 0.730507503125 0.9291255968750001 0.71342314375 0.9387678296875 0.7107146390625 0.9497295578125 0.688963340625 0.9683750874999999 0.6765236953125 0.9732392437499999 0.6615533609375001 0.9692750921875 0.6407938078125001 0.992098559375 0.561561325
1 0.76328125 0.290625 0.190625 0.1609375
1 0.24921875 0.2828125 0.1765625 0.1359375
1 0.4203125 0.5125 0.1453125 0.15625
1 0.54765625 0.57578125 0.1109375 0.165625
1 0.61015625 0.70703125 0.1453125 0.1296875
1 0.76171875 0.66796875 0.2515625 0.2046875
1 0.83671875 0.48671875 0.096875 0.10625
1 0.79765625 0.428125 0.2046875 0.1625
1 0.83203125 0.36953125 0.14375 0.1359375
1 0.671875 0.178125 0.175 0.1203125
1 0.57890625 0.2421875 0.1078125 0.10625
1 0.4953125 0.240625 0.11875 0.090625
1 0.53125 0.175 0.090625 0.0921875
1 0.36953125 0.2890625 0.090625 0.121875
1 0.45859375 0.31171875 0.115625 0.15
1 0.36953125 0.4140625 0.128125 0.121875
1 0.4890625 0.37265625 0.1203125 0.1109375
1 0.58046875 0.34921875 0.1265625 0.121875
1 0.64375 0.41015625 0.115625 0.13125
1 0.746875 0.54296875 0.2046875 0.1390625
1 0.76171875 0.49453125 0.215625 0.1609375
1 0.546875 0.4890625 0.15 0.1484375
1 0.5953125 0.6 0.1203125 0.0890625
1 0.2484375 0.4546875 0.1578125 0.1703125
3 0.178125 0.43125 0.2640625 0.1609375
3 0.2609375 0.25234375 0.23125 0.14375
3 0.365625 0.18046875 0.1859375 0.1421875
3 0.6078125 0.1546875 0.1203125 0.090625
3 0.72890625 0.32421875 0.11875 0.0859375
3 0.71875 0.49453125 0.109375 0.1609375
3 0.884375 0.4109375 0.0796875 0.1078125
3 0.58125 0.41171875 0.2125 0.140625
3 0.459375 0.4265625 0.184375 0.15
3 0.6203125 0.3296875 0.0890625 0.134375
3 0.559375 0.60390625 0.234375 0.1625