4 1 0.45755917031250004 0.9694527671875001 0.3959542421875 0.9470032578125 0.33851580000000003 0.9326116515624999 0.3184974359375 0.9240739296875 0.29863901406250004 0.898771059375 0.259869028125 0.86800456875 0.2388174421875 0.8574867640624999 0.227106478125 0.8202330171875 0.2076351234375 0.793263553125 0.1869801953125 0.6898896796875 0.1217653859375 0.610711875 0.0929470234375 0.5733749625 0.087240296875 0.5501993328125 0.07781970625 0.4789258796875 0.0705999375 0.45187325156249997 0.0637096359375 0.3833668 0.0624237203125 0.3551274 0.056086820312499994 0.3295718359375 0.0694484 0.2978488984375 0.0726824421875 0.2802840484375 0.0830403046875 0.21659826093749998 0.09828921562500001 0.1981633234375 0.1083303953125 0.1460989453125 0.148501496875 0.111196371875 0.2037871359375 0.07432010624999999 0.2455448609375 0.0435248578125 0.3220324375 0.02762020625 0.33595061406250004 0.02223655625 0.350742071875 0.029270821875000002 0.37202398125 0.024517346875000002 0.3959129515625 0.0304480078125 0.40398363593750003 0.030441615625 0.4256590046875 0.0362123359375 0.43958357187499997 0.042222965625 0.44472731249999997 0.0394463765625 0.4713065109375 0.04892456875 0.5210677296874999 0.06046600625 0.5489168656250001 0.0615696125 0.562128090625 0.074294628125 0.6002615109375 0.10640143906249999 0.6365811796874999 0.172918221875 0.6785276046875001 0.1981443171875 0.7093868484375 0.245599184375 0.7414392546874999 0.32936413125 0.7738979015624999 0.4541062765625 0.80747613125 0.534074196875 0.8395381234375 0.603687446875 0.8431975796875 0.6745706359375 0.8325390078125 0.7411865609375 0.8065323828125001 0.7691924421875 0.7999747421875 0.78493715 0.7919104515625001 0.807885653125 0.7667611296875 0.9112914812499999 0.7235990906249999 0.9455574890625 0.680891309375 0.9752299609374999 0.6562186140625 1 0.5881634906250001 1 0.45755917031250004
1 0.42109375 0.17265625 0.1921875 0.165625
1 0.83125 0.48359375 0.1765625 0.140625
1 0.5546875 0.559375 0.1484375 0.159375
1 0.415625 0.5296875 0.115625 0.1671875
1 0.2859375 0.5953125 0.146875 0.1328125
1 0.190625 0.47109375 0.253125 0.2109375
1 0.2421875 0.28203125 0.0984375 0.1078125
1 0.309375 0.26015625 0.20625 0.1671875
1 0.31796875 0.19296875 0.1453125 0.1390625
1 0.5625 0.140625 0.1765625 0.125
1 0.596875 0.2484375 0.109375 0.1078125
1 0.66328125 0.2984375 0.11875 0.09375
1 0.675 0.22421875 0.0921875 0.09375
1 0.7328125 0.4140625 0.09375 0.121875
1 0.6484375 0.37734375 0.11875 0.1515625
1 0.65546875 0.5125 0.1296875 0.1234375
1 0.5875 0.40625 0.121875 0.1125
1 0.5296875 0.33203125 0.128125 0.1234375
1 0.44140625 0.340625 0.11875 0.1328125
1 0.27890625 0.38203125 0.20625 0.14375
1 0.296875 0.334375 0.2171875 0.1671875
1 0.46953125 0.4625 0.153125 0.1515625
1 0.36328125 0.5203125 0.1203125 0.090625
1 0.72578125 0.61875 0.1609375 0.171875
3 0.79609375 0.64453125 0.265625 0.1671875
3 0.840625 0.45234375 0.23125 0.15
3 0.80234375 0.33046875 0.1859375 0.146875
3 0.62734375 0.16171875 0.1203125 0.09375
3 0.428125 0.22109375 0.1203125 0.0890625
3 0.33125 0.3609375 0.1140625 0.1609375
3 0.2515625 0.19296875 0.0828125 0.109375
3 0.490625 0.38046875 0.2140625 0.1453125
3 0.5765625 0.4671875 0.1859375 0.1546875
3 0.51015625 0.29140625 0.0921875 0.134375
3 0.38984375 0.5453125 0.234375 0.1671875