4 1 0.5074074078125 0.9898148140625 0.4888888890625 0.9870370375 0.40648148125 0.9666666671874999 0.3546296296875 0.952777778125 0.290740740625 0.9175925921875001 0.23518518593749999 0.9037037031249999 0.21944444375 0.8490740734375001 0.1833333328125 0.8361111109375001 0.1675925921875 0.8074074078125 0.15370370312499998 0.7879629625 0.1324074078125 0.759259259375 0.12870370312499999 0.6944444437499999 0.10648148125000001 0.6666666671875 0.10370370312499999 0.597222221875 0.0861111109375 0.5722222218749999 0.0870370375 0.5351851859375001 0.07962962968750001 0.4509259265625 0.07962962968750001 0.33148148125 0.10555555624999999 0.29907407343750003 0.11574074062499999 0.25740740781250004 0.12129629687500001 0.24351851875000002 0.12870370312499999 0.20740740781250003 0.1379629625 0.1703703703125 0.165740740625 0.15555555625 0.18148148125000002 0.1351851859375 0.19537037031249999 0.09444444375 0.2416666671875 0.0351851859375 0.29814814843750004 0.0259259265625 0.315740740625 0.0203703703125 0.33703703749999997 0 0.36944444375 0 0.48425925937500003 0.019444443750000002 0.5175925921875 0.037037037499999995 0.5694444437499999 0.11944444375 0.6453703703125 0.1324074078125 0.6768518515624999 0.14444444375 0.6898148140625 0.16851851874999998 0.70555555625 0.222222221875 0.752777778125 0.2851851859375 0.7870370375 0.3518518515625 0.8074074078125 0.4379629625 0.8046296296875 0.5666666671875 0.815740740625 0.6564814812499999 0.8138888890624999 0.7120370375 0.8 0.746296296875 0.7796296296875 0.8231481484375 0.7629629625 0.865740740625 0.7398148140624999 0.890740740625 0.7083333328125 0.896296296875 0.696296296875 0.9166666671874999 0.6740740734374999 0.9425925921875 0.63055555625 0.9490740734375 0.6046296296875 0.95648148125 0.6018518515625 0.9666666671874999 0.590740740625 0.9740740734375001 0.5703703703125 0.9824074078124999 0.5648148140625 0.9861111109375 0.540740740625 1 0.5231481484375 1 0.5074074078125
1 0.6859375 0.21953125 0.1625 0.11640625
1 0.19453125 0.37109375 0.1546875 0.09296875
1 0.428125 0.53671875 0.1109375 0.12890625
1 0.56875 0.55703125 0.0671875 0.153125
1 0.66875 0.6625 0.12109375 0.096875
1 0.80078125 0.57890625 0.2171875 0.1453125
1 0.81640625 0.38359375 0.07265625 0.0875
1 0.7609375 0.33984375 0.17890625 0.11328125
1 0.77578125 0.2734375 0.1171875 0.1046875
1 0.5640625 0.140625 0.16015625 0.07421875
1 0.4953125 0.23046875 0.08515625 0.084375
1 0.415625 0.2546875 0.1046875 0.0609375
1 0.4296875 0.18125 0.07109375 0.07421875
1 0.3109375 0.33984375 0.0609375 0.1078125
1 0.40234375 0.33359375 0.078125 0.13203125
1 0.34921875 0.45859375 0.10390625 0.09375
1 0.45 0.38203125 0.1 0.08359375
1 0.5296875 0.33203125 0.1015625 0.09453125
1 0.609375 0.3703125 0.08671875 0.109375
1 0.7484375 0.46484375 0.18828125 0.084375
1 0.74765625 0.4140625 0.19140625 0.1078125
1 0.54140625 0.475 0.11953125 0.11796875
1 0.621875 0.565625 0.1078125 0.0578125
1 0.246875 0.534375 0.12109375 0.1390625
3 0.17265625 0.534375 0.25 0.0875
3 0.19609375 0.33828125 0.2171875 0.08046875
3 0.2734375 0.2375 0.16328125 0.096875
3 0.49609375 0.13828125 0.10625 0.0609375
3 0.66328125 0.2625 0.10703125 0.05625
3 0.70625 0.42734375 0.0671875 0.146875
3 0.83828125 0.29609375 0.053125 0.096875
3 0.55 0.390625 0.196875 0.08359375
3 0.4390625 0.44296875 0.159375 0.10625
3 0.56171875 0.30078125 0.053125 0.12421875
3 0.58828125 0.58046875 0.21328125 0.10078125