4 1 1 0.9990740734375001 0.24671052656249998 0.9361111109375001 0.2236842109375 0.9120370375 0.1990131578125 0.8740740734375001 0.1759868421875 0.8601851859374999 0.1743421046875 0.8361111109375001 0.1842105265625 0.80648148125 0.180921053125 0.7731481484375 0.1529605265625 0.7194444437499999 0.12335526249999999 0.559259259375 0.0970394734375 0.5333333328125 0.07730263125 0.5018518515625 0.0838815796875 0.4574074078125 0.069078946875 0.434259259375 0.069078946875 0.371296296875 0.087171053125 0.3398148140625 0.087171053125 0.30740740781250003 0.10361842031249999 0.25555555625 0.0740131578125 0.240740740625 0.0723684203125 0.197222221875 0.0838815796875 0.15277777812499999 0.100328946875 0.0861111109375 0.1365131578125 0.025 0.195723684375 0 0.2072368421875 0 1 1 1
0 0.39296875 0.7109375 0.1265625 0.15859375
0 0.5234375 0.703125 0.115625 0.13125
0 0.3921875 0.48984375 0.08125 0.096875
0 0.534375 0.5234375 0.0703125 0.0640625
0 0.64921875 0.49140625 0.07265625 0.08359375
0 0.746875 0.4296875 0.09453125 0.090625
0 0.83984375 0.5328125 0.08203125 0.08203125
0 0.884375 0.490625 0.065625 0.096875
0 0.84921875 0.31953125 0.0734375 0.06171875
0 0.70625 0.309375 0.0734375 0.07421875
0 0.61640625 0.31484375 0.075 0.06328125
0 0.65390625 0.27265625 0.0640625 0.05234375
0 0.49921875 0.240625 0.05625 0.07265625
0 0.51328125 0.18359375 0.05390625 0.065625
0 0.64453125 0.19296875 0.06953125 0.04375
0 0.43125 0.1484375 0.05625 0.04765625
0 0.35 0.23203125 0.06953125 0.07265625
0 0.2734375 0.25625 0.04765625 0.06875
0 0.22109375 0.21328125 0.0640625 0.08203125
0 0.228125 0.30703125 0.075 0.07421875
0 0.13515625 0.2765625 0.0515625 0.05
0 0.10078125 0.34921875 0.05859375 0.06015625
0 0.1171875 0.5828125 0.1 0.1140625
0 0.4359375 0.3234375 0.03828125 0.05625
0 0.36875 0.36953125 0.0421875 0.07734375
0 0.534375 0.3078125 0.03359375 0.03359375