4 1 0.259644809375 0.9804175875000001 0.23050855625 0.9227308671875001 0.181254278125 0.8826772421875001 0.1559258046875 0.8425034265625 0.1356162265625 0.827670390625 0.13414485 0.770796346875 0.15232256093750002 0.7425167203124999 0.12949672968749998 0.7117231828125 0.1229513609375 0.653897671875 0.09216387499999999 0.6312553671875001 0.087351103125 0.5847045 0.09258974375 0.5552788046875 0.07960919375 0.5258159015625 0.09352443437499999 0.3636597875 0.0859607890625 0.30497435781250004 0.10375347812499999 0.2665561171875 0.12417261093750001 0.236890046875 0.1212298546875 0.2153938078125 0.1065718 0.20146646562499998 0.10529293437500001 0.15954564375 0.11992312499999999 0.13086824531250002 0.139049775 0.06449373593749999 0.148482175 0 0.4500779953125 0 0.904892015625 0.447447884375 1 0.904892015625 1 1 0.552552115625 1 0.259644809375
0 0.5609375 0.72890625 0.15625 0.18125
0 0.43515625 0.69375 0.140625 0.153125
0 0.6078125 0.5125 0.1 0.1109375
0 0.46171875 0.515625 0.0828125 0.0765625
0 0.35546875 0.4609375 0.0890625 0.096875
0 0.2734375 0.3796875 0.1109375 0.1078125
0 0.1609375 0.46171875 0.096875 0.096875
0 0.12578125 0.4109375 0.084375 0.1078125
0 0.19609375 0.25078125 0.084375 0.075
0 0.3375 0.2703125 0.0875 0.0875
0 0.425 0.29453125 0.0859375 0.078125
0 0.396875 0.2453125 0.0734375 0.0640625
0 0.5546875 0.24609375 0.0703125 0.0828125
0 0.553125 0.1875 0.065625 0.075
0 0.42265625 0.16953125 0.0765625 0.0578125
0 0.640625 0.1703125 0.065625 0.0578125
0 0.70234375 0.26875 0.0828125 0.0859375
0 0.77265625 0.30859375 0.0609375 0.0765625
0 0.8328125 0.27734375 0.0796875 0.09375
0 0.80625 0.36796875 0.0890625 0.0875
0 0.903125 0.35703125 0.0609375 0.059375
0 0.921875 0.43515625 0.0703125 0.0703125
0 0.85703125 0.6609375 0.121875 0.1328125
0 0.59921875 0.340625 0.0484375 0.0625
0 0.65546875 0.4 0.0578125 0.084375
0 0.50625 0.3046875 0.040625 0.040625