4 0.2579685890625 0 0.2149104578125 0.013242329687500002 0.1874084296875 0.0121508671875 0 0.3799606203125 0 0.8064003953125001 0.3799606203125 1 0.8061334828125 1 1 0.618356565625 1 0.41278546250000003 0.9804013359375 0.38112823749999997 0.968772940625 0.37335734375 0.9428426140624999 0.3712207703125 0.9179358093750001 0.3548382578125 0.9009294062500001 0.3147922296875 0.8665195640625001 0.264032775 0.7357406375 0.1678626828125 0.72160080625 0.138506903125 0.690563821875 0.1300764953125 0.6576837875 0.0967098984375 0.6370586359375 0.0862008578125 0.57274458125 0.07373645625 0.5446943734375 0.059444162499999995 0.508352215625 0.05938621875 0.4755923859375 0.009467489062499999 0.4631389828125 0.00127623125 0.457226915625 0 0.2579685890625 0
0 0.30859375 0.6390625 0.184375 0.1984375
0 0.42890625 0.69140625 0.1625 0.16875
0 0.40859375 0.4421875 0.115625 0.1234375
0 0.5203125 0.53671875 0.0921875 0.0890625
0 0.63671875 0.56015625 0.103125 0.1078125
0 0.7515625 0.54921875 0.125 0.1234375
0 0.78828125 0.68359375 0.1109375 0.1109375
0 0.846875 0.66640625 0.103125 0.115625
0 0.89296875 0.49765625 0.09375 0.0890625
0 0.7703125 0.4234375 0.0984375 0.1
0 0.6875 0.3875 0.0953125 0.090625
0 0.740625 0.3671875 0.08125 0.075
0 0.6171875 0.26875 0.0828125 0.090625
0 0.65546875 0.22421875 0.078125 0.0828125
0 0.76796875 0.2921875 0.08125 0.0703125
0 0.5984375 0.15546875 0.071875 0.06875
0 0.48828125 0.19296875 0.0953125 0.096875
0 0.40859375 0.1796875 0.0734375 0.0828125
0 0.38203125 0.11796875 0.09375 0.1015625
0 0.3453125 0.2046875 0.1 0.1
0 0.2765625 0.13515625 0.06875 0.0671875
0 0.2125 0.184375 0.0796875 0.0796875
0 0.12109375 0.4 0.140625 0.146875
0 0.5234375 0.31328125 0.059375 0.0671875
0 0.4421875 0.32421875 0.0734375 0.0875
0 0.61796875 0.34453125 0.0453125 0.0453125