4 0.5407466421875 1 0.5541200671875 0.9929793765625 0.6308601140625 0.9652629312500001 0.6701809984375 0.9445256703125 0.722468296875 0.9070730578124999 0.7586559828125 0.871133978125 0.7984530203125 0.8226075906249999 0.86689444375 0.7264435265625 0.8924754203124999 0.6847385671875 0.9105919765625 0.6429365609375 0.9206374578125001 0.5770245734375 0.9347139343749999 0.5279340703125001 0.9412380234375 0.47667795625 0.9544257875 0.41643479843750003 0.9600793375000001 0.3349600578125 0.917109453125 0.22115270156250003 0.8479791921875 0.0964384109375 0.8071720296875 0.0724770984375 0.75673483125 0.055971123437500006 0.685611996875 0.040344773437499995 0.5211398968750001 0.022471046875 0.478236915625 0.027196657812500004 0.45205836875000005 0.035355695312500005 0.41580997656249996 0.0406272515625 0.36038947656250003 0.06287804531249999 0.240710109375 0.133452046875 0.190764346875 0.167489403125 0.1291109015625 0.21860304375 0.06996583281249999 0.27997154218750003 0.0483551421875 0.3078304609375 0.025652560937500003 0.348998559375 0.0270781328125 0.363029609375 0.01689306875 0.3866725234375 0.0027558859375 0.405095503125 0 0.41154877812499996 0 0.4456515125 0.0058436578125 0.46796225468749997 0.0076210796875 0.490267559375 0.0174877453125 0.5176168734375 0.0044061140625 0.56086261875 0.0049855109375 0.6134745125000001 0.014209184375 0.6549428390625 0.137656078125 0.8776469312499999 0.21712296250000002 0.9140559671874999 0.239234171875 0.9272073921875 0.2677179140625 0.95376504375 0.275631234375 0.9546719250000001 0.32399078281250004 0.9807988484375001 0.3850048875 1 0.5407466421875 1
0 0.275 0.2953125 0.078125 0.0828125
0 0.3796875 0.3796875 0.071875 0.0671875
0 0.18515625 0.4171875 0.0671875 0.078125
0 0.32734375 0.515625 0.065625 0.06875
0 0.35 0.71640625 0.0734375 0.06875
0 0.51640625 0.7328125 0.0953125 0.096875
0 0.6171875 0.6 0.1046875 0.1125
0 0.4671875 0.58984375 0.075 0.0796875
0 0.48359375 0.51328125 0.0578125 0.0578125
0 0.53046875 0.51015625 0.0625 0.0640625
0 0.5078125 0.44296875 0.075 0.0859375
0 0.5234375 0.36953125 0.071875 0.0671875
0 0.54375 0.41015625 0.06875 0.071875
0 0.5984375 0.40390625 0.0546875 0.059375