4 1 0.42875685781249995 0.992282575 0.40965156406250003 0.9879286109375001 0.384295921875 0.98241623125 0.2970593640625 0.8187434609375 0.10200175156249999 0.7833349109375 0.0785297921875 0.7344251140625 0.0591344609375 0.6893636953125 0.0558493265625 0.6673668078125 0.0368368828125 0.6471799828125 0.027184010937500003 0.6106952125 0.000988975 0.5895953734375 0.0017718968750000002 0.5673297265625 0.0083678890625 0.5416071640625 0.009403603125 0.5290189296875 0.0030444390625000003 0.482449321875 0.0094857984375 0.4486962015625 0.019677371875 0.37020807499999997 0.052901546875000004 0.3003947609375 0.09214250625 0.25071919062500003 0.1265729953125 0.1419434359375 0.21301185 0.1013096 0.256777371875 0.0833979171875 0.2887290046875 0.066399246875 0.3102448453125 0.0466124546875 0.348604721875 0.0043574875 0.5085580265625 0 0.5373417953125 0 0.6819851171875 0.0901949609375 0.7894752859375 0.18104425156249998 0.8703760390624999 0.2591335265625 0.89429593125 0.3201014296875 0.9035733078125 0.37029116093750003 0.9158510953125001 0.4211656515625 0.9203020359374999 0.486299771875 0.9345445140624999 0.5318176984375 0.932611753125 0.579920034375 0.9236755734375001 0.694224134375 0.89424211875 0.753789403125 0.8744786859375001 0.8003099312499999 0.8535739843749999 0.85401305 0.8181814015625 0.8874642953125 0.7889037625 0.940841 0.72719344375 0.97145504375 0.7002965 0.98184175625 0.6867461718750001 0.9912418328125 0.6619366234374999 1 0.6194749749999999 1 0.42875685781249995
0 0.38984375 0.21640625 0.0828125 0.084375
0 0.43125 0.34453125 0.0734375 0.071875
0 0.53515625 0.1765625 0.0734375 0.0765625
0 0.5765625 0.34453125 0.06875 0.0703125
0 0.75546875 0.4375 0.0734375 0.071875
0 0.71171875 0.59921875 0.0984375 0.1
0 0.5515625 0.6453125 0.1109375 0.1140625
0 0.5953125 0.5015625 0.0796875 0.0796875
0 0.51875 0.4890625 0.059375 0.059375
0 0.4984375 0.53203125 0.065625 0.065625
0 0.44375 0.48671875 0.08125 0.084375
0 0.36953125 0.475 0.071875 0.0703125
0 0.40078125 0.509375 0.071875 0.0734375
0 0.375 0.5578125 0.0578125 0.0609375