4 1 0.315740740625 0.9759259265625 0.275 0.9398148140625 0.23611111093749998 0.8851851859375 0.1879629625 0.75 0.0925925921875 0.7101851859375 0.0759259265625 0.6833333328125 0.0703703703125 0.6490740734375 0.0574074078125 0.5898148140624999 0.05 0.4509259265625 0.053703703125 0.39074074062499997 0.059259259375 0.3120370375 0.0740740734375 0.23055555625 0.0990740734375 0.1981481484375 0.1129629625 0.1583333328125 0.1379629625 0.15277777812499999 0.15092592656249998 0.1324074078125 0.1666666671875 0.1111111109375 0.1759259265625 0.09444444375 0.1888888890625 0.08333333281250001 0.23240740781250002 0.0740740734375 0.252777778125 0.06944444375 0.28148148125 0.037037037499999995 0.3129629625 0.0120370375 0.35925925937500003 0 0.4 0 0.6546296296875 0.051851851562499995 0.725 0.0648148140625 0.747222221875 0.07685185156249999 0.784259259375 0.08333333281250001 0.7888888890625 0.1129629625 0.8351851859374999 0.165740740625 0.890740740625 0.22777777812500002 0.9398148140625 0.2509259265625 0.952777778125 0.2675925921875 0.95648148125 0.3083333328125 0.9574074078124999 0.3888888890625 0.9703703703125001 0.43333333281249997 0.9712962968750001 0.497222221875 0.9638888890624999 0.546296296875 0.95 0.6046296296875 0.9268518515625 0.7111111109375 0.8759259265624999 0.753703703125 0.8518518515625001 0.7898148140625 0.8240740734375 0.83055555625 0.771296296875 0.8666666671875 0.7351851859375 0.897222221875 0.69351851875 0.9379629625 0.647222221875 0.9824074078124999 0.578703703125 1 0.4583333328125 1 0.315740740625
0 0.40234375 0.21171875 0.053125 0.06484375
0 0.453125 0.33671875 0.05625 0.04609375
0 0.26484375 0.275 0.03984375 0.0671875
0 0.34140625 0.4296875 0.0453125 0.053125
0 0.2640625 0.61640625 0.0578125 0.04609375
0 0.4015625 0.71171875 0.06796875 0.07265625
0 0.55390625 0.64453125 0.06875 0.09140625
0 0.428125 0.5625 0.0515625 0.06171875
0 0.47890625 0.50390625 0.0421875 0.0421875
0 0.521875 0.5234375 0.04453125 0.04921875
0 0.534375 0.45390625 0.04609375 0.071875
0 0.58359375 0.396875 0.05625 0.0453125
0 0.58203125 0.44296875 0.0484375 0.0546875
0 0.6328125 0.4640625 0.03515625 0.04921875