4 0.39372171875 0 0.0162239765625 0.16807282343750002 0 0.18304334375 0 0.60627828125 0.175296203125 1 0.6062782796875 1 1 0.824703796875 1 0.39372172031249997 0.824703796875 0 0.39372171875 0
1 0.31328125 0.925 0.2359375 0.15
1 0.4578125 0.80546875 0.2796875 0.29375
1 0.84375 0.44609375 0.1796875 0.1515625
1 0.75625 0.3171875 0.1953125 0.1625
1 0.82265625 0.340625 0.1734375 0.1234375
1 0.88203125 0.2625 0.121875 0.115625
1 0.94921875 0.36171875 0.0921875 0.1046875
1 0.76328125 0.178125 0.128125 0.1203125
1 0.43125 0.44375 0.2421875 0.215625
1 0.56875 0.496875 0.0984375 0.0921875
1 0.59140625 0.58515625 0.1109375 0.1078125
1 0.5609375 0.26953125 0.1484375 0.1296875
1 0.5 0.1875 0.1515625 0.1375
1 0.303125 0.28046875 0.2015625 0.1859375
1 0.0875 0.42421875 0.1734375 0.165625
1 0.5578125 0.05 0.10625 0.1
1 0.6703125 0.54609375 0.13125 0.1453125
1 0.8890625 0.55390625 0.146875 0.13125