4 0.2486111109375 0 0.225 0.027777778125000003 0.19305555624999998 0.02444444375 0.1666666671875 0.037777778125 0.1361111109375 0.03444444375 0.10138888906250001 0.037777778125 0.0513888890625 0.0633333328125 0.009722221875000001 0.09555555624999999 0 0.097777778125 0 1 0.8388888890624999 1 0.8986111109375001 0.9633333328125 0.9305555562500001 0.9366666671875 0.9541666671875 0.9266666671875001 0.9625 0.9099999999999999 1 0.882222221875 1 0.07666666718750001 0.9541666671875 0.06555555625000001 0.8791666671874999 0.02444444375 0.80694444375 0 0.2486111109375 0
1 0.8609375 0.8515625 0.17890625 0.178125
1 0.6625 0.76171875 0.20234375 0.23203125
1 0.1640625 0.590625 0.15390625 0.09765625
1 0.19140625 0.4375 0.16796875 0.10234375
1 0.140625 0.48515625 0.1625 0.06328125
1 0.0546875 0.43828125 0.096875 0.0828125
1 0.03359375 0.55625 0.06171875 0.0875
1 0.12890625 0.31328125 0.10078125 0.0875
1 0.53984375 0.42109375 0.1984375 0.1484375
1 0.4359375 0.525 0.078125 0.06640625
1 0.45078125 0.61484375 0.0859375 0.07890625
1 0.35078125 0.3140625 0.1234375 0.08671875
1 0.37265625 0.21484375 0.1234375 0.0953125
1 0.590625 0.21953125 0.16171875 0.13125
1 0.84609375 0.26328125 0.13671875 0.12109375
1 0.26171875 0.109375 0.078125 0.08515625
1 0.36328125 0.6109375 0.090625 0.11796875
1 0.16640625 0.7078125 0.12109375 0.0890625