4 0.10935718750000001 0 0 0.43860772187499997 0 0.8906428140625 0.43860771718749997 1 0.872982759375 1 0.8926799390625 0.9918295359375 1 0.5613922812500001 1 0.14604760156250002 0.9829510984375001 0.1302991953125 0.9187878296875001 0.08910871875000001 0.561392278125 0 0.10935718750000001 0
1 0.76484375 0.91015625 0.2171875 0.1796875
1 0.59453125 0.79296875 0.253125 0.2734375
1 0.15234375 0.50703125 0.1734375 0.13125
1 0.215625 0.36484375 0.1875 0.140625
1 0.1546875 0.3984375 0.1734375 0.1
1 0.0828125 0.33203125 0.1140625 0.103125
1 0.03671875 0.440625 0.0734375 0.1
1 0.18515625 0.22890625 0.11875 0.109375
1 0.5578125 0.4328125 0.228125 0.1921875
1 0.43203125 0.50859375 0.0921875 0.0828125
1 0.42421875 0.59921875 0.103125 0.096875
1 0.4 0.28359375 0.140625 0.1140625
1 0.4453125 0.1921875 0.1421875 0.121875
1 0.65546875 0.25 0.1890625 0.1671875
1 0.89296875 0.35390625 0.1625 0.15
1 0.36328125 0.06328125 0.096875 0.1015625
1 0.340625 0.57421875 0.1171875 0.1359375
1 0.12578125 0.62109375 0.1390625 0.115625