4 0.0780203625 0.5905840796875 0.06681022187499999 0.6060340562500001 0.066745175 0.621801871875 0.0856201359375 0.6990346046875 0.1034593828125 0.750544775 0.14443678124999998 0.8080226500000001 0.1442821484375 0.8323266109375 0.152500453125 0.8435612906250001 0.207843034375 0.8720633984375 0.276751909375 0.8807210624999999 0.3226772625 0.8591070625 0.36679255624999996 0.8281334875 0.37624171562500003 0.81778728125 0.38024472343750004 0.8095935171875001 0.380578528125 0.7682172640625 0.3867744859375 0.7424701625 0.3838133984375 0.6035356859375 0.37278125 0.4967565546875 0.371370040625 0.43025291406250005 0.361936846875 0.41036796249999996 0.35257727499999997 0.4121780234375 0.306586875 0.4495598421875 0.24993242968749999 0.48863759375000004 0.1869838640625 0.5245357640625 0.1647672984375 0.545595096875 0.1354086484375 0.5581428265625 0.118499565625 0.5711225203125 0.0961197921875 0.5790229874999999 0.0780203625 0.5905840796875
4 1 0.6344409484375 0.9974132499999999 0.62895785 0.986365134375 0.552409878125 0.9710452515625001 0.50966410625 0.948476546875 0.392017215625 0.9349176437500001 0.344167675 0.9169471234375 0.21903631875000001 0.8502876671875 0.13959467187500002 0.8194208296875001 0.16186889375 0.7726720484375 0.1853825421875 0.7496971015625 0.1925737078125 0.6594282015624999 0.2477702296875 0.6071191453125 0.2747407953125 0.5834348968749999 0.282527134375 0.528402765625 0.31057391875 0.456159675 0.332514334375 0.44373464843750005 0.3393140375 0.43422044375 0.3654280609375 0.440359928125 0.392911603125 0.46344160937499995 0.4521099515625 0.49027350781249995 0.4984918125 0.52266568125 0.5414167578125 0.573777 0.5807215796875 0.591265290625 0.59868234375 0.5869199015625 0.61078953125 0.567312284375 0.6320771171875 0.567361365625 0.6465404593749999 0.6019464859375 0.6719120671875001 0.6271229546875 0.6846303953125 0.6910912671875 0.7046859453125001 0.7651039125 0.7151045890625001 0.8215386796875 0.7160986140625 0.84666606875 0.7143536 0.9052937828125 0.6977942875 0.9809447078125 0.6669508078125 1 0.6540523828125 1 0.6344409484375
2 0.328125 0.75234375 0.096875 0.096875
2 0.259375 0.76015625 0.0890625 0.0859375
2 0.32734375 0.659375 0.0953125 0.09375
2 0.27265625 0.68046875 0.103125 0.1015625
2 0.203125 0.69921875 0.084375 0.0828125
2 0.15625 0.646875 0.1125 0.1109375
2 0.13203125 0.58359375 0.0734375 0.071875
2 0.2 0.53515625 0.071875 0.06875
2 0.26328125 0.5 0.084375 0.08125
2 0.21171875 0.59296875 0.0890625 0.0859375
2 0.26328125 0.5640625 0.0796875 0.078125
2 0.25546875 0.62421875 0.0765625 0.075
2 0.3171875 0.5890625 0.0875 0.0859375
2 0.3171875 0.5203125 0.0890625 0.0875
2 0.33671875 0.4453125 0.0703125 0.06875
2 0.5296875 0.34765625 0.08125 0.078125
2 0.54921875 0.41171875 0.096875 0.0953125
2 0.5984375 0.3359375 0.0984375 0.0953125
2 0.665625 0.29296875 0.1015625 0.1015625
2 0.65 0.37109375 0.10625 0.1046875
2 0.63203125 0.4703125 0.109375 0.1078125
2 0.746875 0.2140625 0.1 0.0953125
2 0.81171875 0.21640625 0.13125 0.1234375
2 0.76484375 0.31640625 0.1125 0.109375
2 0.725 0.39453125 0.0875 0.0859375
2 0.7 0.46796875 0.10625 0.1015625
2 0.65703125 0.57109375 0.1203125 0.11875
2 0.76953125 0.584375 0.115625 0.115625
2 0.81640625 0.51328125 0.134375 0.13125
2 0.81796875 0.4125 0.128125 0.1265625
2 0.85234375 0.30546875 0.128125 0.1265625
2 0.8890625 0.56640625 0.134375 0.134375
2 0.884375 0.21015625 0.065625 0.0671875