4 0.3586647390625 0.09220515625 0.3419637515625 0.0829614546875 0.3263055390625 0.08481850468749999 0.2519487671875 0.11296507656250002 0.2029966015625 0.1369488640625 0.1509410484375 0.1846256140625 0.1267994 0.18743404218749998 0.116650021875 0.19696025 0.095104928125 0.25536385 0.0949096765625 0.32481419375 0.1219594625 0.3677631421875 0.158078465625 0.40777487656250005 0.169499115625 0.41589271875 0.1781196484375 0.4188673203125 0.2192281703125 0.414156140625 0.2455384546875 0.41716813124999996 0.38307646875 0.3972972625 0.48771520312499994 0.3733342421875 0.553551153125 0.3638287984375 0.5721382671875 0.3520425515625 0.569201053125 0.3429733359375 0.5264930546875 0.3018814390625 0.480802140625 0.250411665625 0.43750005156249994 0.192307196875 0.41389017343749995 0.1728227171875 0.397858053125 0.14521208593749999 0.382914409375 0.1300108671875 0.372345421875 0.10876073281250001 0.3586647390625 0.09220515625
4 0.46726964843749996 1 0.5072537765625 0.9891270000000001 0.5478139046875 0.9687119093750001 0.6618334390625 0.9319738796875001 0.707673903125 0.9126846515624999 0.8296824921875 0.879598403125 0.9004082484374999 0.8037543156250001 0.874538334375 0.7758320999999999 0.8455027093749999 0.7322973687500001 0.8355652062500001 0.71037005625 0.7697790984374999 0.6275007718750001 0.736634696875 0.578868503125 0.7260200125 0.5563097109374999 0.6914755546875 0.5051058234375 0.6608944609375 0.4360750859375 0.6526312125 0.42457135 0.6255523484375 0.41831055937499995 0.5990218796875 0.42775368281250004 0.5430777359375 0.45787778125 0.500311584375 0.49016220468749994 0.4616542078125 0.52754416875 0.42887126093749994 0.5830645640625 0.41317566093749997 0.602611365625 0.40062914843749997 0.5997738625 0.3771106703125 0.5829067 0.362761115625 0.584718053125 0.34179349062500003 0.622137403125 0.332238203125 0.648676184375 0.3201279203125 0.71461184375 0.31880680781250004 0.7893425234375 0.3246978609375 0.845477775 0.32949212656250004 0.8702052046875 0.353072928125 0.9263778453124999 0.392906034375 0.9977060046874999 0.39490678125 1 0.46726964843749996 1
2 0.22890625 0.36015625 0.096875 0.096875
2 0.2125 0.29296875 0.0875 0.0875
2 0.32109375 0.3484375 0.0953125 0.0953125
2 0.29296875 0.296875 0.103125 0.1015625
2 0.26640625 0.2296875 0.084375 0.084375
2 0.3125 0.1765625 0.1125 0.1109375
2 0.371875 0.14453125 0.0734375 0.071875
2 0.428125 0.20703125 0.071875 0.0703125
2 0.47109375 0.26484375 0.084375 0.0828125
2 0.37265625 0.225 0.0875 0.0859375
2 0.4078125 0.27265625 0.0796875 0.0796875
2 0.346875 0.27265625 0.0765625 0.075
2 0.3890625 0.32890625 0.0875 0.0875
2 0.4578125 0.32109375 0.0890625 0.0875
2 0.534375 0.33125 0.0703125 0.06875
2 0.6546875 0.5109375 0.08125 0.0796875
2 0.59375 0.53828125 0.096875 0.0953125
2 0.675 0.578125 0.096875 0.0953125
2 0.72578125 0.6390625 0.1015625 0.1015625
2 0.64609375 0.6328125 0.10625 0.1046875
2 0.5453125 0.628125 0.109375 0.109375
2 0.81328125 0.71015625 0.0984375 0.096875
2 0.81953125 0.775 0.128125 0.1265625
2 0.71484375 0.740625 0.1125 0.1109375
2 0.63203125 0.71015625 0.0875 0.0875
2 0.55625 0.69453125 0.1046875 0.103125
2 0.4484375 0.6640625 0.1203125 0.11875
2 0.44921875 0.77734375 0.115625 0.115625
2 0.525 0.815625 0.1328125 0.1328125
2 0.62578125 0.80546875 0.128125 0.128125
2 0.73671875 0.82578125 0.128125 0.1265625
2 0.48203125 0.89453125 0.134375 0.134375
2 0.83515625 0.846875 0.065625 0.0671875