4 0.8166666671874999 0.3101851859375 0.7861111109375 0.31944444375000003 0.75555555625 0.31759259218749997 0.684259259375 0.33055555625 0.615740740625 0.33703703749999997 0.55648148125 0.3379629625 0.5481481484375 0.3425925921875 0.553703703125 0.3638888890625 0.5953703703125 0.415740740625 0.6555555562500001 0.5046296296875 0.7425925921875 0.6129629624999999 0.7638888890625 0.628703703125 0.790740740625 0.6601851859375001 0.7990740734374999 0.6638888890625 0.8129629625 0.665740740625 0.8666666671875 0.6611111109375 0.915740740625 0.6481481484375 0.9629629625 0.597222221875 0.9870370375 0.5398148140625 0.9861111109375 0.5259259265625 0.9703703703125001 0.5074074078125 0.9648148140625 0.4370370375 0.9453703703125 0.3861111109375 0.9101851859375 0.3148148140625 0.9 0.302777778125 0.88148148125 0.29814814843750004 0.8601851859374999 0.3009259265625 0.8379629625 0.309259259375 0.8166666671874999 0.3101851859375
4 0 0.5527777781250001 0.0666666671875 0.6601851859375001 0.0870370375 0.70555555625 0.1453703703125 0.8101851859375 0.1611111109375 0.852777778125 0.2018518515625 0.91851851875 0.20648148125 0.9361111109375001 0.21203703749999997 0.9398148140625 0.2388888890625 0.9370370375 0.3166666671875 0.9120370375 0.372222221875 0.8870370375000001 0.3925925921875 0.872222221875 0.43518518593750005 0.8351851859374999 0.48518518593750004 0.7796296296875 0.521296296875 0.7231481484375 0.5324074078125001 0.6972222218749999 0.5425925921875 0.6555555562500001 0.5333333328125 0.64444444375 0.5046296296875 0.640740740625 0.49351851875 0.634259259375 0.4953703703125 0.609259259375 0.509259259375 0.546296296875 0.50648148125 0.49259259218749996 0.497222221875 0.43981481406249995 0.4768518515625 0.3796296296875 0.46388888906250003 0.3546296296875 0.43981481406249995 0.340740740625 0.42592592656250006 0.34351851875 0.35648148125 0.3731481484375 0.296296296875 0.38703703749999996 0.2731481484375 0.396296296875 0.21574074062499998 0.409259259375 0.1111111109375 0.425 0.0888888890625 0.434259259375 0.0379629625 0.44629629687500005 0 0.44907407343749994 0 0.5527777781250001
2 0.79375 0.5828125 0.07265625 0.06484375
2 0.8515625 0.54453125 0.071875 0.05234375
2 0.734375 0.5109375 0.071875 0.0625
2 0.78984375 0.4921875 0.07734375 0.0671875
2 0.85546875 0.46171875 0.0671875 0.05234375
2 0.8578125 0.39140625 0.08984375 0.06875
2 0.8359375 0.32734375 0.05859375 0.04453125
2 0.75234375 0.334375 0.06484375 0.03515625
2 0.68125 0.34765625 0.075 0.04296875
2 0.78046875 0.3859375 0.07265625 0.05078125
2 0.72265625 0.396875 0.06484375 0.04765625
2 0.7671875 0.43828125 0.06171875 0.0453125
2 0.69765625 0.45078125 0.07109375 0.05234375
2 0.653125 0.39765625 0.06875 0.05625
2 0.58984375 0.353125 0.05859375 0.03984375
2 0.3796875 0.40234375 0.06796875 0.0453125
2 0.40546875 0.4640625 0.07421875 0.06171875
2 0.31875 0.4375 0.08125 0.05546875
2 0.23984375 0.44765625 0.07265625 0.071875
2 0.30234375 0.49765625 0.08046875 0.06875
2 0.3796875 0.5625 0.084375 0.0703125
2 0.12734375 0.43984375 0.08984375 0.0484375
2 0.07890625 0.4828125 0.11796875 0.0625
2 0.17890625 0.5296875 0.09296875 0.06484375
2 0.26015625 0.5640625 0.071875 0.0515625
2 0.3265625 0.60390625 0.09375 0.053125
2 0.42578125 0.65546875 0.09375 0.07578125
2 0.34765625 0.7375 0.08203125 0.08203125
2 0.26640625 0.71328125 0.103125 0.08515625
2 0.2 0.6375 0.09375 0.08671875
2 0.1046875 0.57734375 0.0984375 0.08203125
2 0.24453125 0.80078125 0.096875 0.09375
2 0.01875 0.525 0.03671875 0.0578125