4 1 0.4902504796875 0.9886213843749999 0.4605095140625 0.9706801468749999 0.432173309375 0.9611223296875 0.393567115625 0.9603922046875001 0.3836213515625 0.9650408609375001 0.374142740625 0.988769246875 0.361539446875 0.9209840781249999 0.22255925781250002 0.9107345062500001 0.212105503125 0.8856683796875 0.192395271875 0.8387424859375001 0.16377321250000001 0.731575228125 0.1130234765625 0.7064070109375 0.10366491093750001 0.6617735828125 0.09452847812500001 0.63743758125 0.0847640125 0.5754296937500001 0.0737998015625 0.5120815999999999 0.07276093593750001 0.444937484375 0.0787244453125 0.397644059375 0.08736837343750001 0.284523840625 0.1363596671875 0.207329403125 0.1956438375 0.17050768593750001 0.23420672968749998 0.1507770375 0.26134318749999996 0.10733595625 0.341251478125 0.060343871874999996 0.403318153125 0.0261388484375 0.47048022031250003 0.0279159234375 0.626201903125 0.041836540625 0.68431414375 0.0792405234375 0.7546670828125001 0.12054261718749999 0.8076659828125001 0.1758494671875 0.8682569234375 0.20251877343750002 0.8933663515625 0.23460769531249998 0.9148022703124999 0.302642815625 0.9444607296875001 0.3546641015625 0.9602957328124999 0.43857259531250004 0.9760311109375 0.5097144484375 0.9846007625000001 0.54614821875 0.9853741921875001 0.5851194765625001 0.9807892562499999 0.6303425687499999 0.9721249125 0.6631640812499999 0.9612677250000001 0.6974278953125 0.9301335296875 0.8761731906250001 0.8192593234375 0.9354239234374999 0.7738778187500001 0.95428151875 0.7512879234375001 0.9778490234375001 0.713008421875 0.9880806421875 0.6832936390625 0.9933802187499999 0.64980325625 1 0.6370285421874999 1 0.4902504796875
0 0.50703125 0.590625 0.0546875 0.0703125
0 0.8203125 0.38125 0.0734375 0.065625
0 0.50546875 0.53984375 0.05 0.053125
0 0.18984375 0.6 0.0671875 0.059375
0 0.24296875 0.490625 0.0609375 0.0609375
0 0.27734375 0.2875 0.05625 0.0609375
0 0.3984375 0.26640625 0.05625 0.05625
0 0.4125 0.33984375 0.0640625 0.0671875
0 0.6265625 0.18046875 0.075 0.06875
0 0.68515625 0.49375 0.0640625 0.053125
0 0.58984375 0.80234375 0.075 0.0703125
1 0.47578125 0.74453125 0.1375 0.14375