4 1 0.43518518593750005 0.9953703703125001 0.42129629687500003 0.98148148125 0.3925925921875 0.9518518515625001 0.34629629687499996 0.877777778125 0.253703703125 0.859259259375 0.234259259375 0.8231481484375 0.20648148125 0.8055555562500001 0.1870370375 0.7546296296875 0.15 0.6981481484375001 0.12129629687500001 0.6351851859375001 0.097222221875 0.5888888890625 0.08425925937499999 0.465740740625 0.078703703125 0.3703703703125 0.0981481484375 0.3203703703125 0.1166666671875 0.290740740625 0.1324074078125 0.2166666671875 0.1851851859375 0.147222221875 0.2203703703125 0.0870370375 0.26574074062499997 0.0203703703125 0.40648148125 0.0074074078125 0.46481481406249997 0.0101851859375 0.54444444375 0.0240740734375 0.6101851859375 0.047222221875 0.6888888890625 0.060185185937499996 0.7231481484375 0.07962962968750001 0.75648148125 0.127777778125 0.8129629625 0.1675925921875 0.85 0.23611111093749998 0.9009259265624999 0.296296296875 0.9398148140625 0.328703703125 0.95648148125 0.365740740625 0.9694444437499999 0.41018518593750003 0.98148148125 0.44444444375 0.9861111109375 0.4888888890625 0.9731481484375 0.6981481484375001 0.9518518515625001 0.771296296875 0.9370370375 0.7981481484375 0.925 0.8361111109375001 0.9009259265624999 0.8583333328125 0.878703703125 0.877777778125 0.8509259265625 0.9101851859375 0.8268518515625001 0.9379629625 0.7925925921875 0.95 0.7518518515625 0.95648148125 0.678703703125 0.952777778125 0.6453703703125 0.9611111109375001 0.60648148125 0.9648148140625 0.597222221875 0.9731481484375 0.590740740625 1 0.5898148140624999 1 0.43518518593750005
0 0.46640625 0.584375 0.02890625 0.0640625
0 0.83984375 0.53359375 0.059375 0.04453125
0 0.4875 0.53828125 0.03515625 0.0421875
0 0.17734375 0.45390625 0.05546875 0.0390625
0 0.2734375 0.37890625 0.0453125 0.04609375
0 0.39296875 0.21171875 0.0390625 0.04921875
0 0.5109375 0.2453125 0.04140625 0.0421875
0 0.49140625 0.31796875 0.04453125 0.053125
0 0.75390625 0.26875 0.0609375 0.04609375
0 0.66875 0.57578125 0.05546875 0.03203125
0 0.4484375 0.8109375 0.059375 0.04921875
1 0.37109375 0.709375 0.09765625 0.1125