4 0.5181317562500001 1 0.5457578484375001 0.9912626625 0.7391047703125 0.9084379218749999 0.784261328125 0.8982284890625 0.8119806609375001 0.87757010625 0.8450169765625001 0.8454951812499999 0.87112573125 0.8162016062499999 0.8913897265624999 0.7859131890625 0.92517516875 0.72272184375 0.9604134375 0.6449625890624999 0.9772803453125001 0.5932666609374999 0.9920089000000001 0.5205241578125 0.9928550734374999 0.481943315625 0.98758351875 0.44569492187500004 0.9696730328125 0.3656366671875 0.9499487828125 0.301405053125 0.9137730718749999 0.230412715625 0.8741548484375 0.1856778015625 0.7476144031249999 0.09490381875000001 0.6729792625 0.0844003546875 0.595183665625 0.087294034375 0.504809846875 0.077045371875 0.47126392656249994 0.077642940625 0.41855498593749996 0.085686759375 0.325715325 0.1149167375 0.220700915625 0.17947914375000001 0.18649383125000002 0.213261696875 0.1430965265625 0.26484240625 0.107612540625 0.31732999687499996 0.081027634375 0.37441269843749997 0.075067659375 0.39994825 0.0569511046875 0.44175025625000003 0.050181296875 0.46773470625 0.03028443125 0.5846298375 0.0268146640625 0.63948621875 0.028582999999999997 0.6713245109375 0.0312673015625 0.685716496875 0.1062332328125 0.8209586171875 0.1301672890625 0.8087504140625 0.140598071875 0.8103791640625 0.14832638125 0.8166819046875 0.1744685859375 0.8466548140624999 0.187389575 0.8776043937500001 0.22852133281250003 0.938438921875 0.25880066562500004 0.9682359046875 0.299704875 0.9847327953124999 0.339720375 0.9900770328125 0.3600582859375 1 0.5181317562500001 1
0 0.5703125 0.5578125 0.05625 0.0703125
0 0.21875 0.69453125 0.0734375 0.0671875
0 0.5296875 0.52734375 0.0515625 0.0546875
0 0.76015625 0.303125 0.0671875 0.0609375
0 0.6390625 0.284375 0.0625 0.0625
0 0.45390625 0.19609375 0.0578125 0.0625
0 0.3671875 0.2828125 0.05625 0.05625
0 0.41953125 0.33671875 0.0640625 0.06875
0 0.165625 0.42109375 0.075 0.0703125
0 0.3890625 0.6484375 0.0640625 0.0546875
0 0.69609375 0.746875 0.0765625 0.071875
1 0.7140625 0.6203125 0.140625 0.1453125