4 1 0.22157162812500003 0.96646076875 0.20724588124999999 0.9277992546875 0.2033451328125 0.7923608671875 0.1368195734375 0.6568327578125001 0.09105159375 0.5964118796875 0.10086752968749998 0.53830276875 0.08718342031250001 0.41653255468749995 0.08919134375 0.3810215421875 0.1001720765625 0.3143956265625 0.1045074203125 0.27503933125 0.098648696875 0.22498592187500002 0.0806531296875 0.197159228125 0.080272828125 0.17558555468749998 0.0975143046875 0.10183239375 0.12378505312500002 0.0949805625 0.12848766875 0.0466171109375 0.27733506406249997 0.057595884374999996 0.317279065625 0.07713945 0.3513447984375 0.0770977125 0.38424356406250004 0.074043178125 0.3936444515625 0.0491812953125 0.404620840625 0.019923301562500002 0.4332233515625 0 0.483634171875 0 0.8144940484375001 0.0347076078125 0.8710839937499999 0.42616210312499997 1 0.8632712640625 1 1 0.57919221875 1 0.22157162812500003
3 0.6125 0.80859375 0.225 0.190625
3 0.47734375 0.284375 0.2140625 0.140625
3 0.2234375 0.5 0.0703125 0.0703125
3 0.5703125 0.15703125 0.08125 0.084375
3 0.8515625 0.4578125 0.071875 0.084375
3 0.87421875 0.69609375 0.178125 0.115625
3 0.9484375 0.6046875 0.0984375 0.0875
3 0.4375 0.396875 0.159375 0.18125
3 0.63046875 0.384375 0.178125 0.16875
3 0.76015625 0.55234375 0.08125 0.1046875
3 0.80859375 0.290625 0.084375 0.1015625
3 0.33046875 0.73671875 0.1828125 0.2078125
3 0.2703125 0.60859375 0.171875 0.1375