4 0.13001946250000002 0 0 0.4252745 0 0.8694400640625 0.43320145625000006 1 0.8014913796875 1 0.8099869375000001 0.9884143078125 0.8174591187500001 0.9683034062500001 0.8758803921875 0.8724649843750001 0.9173671875 0.780062778125 0.9315573203125 0.720660453125 0.9239963015624999 0.680448953125 0.9099264375 0.65719743125 0.9128164375000001 0.647744665625 0.9316522046875001 0.6207716359375001 0.9672006578125 0.6040763484375 0.9991048812500001 0.5776533046875 1 0.574725503125 1 0.361163290625 0.9966010671875001 0.35637949999999996 0.9888182531249999 0.329881959375 0.9658058281249999 0.3142327484375 0.9144826421875001 0.300264396875 0.8788834265625001 0.282489740625 0.8267933218750001 0.2407233796875 0.80400269375 0.211360209375 0.7054060718749999 0.1398708890625 0.6499569921874999 0.1177502390625 0.6060932953125 0.0750535015625 0.4688237328125 0.03480870625 0.3197216078125 0.0116189875 0.2989647671875 0 0.13001946250000002 0
3 0.23125 0.68828125 0.2234375 0.1875
3 0.6421875 0.33671875 0.2140625 0.1375
3 0.7265625 0.659375 0.0703125 0.0703125
3 0.6390625 0.17890625 0.08125 0.084375
3 0.23671875 0.2640625 0.071875 0.0828125
3 0.08515625 0.44609375 0.1703125 0.1140625
3 0.07265625 0.32890625 0.096875 0.0875
3 0.61015625 0.4515625 0.1578125 0.1796875
3 0.459375 0.33046875 0.1765625 0.165625
3 0.25703125 0.39375 0.0796875 0.1046875
3 0.3671875 0.1515625 0.0828125 0.1015625
3 0.503125 0.79140625 0.1796875 0.20625
3 0.62578125 0.72109375 0.1703125 0.1359375