4 1 0.09060955468750001 0.85316455625 0.07742998281249999 0.8151898734374999 0.085667215625 0.665822784375 0.06425041249999999 0.5227848093749999 0.06260296562499999 0.46835442968749996 0.09060955468750001 0.408860759375 0.0955518953125 0.2936708859375 0.135090609375 0.2632911390625 0.1565074140625 0.2012658234375 0.1812191109375 0.1620253171875 0.187808896875 0.10886075937499999 0.18616145 0.08227848125000001 0.1943986828125 0.0670886078125 0.2174629328125 0.0050632906249999995 0.2652388796875 0 0.271828665625 0 0.4283360796875 0.022784809375 0.4629324546875 0.051898734375 0.4892915984375 0.0620253171875 0.52059308125 0.0620253171875 0.530477759375 0.0417721515625 0.5485996703125 0.022784809375 0.5848434921875 0.0189873421875 0.6457990109375 0.031645570312499996 0.7462932453125 0.059493670312500004 0.8550247109375 0.060759493750000004 0.876441515625 0.0670886078125 0.8945634265625 0.094936709375 0.9308072484375 0.1721518984375 0.9967051078125 1 1 1 0.09060955468750001
3 0.70234375 0.75859375 0.19140625 0.13828125
3 0.41171875 0.30234375 0.1984375 0.08359375
3 0.23671875 0.5859375 0.05625 0.05625
3 0.4609375 0.15234375 0.0640625 0.06796875
3 0.82109375 0.3515625 0.053125 0.07109375
3 0.91640625 0.57109375 0.16484375 0.06875
3 0.95859375 0.4609375 0.08203125 0.065625
3 0.40859375 0.42109375 0.11875 0.15234375
3 0.58828125 0.35 0.14453125 0.1296875
3 0.76328125 0.46953125 0.05546875 0.0921875
3 0.72890625 0.20546875 0.06015625 0.0875
3 0.41171875 0.77734375 0.13515625 0.17421875
3 0.31484375 0.67421875 0.14921875 0.09609375