4 0.9625461390625001 0.5673867015625 0.9403538375 0.5512999062499999 0.9218645234375 0.5262681375 0.8994740296874999 0.5139965531249999 0.8941056109375 0.503053334375 0.8754737171875 0.4911557078125 0.8705573 0.48190100156250004 0.8579069484374999 0.472607275 0.8545261953125 0.4614965875 0.844965709375 0.45159720625000005 0.8393620171875 0.43825657656250006 0.8137333484375 0.40174015937499996 0.79661858125 0.384880240625 0.7792314671875 0.3594102890625 0.7412247921875 0.3222101796875 0.7032922734375 0.2974353140625 0.658077821875 0.27430994062499997 0.5876738968749999 0.2512349796875 0.53123925625 0.236306659375 0.4460918109375 0.2234522046875 0.37800351875 0.21813873906249998 0.324825590625 0.23056155937499997 0.30825552031250003 0.23092170625000003 0.25243973125 0.24563869375 0.2294731953125 0.24791904687500002 0.1567280265625 0.276839221875 0.140213571875 0.2865183 0.10395221875 0.31961625 0.061188900000000004 0.3739811703125 0.042853628125 0.41178451406249994 0.047318040625 0.4193507078125 0.039967684375 0.446559584375 0.0438004421875 0.459358784375 0.0490320171875 0.5214207703125 0.05620845 0.5391180390625 0.056988415625 0.5587355171875 0.05168134375 0.5950958546875 0.057575921875000005 0.6201528281249999 0.088938053125 0.6917540484375 0.12750796250000002 0.749280534375 0.16620190937499998 0.7905665671875 0.1886294796875 0.8090507718750001 0.20836357187500001 0.8205102156249999 0.2234165171875 0.8251123625 0.24559027968749997 0.838092846875 0.308947540625 0.8652147125 0.41211375937500005 0.8983061125 0.484016271875 0.9133124703125001 0.5379741640625 0.920507125 0.59301571875 0.9241572859374999 0.6440448625 0.9219297640624999 0.6943681921875 0.9125100093749999 0.7766182328125 0.8841702828125 0.832737715625 0.846291321875 0.8921081828125 0.7977788765625 0.9091430624999999 0.764228928125 0.9309517812499999 0.7530678281250001 0.946617846875 0.74933065625 0.983462315625 0.6288178265625 0.9725272828125 0.6107465984375 0.9625461390625001 0.5673867015625
1 0.40078125 0.6140625 0.1203125 0.1
1 0.2609375 0.41875 0.0796875 0.075
1 0.2046875 0.315625 0.071875 0.065625
1 0.32109375 0.28828125 0.05625 0.059375
1 0.4375 0.32890625 0.0828125 0.0984375
1 0.60625 0.415625 0.1234375 0.1015625
1 0.68125 0.49765625 0.0875 0.078125
1 0.6421875 0.534375 0.071875 0.0671875
1 0.65625 0.640625 0.14375 0.1
1 0.53515625 0.7265625 0.08125 0.090625
1 0.29765625 0.58203125 0.1484375 0.115625
1 0.109375 0.57578125 0.125 0.1171875
1 0.31484375 0.4078125 0.0875 0.0671875
1 0.34453125 0.3578125 0.0578125 0.0578125
1 0.60859375 0.46328125 0.0546875 0.059375
1 0.409375 0.40625 0.1078125 0.071875
1 0.4125 0.46015625 0.084375 0.06875
1 0.6859375 0.784375 0.1109375 0.178125
1 0.34921875 0.81875 0.171875 0.1125
1 0.62421875 0.75859375 0.1328125 0.0859375
1 0.77578125 0.503125 0.0984375 0.1375
1 0.79609375 0.61171875 0.0890625 0.0765625
1 0.5 0.64296875 0.078125 0.0625