4 0 0.503449875 0.0002508953125 0.5036872781249999 0.013557250000000002 0.5242574328125 0.0115349140625 0.56182998125 0.038695025 0.633528225 0.0683564421875 0.6943921093750001 0.125417203125 0.76006005 0.16428860781250001 0.7933794640625 0.2073673828125 0.8208231250000001 0.25685984687499996 0.8451827703125 0.3071860796875 0.8659309625 0.3769586609375 0.8888863328125 0.48284892656249995 0.9118114484375001 0.5512788578125 0.9200018546875001 0.576972140625 0.91984730625 0.5923094484375 0.9233882031249999 0.61512939375 0.9233310796875 0.64379434375 0.9185370734375 0.6979472999999999 0.9021292937500001 0.7601130656249999 0.8715948515624999 0.8230740765625001 0.825267440625 0.8407074187499999 0.8065147546875 0.8542915265625 0.7723722421875 0.8647757374999999 0.7557729906249999 0.8798393453125 0.7440349234375 0.9154010140625 0.692903453125 0.9251198796875 0.6837354 0.9323587218749999 0.6564966437499999 0.940008115625 0.652176334375 0.9430309734375 0.6102700421875 0.9331793140625001 0.5418069796875 0.9183250375 0.4950126390625 0.9088626390625001 0.478373084375 0.8603235609375 0.41695489375 0.841574134375 0.40349678125 0.8005947375 0.3628436015625 0.7864247093750001 0.3542466703125 0.7465826828125001 0.316899228125 0.6849597593750001 0.2874566796875 0.60479268125 0.256015240625 0.5484546890625001 0.2407262234375 0.4759456203125 0.2255077640625 0.42522606874999996 0.22292769843750002 0.37998811250000003 0.225417103125 0.3284733109375 0.2386300046875 0.30068065312500003 0.2519940734375 0.27742887031249996 0.25803780781249996 0.23697558437500002 0.2768476171875 0.2254523296875 0.285599096875 0.212223015625 0.28939196875 0.203739853125 0.2973237296875 0.1881374640625 0.2990471578125 0.17925236875 0.304603759375 0.1571678625 0.305591459375 0.147047065625 0.31238435625 0.12152053593750001 0.31181661250000003 0.09299243593749999 0.324250103125 0.0657299421875 0.3270855265625 0.035406070312499996 0.3596457265625 0.0169004390625 0.3698283515625 0 0.44303219531250004 0 0.503449875
1 0.52890625 0.6484375 0.1171875 0.09375
1 0.74765625 0.54921875 0.0765625 0.071875
1 0.84765625 0.48828125 0.0703125 0.0625
1 0.7609375 0.40625 0.053125 0.0578125
1 0.63984375 0.3828125 0.078125 0.0953125
1 0.45078125 0.37421875 0.1203125 0.096875
1 0.34453125 0.40703125 0.084375 0.0734375
1 0.359375 0.45859375 0.0703125 0.0640625
1 0.29453125 0.54375 0.1421875 0.0921875
1 0.35625 0.678125 0.0765625 0.0875
1 0.634375 0.671875 0.1453125 0.1078125
1 0.80078125 0.7609375 0.1203125 0.1109375
1 0.70625 0.5125 0.0859375 0.0625
1 0.70625 0.4546875 0.0546875 0.05625
1 0.42421875 0.41328125 0.053125 0.05625
1 0.625 0.4640625 0.10625 0.065625
1 0.5953125 0.509375 0.08125 0.0640625
1 0.196875 0.65390625 0.1015625 0.1765625
1 0.47109375 0.85078125 0.1703125 0.103125
1 0.26328125 0.66171875 0.13125 0.0796875
1 0.259375 0.36484375 0.0921875 0.1359375
1 0.18828125 0.4484375 0.0875 0.071875
1 0.42890625 0.62421875 0.075 0.059375