4 1 0.4818383984375 0.984259259375 0.46775389218749996 0.9620370375 0.4292068203125 0.9361111109375001 0.4203113421875 0.9111111109375001 0.4017790953125 0.8861111109375001 0.3965900671875 0.877777778125 0.3876945890625 0.85648148125 0.38176427031250004 0.8490740734375001 0.374351371875 0.834259259375 0.3691623421875 0.827777778125 0.35952557500000004 0.815740740625 0.352853965625 0.80648148125 0.34173461875 0.771296296875 0.31430689375 0.75 0.303187546875 0.7259259265625 0.2839140109375 0.678703703125 0.2594514453125 0.6351851859375001 0.24684951875 0.5851851859375 0.23795404062499997 0.5111111109375 0.2364714609375 0.45277777812500003 0.23869532968749999 0.36759259218749996 0.2512972578125 0.3009259265625 0.2661230546875 0.253703703125 0.293550778125 0.2379629625 0.2987398078125 0.1888888890625 0.329132690625 0.1675925921875 0.33802816875 0.10648148125000001 0.38695329843750004 0.09351851875 0.40103780625 0.06851851875000001 0.44329132656250003 0.04351851875 0.50778354375 0.037037037499999995 0.549295775 0.04351851875 0.55522609375 0.04444444375 0.5833951078124999 0.051851851562499995 0.5945144546875001 0.075 0.6523350625 0.0870370375 0.667160859375 0.09351851875 0.68569310625 0.0990740734375 0.7220163078125 0.1120370375 0.7442550031249999 0.1629629625 0.803558190625 0.2166666671875 0.8472942921875 0.26574074062499997 0.87546330625 0.2925925921875 0.8865826531250001 0.3148148140625 0.8917716828125 0.33055555625 0.8917716828125 0.35555555625 0.8977020015624999 0.4240740734375 0.9051149000000001 0.5324074078125001 0.9065974796875 0.60555555625 0.8999258703124999 0.659259259375 0.8910303921875 0.7129629625 0.878428465625 0.7611111109375 0.8613787984375 0.80648148125 0.8376575234375 0.8768518515625001 0.786508525 0.91944444375 0.7338769453125 0.9620370375 0.67012601875 0.9685185187500001 0.6330615265625 0.9861111109375 0.6160118609375 1 0.607857671875 1 0.4818383984375
1 0.43828125 0.63828125 0.10390625 0.07265625
1 0.24765625 0.4921875 0.06484375 0.059375
1 0.1640625 0.41015625 0.06015625 0.05
1 0.2671875 0.35 0.04375 0.04921875
1 0.38984375 0.3546875 0.06015625 0.084375
1 0.5765625 0.38828125 0.10625 0.07421875
1 0.67265625 0.44453125 0.07265625 0.059375
1 0.64609375 0.49140625 0.06015625 0.0515625
1 0.690625 0.5890625 0.13046875 0.06484375
1 0.6 0.70625 0.06171875 0.07578125
1 0.33046875 0.6375 0.13046875 0.08125
1 0.1484375 0.68671875 0.103125 0.090625
1 0.29609375 0.465625 0.07734375 0.046875
1 0.309375 0.409375 0.0453125 0.046875
1 0.59296875 0.4328125 0.04296875 0.0484375
1 0.3859375 0.43671875 0.0984375 0.0453125
1 0.4046875 0.4875 0.07265625 0.04921875
1 0.7609375 0.71796875 0.065625 0.165625
1 0.44921875 0.8484375 0.159375 0.06875
1 0.69453125 0.7109375 0.12265625 0.053125
1 0.76484375 0.42265625 0.065625 0.12421875
1 0.815625 0.5203125 0.0765625 0.05625
1 0.54140625 0.63671875 0.0671875 0.0453125