4 0.3750333296875 0 0.3579899734375 0.004576509375 0.323574 0.0234264765625 0.22962233906249999 0.057197862499999995 0.22136239375 0.062220137499999995 0.0720471375 0.2280515296875 0.069357721875 0.2517950484375 0.048969475 0.32563814999999996 0.03552516875 0.4318986859375 0.035708521874999996 0.53547814375 0.053793520312499996 0.6053380671874999 0.0716812640625 0.6339038265625 0.11702435781250001 0.6859445359375 0.126792 0.7096908375 0.1468810984375 0.7427306171875 0.1926409421875 0.7777031859375 0.21142793750000002 0.7858973781249999 0.2332414484375 0.8018004828124999 0.27507830625 0.8369786453125 0.2893885015625 0.8598312531250001 0.33920839687500004 0.8972135515625 0.3659098984375 0.9063042171875001 0.38036271718750003 0.90685803125 0.446425596875 0.9414221890625001 0.48379399218749997 0.9538875890625 0.5321747218749999 0.9638089750000001 0.6552348343750001 0.9475252609375 0.7506997531249999 0.91760833125 0.8092759968750001 0.8843796375 0.83275095 0.8569242875 0.8573224093749999 0.8503915359375 0.9211376421875 0.7795175390625 0.93766309375 0.744558871875 0.9551591078125 0.67807924375 0.9879275406250001 0.6403024359375 0.9889610765624999 0.6350032546875 0.9777626109374999 0.5464248671874999 0.9688886609375 0.5272211203125 0.9604999937500001 0.49225689375000004 0.9379354140625 0.4495124421875 0.9274824546874999 0.41268951875 0.919502196875 0.3980283265625 0.9191650984375 0.3665758953125 0.9098142062499999 0.325761453125 0.8959179828125 0.2982977625 0.8560083531249999 0.2623629703125 0.8363332265625001 0.22471210468749997 0.8172748828125 0.198830203125 0.793948115625 0.17907264218750002 0.75947195 0.1592437703125 0.7177036234374999 0.1253732703125 0.6902510546875 0.0894412578125 0.6717409640625001 0.07402065625000001 0.611733896875 0.0424172609375 0.5399578671875 0.011430653124999999 0.509333378125 0.0025455796874999997 0.486859721875 0 0.3750333296875 0
0 0.78046875 0.6625 0.134375 0.1359375
0 0.85390625 0.49375 0.1109375 0.1125
0 0.74296875 0.25 0.109375 0.109375
0 0.3890625 0.1421875 0.13125 0.13125
0 0.2078125 0.3671875 0.140625 0.14375
0 0.41484375 0.76484375 0.1375 0.1375
1 0.59375 0.73203125 0.1296875 0.1296875
1 0.60390625 0.4328125 0.13125 0.1296875
1 0.84453125 0.60234375 0.1125 0.109375
1 0.7890625 0.58515625 0.0765625 0.0765625
1 0.646875 0.5375 0.11875 0.1203125
1 0.46171875 0.6953125 0.146875 0.1453125
1 0.49453125 0.771875 0.09375 0.09375
1 0.31796875 0.640625 0.1890625 0.1890625
1 0.3359375 0.32109375 0.1625 0.1640625
1 0.3484375 0.225 0.1171875 0.115625
1 0.49609375 0.16796875 0.1359375 0.134375
1 0.675 0.1828125 0.0921875 0.090625
1 0.8296875 0.35625 0.06875 0.06875
1 0.2140625 0.4640625 0.1484375 0.15