4 0 0.5248915890625 0.0142597625 0.55420749375 0.013953421875 0.6229501859375 0.0208678125 0.6609947671875 0.0641650546875 0.7459703890625 0.0862084609375 0.7586401031250001 0.10177755625 0.7912357015625 0.14975764375 0.8384928015625001 0.234226603125 0.8920984765625001 0.34887900781250003 0.9396776375 0.39817904843749996 0.9426161671875001 0.43750043125 0.94024716875 0.510258134375 0.9239590859375 0.5243618234375 0.9271648078125001 0.5525063296875 0.9252947578124999 0.6103039046875 0.9020805671875 0.63004118125 0.8837103953125001 0.6795572609375 0.8605590734374999 0.7047435203125 0.8508436078124999 0.725011178125 0.84779105625 0.7782633609375 0.82585366875 0.8062192640625 0.7991391328125 0.8218000765625 0.7787300203124999 0.8790672671875001 0.7401982109375 0.9037388640625 0.7172354953125 0.939288709375 0.6544367328125 0.9662741515625 0.5544341140625 0.9807902000000001 0.44831467500000005 0.9802086671874999 0.37171085000000004 0.9837561656249999 0.3480803 0.8824490265625 0.14925384375 0.8757703921875001 0.14226486875 0.7937607343749999 0.08532773437499999 0.7653961875 0.058212554687499994 0.7300426625 0.037776009375 0.706380678125 0.0300877640625 0.619735328125 0.017080271875 0.5878547171874999 0.0177363921875 0.510504471875 0.0290901546875 0.444362534375 0.0440857171875 0.4224920140625 0.0541901125 0.38667497968750003 0.0817925234375 0.3375635453125 0.103698475 0.2991300359375 0.11392860625000001 0.271484475 0.1269755328125 0.2463768015625 0.14704286875 0.2176273265625 0.17831851406250002 0.1697769765625 0.202699484375 0.149246128125 0.225630765625 0.1296503046875 0.2626343 0.12118420468749999 0.29292776875 0.10968127187500001 0.30502395 0.09005401406249999 0.3378867390625 0.0571952265625 0.373334565625 0.0400429890625 0.40493626875000005 0.026501115625 0.421188915625 0 0.4861105671875 0 0.5248915890625
0 0.18671875 0.584375 0.1234375 0.1328125
0 0.16015625 0.40234375 0.103125 0.109375
0 0.3296875 0.1953125 0.10625 0.1015625
0 0.69921875 0.1828125 0.125 0.125
0 0.8171875 0.44765625 0.1296875 0.140625
0 0.51328125 0.778125 0.13125 0.13125
1 0.34921875 0.69921875 0.125 0.121875
1 0.4171875 0.4078125 0.1296875 0.11875
1 0.140625 0.509375 0.1125 0.0984375
1 0.19921875 0.5078125 0.0703125 0.075
1 0.3484375 0.4984375 0.1109375 0.1171875
1 0.4859375 0.6984375 0.14375 0.1359375
1 0.434375 0.7640625 0.0890625 0.0890625
1 0.63984375 0.6828125 0.1765625 0.184375
1 0.7046875 0.36953125 0.1484375 0.1625
1 0.71796875 0.2734375 0.115625 0.1046875
1 0.58984375 0.1796875 0.134375 0.1234375
1 0.4125 0.1484375 0.09375 0.08125
1 0.21875 0.27578125 0.065625 0.065625
1 0.7859375 0.5390625 0.1375 0.146875