4 1 0.3611111109375 0.997222221875 0.3518518515625 0.95 0.2638888890625 0.9370370375 0.22685185156249998 0.9148148140625001 0.1925925921875 0.897222221875 0.175 0.8259259265625 0.12407407343750002 0.797222221875 0.1101851859375 0.7231481484375 0.08518518593749999 0.6574074078125001 0.06851851875000001 0.6333333328124999 0.0675925921875 0.5888888890625 0.0759259265625 0.5351851859375001 0.0731481484375 0.49629629687500004 0.0648148140625 0.465740740625 0.0638888890625 0.434259259375 0.0703703703125 0.39444444375 0.08518518593749999 0.340740740625 0.08518518593749999 0.3120370375 0.09629629687499999 0.27777777812500004 0.1203703703125 0.25648148125 0.14351851875 0.240740740625 0.1490740734375 0.20833333281250002 0.16944444375 0.1629629625 0.1861111109375 0.13333333281249998 0.20648148125 0.11388888906250001 0.2148148140625 0.046296296875 0.2731481484375 0.04351851875 0.27777777812500004 0.0425925921875 0.32777777812500003 0.0111111109375 0.3888888890625 0 0.42592592656250006 0 0.521296296875 0.013888889062500001 0.5425925921875 0.0129629625 0.578703703125 0.034259259375000004 0.6425925921875 0.08518518593749999 0.728703703125 0.165740740625 0.8231481484375 0.20833333281250002 0.8481481484375 0.24444444375000002 0.8638888890624999 0.3166666671875 0.8824074078124999 0.32777777812500003 0.8916666671875 0.353703703125 0.902777778125 0.415740740625 0.9083333328125001 0.44166666718750003 0.9009259265624999 0.49629629687500004 0.902777778125 0.5231481484375 0.9055555562500001 0.5425925921875 0.9120370375 0.6 0.9166666671874999 0.6370370375000001 0.9055555562500001 0.6601851859375001 0.89444444375 0.728703703125 0.8861111109375001 0.7611111109375 0.8768518515625001 0.821296296875 0.8370370375 0.890740740625 0.7601851859375001 0.9518518515625001 0.672222221875 0.9861111109375 0.603703703125 1 0.584259259375 1 0.3611111109375
0 0.1828125 0.4328125 0.084375 0.10625
0 0.24140625 0.25859375 0.07265625 0.08515625
0 0.48671875 0.1515625 0.08203125 0.07265625
0 0.821875 0.3078125 0.09296875 0.09375
0 0.80625 0.596875 0.08828125 0.11328125
0 0.3859375 0.75390625 0.096875 0.09765625
1 0.275 0.609375 0.09375 0.08984375
1 0.46796875 0.38046875 0.10390625 0.08046875
1 0.17578125 0.3453125 0.09453125 0.0625
1 0.228125 0.3703125 0.04921875 0.059375
1 0.365625 0.4296875 0.07890625 0.090625
1 0.39765625 0.6703125 0.1140625 0.09375
1 0.321875 0.70546875 0.0671875 0.065625
1 0.54140625 0.7265625 0.12578125 0.1421875
1 0.74140625 0.4765625 0.10078125 0.13046875
1 0.796875 0.396875 0.0953125 0.06875
1 0.725 0.25546875 0.10703125 0.084375
1 0.58203125 0.146875 0.07890625 0.05078125
1 0.3515625 0.17265625 0.04921875 0.04921875
1 0.73671875 0.66484375 0.09453125 0.1171875