4 1 0.23931742968749997 0.9904245328125001 0.22790583125000002 0.953666875 0.19985586718749998 0.9277404734375001 0.1936664296875 0.9059809375000001 0.17346391875 0.8762116609374999 0.155174759375 0.7902927734375 0.11759551718750001 0.753308146875 0.0921398109375 0.677815090625 0.0698503390625 0.5767525499999999 0.05970145624999999 0.4573843875 0.057100437500000004 0.41869750000000006 0.051101659375 0.38351303593749997 0.0610939890625 0.301486415625 0.1022787015625 0.28569390625 0.10351115 0.25936207968749997 0.0907509578125 0.2430021484375 0.0984690484375 0.225734346875 0.1165641671875 0.20840156875 0.12419714531249999 0.144372165625 0.1277446984375 0.136135459375 0.1322523078125 0.096735621875 0.16801698125 0.022329778124999998 0.22293899687500002 0 0.4781695328125 0 0.842082890625 0.0047121171875 0.85009210625 0.030136071874999996 0.873229328125 0.0573272609375 0.8873717624999999 0.0688394234375 0.901449515625 0.0774980203125 0.9257340734374999 0.0875184265625 0.9344530875 0.11430418906249999 0.942024765625 0.179160909375 0.9738401359375001 0.47816952187500006 1 0.8011451234375 1 0.9016929484375 0.9507877312499999 0.9298890296875 0.9310345968749999 0.9528154531249999 0.9042851437499999 0.9674566578125001 0.8938025703125 1 0.5218304640625 1 0.23931742968749997
0 0.8328125 0.36328125 0.0609375 0.071875
0 0.1796875 0.28046875 0.0578125 0.0609375
0 0.23828125 0.2546875 0.0421875 0.059375
0 0.7890625 0.33984375 0.0421875 0.05
0 0.6828125 0.5640625 0.0625 0.078125
3 0.61015625 0.51015625 0.1140625 0.0953125
3 0.3953125 0.321875 0.103125 0.096875
3 0.4421875 0.25390625 0.1125 0.0875
3 0.5734375 0.2515625 0.0671875 0.0671875
3 0.81328125 0.2875 0.08125 0.059375
3 0.50625 0.6625 0.1546875 0.0953125
3 0.4765625 0.4515625 0.0546875 0.071875
0 0.62265625 0.27578125 0.0265625 0.0515625