4 1 0.22135416718749998 0.96484375 0.1861979171875 0.92578125 0.1614583328125 0.8994140625 0.1575520828125 0.8759765625 0.1393229171875 0.8447265625 0.1236979171875 0.755859375 0.09375 0.716796875 0.07161458281250001 0.6396484375 0.05598958281250001 0.5380859375 0.0546875 0.4189453125 0.0625 0.3798828125 0.05989583281250001 0.345703125 0.07291666718749999 0.267578125 0.12109375 0.251953125 0.1236979171875 0.224609375 0.11328125 0.208984375 0.1223958328125 0.193359375 0.1419270828125 0.1767578125 0.1510416671875 0.11328125 0.16015625 0.10546875 0.1653645828125 0.0693359375 0.20442708281250002 0 0.265625 0 0.83984375 0.037109375 0.8919270828125001 0.064453125 0.9127604171874999 0.0927734375 0.9244791671874999 0.10546875 0.9375 0.1162109375 0.9609375 0.126953125 0.96875 0.154296875 0.9739583328125001 0.2216796875 1 0.796875 1 0.939453125 0.9140625 0.9658203125 0.8919270828125001 0.986328125 0.86328125 1 0.8515625 1 0.22135416718749998
0 0.81953125 0.33515625 0.05546875 0.0671875
0 0.16171875 0.309375 0.053125 0.05703125
0 0.21796875 0.278125 0.03671875 0.05625
0 0.77421875 0.315625 0.0390625 0.04609375
0 0.6875 0.54765625 0.05625 0.07421875
3 0.6109375 0.50078125 0.10703125 0.0859375
3 0.38046875 0.33203125 0.09609375 0.0890625
3 0.42109375 0.26015625 0.10625 0.07890625
3 0.5515625 0.24609375 0.06171875 0.06171875
3 0.79375 0.2609375 0.07734375 0.053125
3 0.5203125 0.66171875 0.14765625 0.08203125
3 0.47265625 0.45390625 0.0484375 0.06796875
0 0.60234375 0.265625 0.02265625 0.04921875