4 0.497028559375 0 0.4348671859375 0.024331209375000003 0.39071520312499997 0.0324833859375 0.3215725140625 0.07010400156249999 0.2429341640625 0.13438966562500002 0.156688928125 0.2169565046875 0.12509139062500002 0.2400704875 0.1072778609375 0.27201530625000003 0.07839827187500001 0.3591388734375 0.068102753125 0.3711773390625 0.040460521875 0.3807739328125 0.0343498171875 0.3977996640625 0.03493481875 0.42280502656249996 0.028076026562500002 0.44045848125 0 0.47182809531250003 0 0.6819851171875 0.2668461703125 1 0.6819851171875 1 1 0.7331538281250001 1 0.3180148828125 0.7331538296875 0 0.497028559375 0
0 0.6390625 0.16796875 0.0859375 0.0875
0 0.11796875 0.57109375 0.078125 0.078125
0 0.14140625 0.5109375 0.0640625 0.0671875
0 0.59140625 0.1828125 0.059375 0.0609375
0 0.67421875 0.415625 0.090625 0.09375
3 0.58515625 0.42890625 0.1375 0.134375
3 0.30078125 0.4484375 0.13125 0.1296875
3 0.28515625 0.3671875 0.1328125 0.128125
3 0.3765625 0.27265625 0.0875 0.0875
3 0.57109375 0.128125 0.09375 0.090625
3 0.61953125 0.6109375 0.165625 0.1578125
3 0.44921875 0.48203125 0.08125 0.0828125
0 0.428125 0.2546875 0.0484375 0.0515625