4 0.16905722031249998 0 0 0.3982738515625 0 0.8309427796875 0.0804744578125 0.8651021609375 0.1807173265625 0.8825055031250001 0.3156787765625 0.8844693328125001 0.3790942890625 0.8701461609375001 0.491307140625 0.8332829953124999 0.5857011484375 0.7767855078125 0.628973903125 0.738823903125 0.6843388484374999 0.681853790625 0.711803765625 0.64321749375 0.7683404703125001 0.5384620796874999 0.7799731078125001 0.4920994890625 0.7845541468749999 0.4457613421875 0.7933413625 0.42032050625000006 0.78199235625 0.3380496671875 0.7830043953125 0.3143379109375 0.7672275359375 0.287523246875 0.74369994375 0.26948926093750003 0.7319760765625001 0.2544538828125 0.707449515625 0.1937485140625 0.6548518359375 0.102015765625 0.6266275328125 0.0618703609375 0.602713709375 0.037637096875 0.550075540625 0 0.16905722031249998 0
1 0.5606320453125 0.45431864062500005 0.56034358125 0.4763257578125 0.5657149828125 0.48262933906249994 0.5834849453125 0.48816046249999995 0.627345996875 0.4796193640625 0.63326335 0.4680486828125 0.654835353125 0.44803466875 0.6480966609375 0.43310359218750005 0.6424922125 0.4297187546875 0.6069522890625 0.418656509375 0.5919967703125 0.41834360468750004 0.580217484375 0.422396596875 0.569314959375 0.4338629765625 0.5606320453125 0.45431864062500005
1 0.09099899375 0.67442705 0.0936537171875 0.7037188125 0.09732048125000001 0.7092988171875 0.1252938328125 0.7121197984375 0.1520775203125 0.722482909375 0.174655028125 0.7119487078125 0.2019667609375 0.664194384375 0.206829728125 0.629040690625 0.20215745937500001 0.6139808703125 0.1952101625 0.6090201390625001 0.17064608750000002 0.6076463109375 0.1560767984375 0.6135326859375 0.1368042640625 0.6304992125 0.10211012187499999 0.652990325 0.09099899375 0.67442705
1 0.068929921875 0.7264185265624999 0.0937270421875 0.724873609375 0.1216270703125 0.7065397921875001 0.1202353375 0.690860696875 0.104354175 0.66903120625 0.07072749218749999 0.648722190625 0.0529021109375 0.6622794390625 0.035640584375 0.69820559375 0.0409076859375 0.7094943484375 0.051883534375 0.719182765625 0.068929921875 0.7264185265624999
1 0.279078209375 0.35693569062499997 0.286926709375 0.37636140937499996 0.3204246484375 0.3946039984375 0.33137605625 0.39724081718750004 0.33744659375 0.3947881609375 0.3491281140625 0.3625287703125 0.37628012499999997 0.33884799062500004 0.382559265625 0.3264249890625 0.3775252109375 0.3122174890625 0.364973465625 0.3038719203125 0.3574313359375 0.3026822546875 0.3421384703125 0.3102732703125 0.31589419687500003 0.3152274640625 0.28714185 0.33319949375 0.279078209375 0.35693569062499997
1 0.37747803125 0.1582964078125 0.334542625 0.18835409375 0.33386793125 0.20416193124999998 0.3561814171875 0.22268644843750002 0.41876251406250004 0.2482446578125 0.4426030140625 0.251323125 0.4472818171875 0.233191375 0.44488458125 0.20803246718750001 0.4376553546875 0.19188728125 0.436882896875 0.179488721875 0.44316203749999994 0.1670657203125 0.4541933046875 0.157665765625 0.4847790359375 0.1424837390625 0.47439801875 0.12902425625 0.459418059375 0.1216597515625 0.4322970265625 0.119200559375 0.40982381874999996 0.1247495859375 0.3963643359375 0.135130603125 0.3908087703125 0.1458489671875 0.37747803125 0.1582964078125
1 0.4113198546875 0.1354435078125 0.4087873375 0.1414097453125 0.4116017828125 0.14662796250000001 0.4274585015625 0.1614058546875 0.43378652500000003 0.1630860515625 0.47398081249999996 0.14896494843750002 0.5070436390624999 0.14690505625 0.5247402765625 0.13128138281249999 0.561420984375 0.12069829843749999 0.55943441875 0.10879027031249999 0.5356248984375 0.07957183125 0.5089455125 0.06422354687500001 0.47381625937500005 0.06641218125000001 0.45816160625 0.07485551406249999 0.445321396875 0.0885170640625 0.43689596875000003 0.11310558125 0.4113198546875 0.1354435078125
1 0.3516992015625 0 0.33868371875 0.01508715625 0.3441838640625 0.0234571640625 0.3898962015625 0.057949239062500005 0.40694258593750005 0.065185 0.42153631718750006 0.066350225 0.42639274687500006 0.0643881015625 0.43181956875000005 0.0516033109375 0.441876309375 0.006583571874999999 0.438493621875 0 0.3516992015625 0
1 0.723446346875 0.2840275734375 0.736310996875 0.277417621875 0.731276940625 0.263210121875 0.7160949140625 0.232624390625 0.7028261312499999 0.19279189218749998 0.696473665625 0.1840600953125 0.6853935140625 0.1793568515625 0.6744665484375 0.18377163125 0.6370003093750001 0.2483392953125 0.6503245125 0.269083421875 0.6683519609374999 0.2787474 0.723446346875 0.2840275734375
1 0.12445486718750001 0.1192949171875 0.1253560703125 0.133759903125 0.1467927953125 0.14487103125 0.1701427625 0.14673539062500002 0.1744842203125 0.136507559375 0.1894152953125 0.129768865625 0.20055086718749998 0.11538373906249999 0.1963691296875 0.1015380265625 0.1835843421875 0.09611120625 0.17069525000000002 0.09566955625 0.157058140625 0.089880946875 0.15168673906250002 0.083577365625 0.14207818125 0.08251644375 0.12445486718750001 0.1192949171875
1 0.230344528125 0.1873778625 0.24716440624999997 0.1643408 0.2771064203125 0.138826640625 0.2700059390625 0.1247478828125 0.25381187031249997 0.117873909375 0.23229528593749998 0.11879955312499998 0.22562991562499998 0.125023275 0.20619765937499998 0.16606334375 0.2168361625 0.18365567968750002 0.230344528125 0.1873778625
1 0.11207733906249999 0.4067547359375 0.12705729999999998 0.4141192421875 0.169544521875 0.4301422171875 0.1810907625 0.42900797187500006 0.191043203125 0.3889734046875 0.1854143140625 0.3785369703125 0.16263473906249998 0.36584994531250004 0.14463173125 0.3632375671875 0.1249485265625 0.3669532140625 0.105081159375 0.38769080625 0.10365844843750001 0.3981516828125 0.11207733906249999 0.4067547359375
1 0.11487217499999999 0.5115476640625001 0.1228005359375 0.5189366109375 0.13984692031249998 0.526172371875 0.146769778125 0.5240815046875 0.15573461875 0.51481029375 0.15927917656249999 0.4851323015625 0.1703104453125 0.4757323484375 0.1438396625 0.45041372031250004 0.130202553125 0.4446251109375 0.11780399374999999 0.44539756875 0.10501920468749999 0.439970746875 0.10065330624999999 0.44314697968749994 0.1006467703125 0.47633855 0.11487217499999999 0.5115476640625001
1 0.30854589374999997 0.5102684734375 0.28470539375000004 0.50719000625 0.26915504375 0.5106481671875 0.24629560625 0.5099979140625 0.2423648203125 0.5334766265625001 0.2474233171875 0.554735725 0.26253201875 0.5641666578125 0.289033778125 0.563345315625 0.3006044609375 0.56926266875 0.316050509375 0.57078968125 0.33719877187499997 0.603907928125 0.3499835609375 0.6093347484375 0.3671407859375 0.5783937671875 0.3657734921875 0.5697662718750001 0.355625521875 0.55338804375 0.3652096375 0.5473973671875 0.3749469390625 0.550524715625 0.38757854375 0.5468335109375 0.4086355765625 0.5185537906250001 0.41054881875 0.5093070203125001 0.40282906250000006 0.4919477296875 0.388210890625 0.4837309046875 0.37653590625 0.482798725 0.35883926875 0.49842240000000004 0.3419460671875 0.500304665625 0.3290814171875 0.5069146156250001 0.30854589374999997 0.5102684734375
1 0.1061307140625 0.3046475078125 0.131105459375 0.31927221562499997 0.1411801078125 0.314495646875 0.14632499999999998 0.2905264046875 0.12938291562499998 0.27830547031249997 0.0946953109375 0.2676050109375 0.07475462031249999 0.2671878046875 0.0534955203125 0.27224630156249996 0.0455361828125 0.290997328125 0.0596638234375 0.29800004375 0.1061307140625 0.3046475078125
1 0.39122086562499997 0.5453619171875 0.39233067187500004 0.549856559375 0.40268724687499996 0.5562644421875 0.4140004421875 0.5580489421875 0.4480443328125 0.5584172656249999 0.48198391875 0.5637707640625 0.5696929484375 0.6130717078125001 0.5854763453125 0.6066948015625 0.590437075 0.5997475046875 0.5893582484375 0.5691128921875 0.5855627421875 0.5614664609375 0.511674984375 0.5009321796874999 0.45893548749999996 0.47351614687500004 0.4281476921875 0.4654769484375 0.4144307234375 0.47172511093749997 0.40489548906249995 0.49181898593750006 0.40571683125 0.51832074375 0.39122086562499997 0.5453619171875