4 1 0.1563595203125 0.903070390625 0.11915172968750001 0.7472982015625 0.0960530234375 0.7132621968749999 0.09687303750000001 0.665071990625 0.10614497656249999 0.563513465625 0.135594575 0.5037010421875 0.16222478125 0.4848231453125 0.1648962453125 0.455371353125 0.16152516875 0.4253953984375 0.169854496875 0.409651828125 0.187614328125 0.3443379109375 0.2389113359375 0.33298621562499997 0.2633160546875 0.30409235625000003 0.299831184375 0.2802540140625 0.34126235 0.24815389062499998 0.455890784375 0.241071471875 0.5027621453125 0.2413229140625 0.5822027375000001 0.2460803828125 0.6395698109375 0.274735296875 0.745782290625 0.3298471609375 0.8502490296874999 0.3655147515625 0.9046043734375001 0.46396208437500003 0.9969438140625 0.46846741718749996 1 0.8436404796874999 1 1 0.5926695234375 1 0.1563595203125
1 0.4463211359375 0.3504604953125 0.43993832812500006 0.349002165625 0.4247189203125 0.35506159375 0.42633361875000003 0.3844436453125 0.422552534375 0.39687743593749997 0.4481703890625 0.4334898328125 0.464795271875 0.4418551296875 0.4730379703125 0.4410520015625 0.48811789531249994 0.425021021875 0.49608162812499995 0.404274790625 0.49620422499999994 0.38845303593749997 0.49054636093750004 0.37735497812499996 0.47957089843749995 0.3671910859375 0.4463211359375 0.3504604953125
1 0.643515709375 0.7901473359375 0.6350722281250001 0.7888897906250001 0.62124985 0.7964772875 0.6003281671875 0.825142840625 0.5868016421875 0.8784667484375 0.595724871875 0.9017280734374999 0.622190265625 0.9128789890625001 0.6442722296875 0.93028166875 0.650786075 0.9288148953125 0.6730434921875 0.9095882906250001 0.679942015625 0.8864495625 0.670608778125 0.8461702343749999 0.6685312171875 0.8205777109374999 0.6621399671875 0.806222728125 0.643515709375 0.7901473359375
1 0.7054816859375 0.90517953125 0.667184846875 0.896429559375 0.64059685625 0.9011003984375 0.6287041125 0.911412215625 0.6360379734375 0.9439814484375001 0.6528023390625 0.9623182968749999 0.670090865625 0.968954740625 0.684716371875 0.9696099406249999 0.696347034375 0.9651483265625 0.7088865359375001 0.92731435 0.7054816859375 0.90517953125
1 0.733371971875 0.45271457968749995 0.718545684375 0.449998703125 0.7050551296875 0.4567217765625 0.700942221875 0.4700199921875 0.70402369375 0.5059158906250001 0.6900174203125 0.5372360203125 0.692680440625 0.5432172640624999 0.7023899124999999 0.5489279812500001 0.7391586796875 0.559074984375 0.75829865625 0.55055331875 0.7689867078125 0.527877453125 0.7607884203124999 0.4949763984375 0.7453513421875 0.4731818453125 0.7396237375 0.457098009375 0.733371971875 0.45271457968749995
1 0.7920094265625 0.2560353859375 0.7761179296875 0.2509270140625 0.7593007078125 0.2533976953125 0.7707559203125001 0.285565365625 0.77216139375 0.2999900875 0.7680484859375001 0.3132883046875 0.7588800625000001 0.3216704875 0.7424644046875 0.3282625203125 0.72326313125 0.3446950625 0.714033409375 0.3609881234375 0.7333213125 0.3753346609375 0.7960926109375001 0.4004221078125 0.8250118000000001 0.402596934375 0.8355075125000001 0.390757046875 0.8255021890625001 0.33930991875 0.8245595765625 0.3210956671875 0.8280088375 0.309526303125 0.82553815625 0.29270908125 0.8132269624999999 0.27310624375 0.7920094265625 0.2560353859375
1 0.796280896875 0.180314578125 0.7664275390624999 0.1728221515625 0.7290035703125 0.1773006546875 0.71930254375 0.1844865875 0.7383368078125 0.21757998281250002 0.7402135875 0.24111183125000002 0.762566075 0.2655609625 0.7816700828125 0.30364013125 0.7873892437500001 0.3068273140625 0.8090612 0.30721199062500004 0.8147106203125001 0.305413396875 0.8170333765625 0.2993624109375 0.8141526875 0.2655271890625 0.8251725609375 0.2419868953125 0.8254261984375001 0.223240040625 0.820030415625 0.20629177968749998 0.796280896875 0.180314578125
1 0.9124205156249999 0.1852243640625 0.8982578734375 0.1807796359375 0.8845665359374999 0.185442034375 0.8605274109375 0.22481252343749997 0.8555500781250001 0.23777891874999998 0.857680496875 0.2425639125 0.8689877796875001 0.2518633765625 0.8862763046875 0.25849981875 0.94311921875 0.2654427546875 0.9528899875000001 0.26324259687499996 0.9557813156250001 0.21178702500000002 0.9471983515625 0.200557928125 0.9200693125000001 0.191135865625 0.9124205156249999 0.1852243640625
1 0.5893765140625 0.1405634640625 0.578138971875 0.13624977656249998 0.567503775 0.13811811093749998 0.5302890328125 0.157553940625 0.49812136249999994 0.169009153125 0.48463080625000005 0.17573222500000002 0.489293203125 0.1894235625 0.5325927046875 0.2238971 0.5522737281250001 0.229468334375 0.576268440625 0.22380202656249998 0.5941699515625001 0.15132969999999998 0.5893765140625 0.1405634640625
1 1 0.42612937031250003 0.9952087140625 0.42429016875 0.9825825859374999 0.4313450625 0.9806000953125 0.449428275 0.9866595234375 0.46464768125000006 0.9826776562499999 0.475020796875 1 0.4892672359375 1 0.42612937031250003
1 0.9425400078124999 0.3961381390625 0.9261159062500001 0.3898335171875 0.9112283203124999 0.39502851875 0.9150431781249999 0.4341813390625 0.911139496875 0.462436884375 0.9234422484374999 0.4691430703125 0.943315609375 0.463878328125 0.9578460421875 0.42085779375000004 0.9573747375 0.4117506671875 0.9425400078124999 0.3961381390625
1 0.8358687171874999 0.6378541296875 0.810669315625 0.6311563875 0.799370475 0.6347535765625001 0.7787193140625 0.6704655796875 0.7862370703125 0.67930218125 0.827930315625 0.6972903203125 0.8438218125000001 0.70239869375 0.8558540390625 0.702058428125 0.8620973609375 0.6935452062499999 0.8622115156250001 0.664826796875 0.8506337078125 0.6484808828124999 0.8358687171874999 0.6378541296875
1 0.8044766515624999 0.7170495296875 0.7906458296875 0.711740375 0.7540165453125 0.711564921875 0.7554220203125 0.7259896453125 0.7373556953125 0.7498004625 0.7373641390625 0.762697115625 0.7408915875 0.7690101796875 0.7581801125000001 0.775646621875 0.769016090625 0.7758389625000001 0.803707296875 0.7603934421874999 0.8267593968750001 0.7365128828125 0.8258252296874999 0.7311952859375 0.812858834375 0.726217953125 0.8044766515624999 0.7170495296875
1 0.59171581875 0.5659522328125 0.5754925 0.5617082859375 0.55788059375 0.568832921875 0.5528335203125 0.576813540625 0.5483359375 0.611783715625 0.5548582265625 0.6232135953125 0.5640350953125 0.627728065625 0.56676785625 0.638695084375 0.54809074375 0.6434272234375 0.5411140343749999 0.648683521875 0.5319624968750001 0.6828590109375 0.5449288921875 0.68783634375 0.5831475453125 0.6787038890625 0.5953192546875 0.688335175 0.6077530453125 0.6921162578125 0.6262462640625001 0.7111167515625 0.64366583125 0.71482809375 0.6620724203125 0.703049503125 0.6755545328125 0.683429778125 0.6586591265624999 0.66801803125 0.64987538125 0.6547282578125 0.6305874765625 0.6403817203125 0.61814524375 0.6237039828125 0.613482846875 0.6100126453125 0.6026384265625 0.596923653125 0.6007616453125 0.5733918046875 0.59171581875 0.5659522328125
1 0.9529869171875 0.6143773296874999 0.9206015796875 0.5979785609375 0.8999250906249999 0.5950006046875 0.88697558125 0.6158165765625 0.8909045921875001 0.6262509921875 0.919029096875 0.6330797734375 0.9570722984375 0.660576603125 0.9720993671875 0.6653531546875 0.97939945625 0.6463357734375 0.9676208671875 0.627929184375 0.9529869171875 0.6143773296874999
1 0.54793656875 0.5094749171874999 0.4909541734375 0.4925604296875 0.3957531234375 0.484778396875 0.38771120625 0.4876421984375 0.36565457343749996 0.508929478125 0.3643970265625 0.517372959375 0.37132088125 0.532924190625 0.46866078906249997 0.55838786875 0.4967937375 0.5781133031250001 0.5215387203125 0.6014972265625 0.5309163703124999 0.6080723703124999 0.5428175578125 0.6106572078125 0.546738125 0.60819496875 0.555094978125 0.5786734328125 0.5740954703125001 0.560180215625 0.5811947749999999 0.5391021609375 0.5756679515625 0.525079003125 0.54793656875 0.5094749171874999