4 0.052777778124999994 0 0 0.015740740625 0 1 0.25648148125 1 0.35555555625 0.9768518515625001 0.48055555625 0.9259259265625 0.5333333328125 0.8879629625 0.622222221875 0.8101851859375 0.6870370375 0.7212962968750001 0.7120370375 0.66944444375 0.740740740625 0.5953703703125 0.7509259265625 0.5490740734374999 0.7620370375000001 0.43055555625 0.7546296296875 0.38333333281250004 0.740740740625 0.33888888906250003 0.7388888890625 0.3120370375 0.696296296875 0.240740740625 0.6879629625 0.21851851875 0.6629629625 0.2 0.634259259375 0.1925925921875 0.6175925921875 0.1833333328125 0.571296296875 0.13703703750000001 0.48703703750000005 0.0731481484375 0.4453703703125 0.047222221875 0.4138888890625 0.034259259375000004 0.2601851859375 0 0.052777778124999994 0
1 0.54351851875 0.397222221875 0.5379629625 0.41203703750000004 0.5379629625 0.434259259375 0.546296296875 0.4546296296875 0.553703703125 0.4583333328125 0.5722222218749999 0.45648148125 0.609259259375 0.43148148124999997 0.6101851859375 0.41851851875 0.622222221875 0.3916666671875 0.6101851859375 0.38055555625 0.603703703125 0.3796296296875 0.5666666671875 0.38333333281250004 0.5527777781250001 0.3888888890625 0.54351851875 0.397222221875
1 0.2166666671875 0.7620370375000001 0.19351851874999998 0.796296296875 0.1916666671875 0.8203703703125 0.20555555625 0.8462962968750001 0.21111111093749999 0.85 0.2379629625 0.8416666671874999 0.2666666671875 0.840740740625 0.2833333328125 0.8222222218749999 0.2898148140625 0.7675925921875 0.28055555625 0.7333333328125 0.2703703703125 0.7212962968750001 0.26203703749999996 0.7194444437499999 0.2388888890625 0.727777778125 0.22777777812500002 0.7388888890625 0.2166666671875 0.7620370375000001
1 0.15925925937500002 0.872222221875 0.17314814843749998 0.8768518515625001 0.1916666671875 0.8768518515625001 0.2138888890625 0.865740740625 0.23240740781250002 0.8379629625 0.225 0.8240740734375 0.2018518515625 0.8101851859375 0.1629629625 0.8046296296875 0.1518518515625 0.8240740734375 0.15 0.8638888890624999 0.15925925937500002 0.872222221875
1 0.25833333281250004 0.4018518515625 0.2388888890625 0.4296296296875 0.240740740625 0.4546296296875 0.25555555625 0.46944444374999994 0.29351851875 0.4731481484375 0.3046296296875 0.471296296875 0.309259259375 0.46666666718750005 0.30740740781250003 0.43240740781250003 0.3231481484375 0.4 0.3240740734375 0.3861111109375 0.3138888890625 0.375 0.29907407343750003 0.372222221875 0.2916666671875 0.3740740734375 0.28055555625 0.38703703749999996 0.25833333281250004 0.4018518515625
1 0.26203703749999996 0.2046296296875 0.2611111109375 0.2166666671875 0.253703703125 0.23333333281250002 0.2259259265625 0.27777777812500004 0.23148148124999998 0.2925925921875 0.259259259375 0.3009259265625 0.32685185156249996 0.3 0.35 0.29351851875 0.34722222187499996 0.275 0.3351851859375 0.252777778125 0.322222221875 0.240740740625 0.3166666671875 0.2296296296875 0.31759259218749997 0.21574074062499998 0.3240740734375 0.20277777812500003 0.34629629687499996 0.1768518515625 0.33148148125 0.16851851874999998 0.3148148140625 0.1675925921875 0.2888888890625 0.1759259265625 0.2703703703125 0.1898148140625 0.26203703749999996 0.2046296296875
1 0.2888888890625 0.1425925921875 0.290740740625 0.16851851874999998 0.2759259265625 0.1990740734375 0.2759259265625 0.20555555625 0.28055555625 0.209259259375 0.3009259265625 0.2166666671875 0.30740740781250003 0.21574074062499998 0.33888888906250003 0.1870370375 0.36851851875 0.172222221875 0.378703703125 0.15092592656249998 0.40833333281249995 0.1268518515625 0.4018518515625 0.1166666671875 0.36851851875 0.0990740734375 0.3379629625 0.0953703703125 0.30648148124999997 0.1111111109375 0.2953703703125 0.125 0.2888888890625 0.1425925921875
1 0.177777778125 0.0675925921875 0.1620370375 0.1166666671875 0.1703703703125 0.12222222187500001 0.2259259265625 0.1361111109375 0.24444444375000002 0.1361111109375 0.25833333281250004 0.13148148125 0.26203703749999996 0.127777778125 0.26203703749999996 0.11388888906250001 0.253703703125 0.06851851875000001 0.24259259218749998 0.059259259375 0.22777777812500002 0.058333332812500006 0.21851851875 0.061111110937500004 0.1898148140625 0.060185185937499996 0.177777778125 0.0675925921875
1 0.5481481484375 0.22870370312500002 0.56851851875 0.23055555625 0.621296296875 0.2138888890625 0.63055555625 0.20277777812500003 0.6203703703125 0.1916666671875 0.5944444437499999 0.16944444375 0.5666666671875 0.1379629625 0.5574074078125 0.1324074078125 0.5453703703125 0.1324074078125 0.5370370375 0.140740740625 0.527777778125 0.2148148140625 0.5481481484375 0.22870370312500002
1 0.0166666671875 0.252777778125 0.0074074078125 0.25555555625 0.00555555625 0.296296296875 0.0120370375 0.309259259375 0.0361111109375 0.3111111109375 0.058333332812500006 0.303703703125 0.058333332812500006 0.2925925921875 0.06944444375 0.28055555625 0.0740740734375 0.2629629625 0.0648148140625 0.2518518515625 0.0509259265625 0.2518518515625 0.0388888890625 0.25648148125 0.0240740734375 0.25648148125 0.0166666671875 0.252777778125
1 0.0990740734375 0.30740740781250003 0.11574074062499999 0.31944444375000003 0.1296296296875 0.31759259218749997 0.1361111109375 0.2898148140625 0.15370370312499998 0.2546296296875 0.1416666671875 0.24444444375000002 0.12407407343750002 0.24444444375000002 0.1046296296875 0.253703703125 0.10092592656249999 0.26203703749999996 0.0990740734375 0.30740740781250003
1 0.0925925921875 0.5509259265625001 0.0953703703125 0.5611111109375 0.10648148125000001 0.565740740625 0.1231481484375 0.5666666671875 0.16851851874999998 0.5648148140625 0.178703703125 0.559259259375 0.172222221875 0.51851851875 0.1629629625 0.5111111109375 0.13703703750000001 0.5083333328124999 0.11944444375 0.5129629625 0.102777778125 0.5240740734375 0.0925925921875 0.5509259265625001
1 0.1101851859375 0.603703703125 0.1231481484375 0.634259259375 0.15 0.6611111109375 0.1601851859375 0.6648148140625 0.178703703125 0.6648148140625 0.184259259375 0.6601851859375001 0.1888888890625 0.6481481484375 0.18055555625 0.61944444375 0.1870370375 0.60648148125 0.15277777812499999 0.5935185187500001 0.1379629625 0.5935185187500001 0.1268518515625 0.5990740734375 0.1129629625 0.5990740734375 0.1101851859375 0.603703703125
1 0.3546296296875 0.5620370375 0.3453703703125 0.5731481484375001 0.32777777812500003 0.584259259375 0.3046296296875 0.590740740625 0.2916666671875 0.6 0.2703703703125 0.6083333328125 0.2759259265625 0.63148148125 0.2888888890625 0.6490740734375 0.30648148124999997 0.6518518515625 0.33055555625 0.640740740625 0.34351851875 0.6416666671875 0.3583333328125 0.6370370375000001 0.39074074062499997 0.659259259375 0.4046296296875 0.659259259375 0.40833333281249995 0.6240740734375 0.403703703125 0.6166666671875001 0.3879629625 0.60555555625 0.39444444375 0.5962962968750001 0.4046296296875 0.5953703703125 0.4148148140625 0.5870370375 0.42314814843750004 0.5527777781250001 0.42129629687500003 0.54351851875 0.4074074078125 0.5305555562500001 0.39074074062499997 0.5287037031249999 0.3796296296875 0.5324074078125001 0.36944444375 0.553703703125 0.3546296296875 0.5620370375
1 0 0.48518518593750004 0.015740740625 0.4861111109375 0.061111110937500004 0.47407407343749997 0.0898148140625 0.477777778125 0.097222221875 0.46944444374999994 0.0925925921875 0.4453703703125 0.072222221875 0.440740740625 0.0361111109375 0.44444444375 0.0175925921875 0.45185185156249996 0 0.46481481406249997 0 0.48518518593750004
1 0.409259259375 0.5296296296875 0.4203703703125 0.553703703125 0.4175925921875 0.584259259375 0.4203703703125 0.5879629625 0.43240740781250003 0.5898148140624999 0.44351851875000003 0.5870370375 0.475 0.5740740734374999 0.5083333328124999 0.565740740625 0.6083333328125 0.5768518515625 0.6203703703125 0.5648148140625 0.622222221875 0.55648148125 0.609259259375 0.5287037031249999 0.602777778125 0.5231481484375 0.5111111109375 0.49629629687500004 0.45185185156249996 0.4916666671875 0.4203703703125 0.49629629687500004 0.41018518593750003 0.5074074078125 0.409259259375 0.5296296296875