4 0.4562556671875 0 0 0.080450184375 0 0.5437443328125 0.080450184375 1 0.5437443328125 1 1 0.919549815625 1 0.4562556671875 0.919549815625 0 0.4562556671875 0
2 0.36640625 0.7609375 0.240625 0.265625
2 0.584375 0.775 0.2828125 0.2515625
2 0.79765625 0.6515625 0.2671875 0.2375
2 0.76328125 0.44296875 0.228125 0.1671875
2 0.53046875 0.5046875 0.1875 0.1640625
2 0.1984375 0.615625 0.2609375 0.19375
2 0.25859375 0.33984375 0.1859375 0.1578125
2 0.053125 0.35703125 0.10625 0.1265625
2 0.26015625 0.11796875 0.21875 0.15
2 0.65 0.16640625 0.184375 0.1375
2 0.72578125 0.06484375 0.1265625 0.103125
2 0.88671875 0.16875 0.11875 0.1109375
2 0.8671875 0.26953125 0.19375 0.1515625
2 0.50078125 0.36171875 0.115625 0.146875
2 0.6609375 0.3453125 0.1640625 0.128125
2 0.065625 0.1640625 0.13125 0.121875
2 0.025 0.2296875 0.05 0.0875
1 0.0765625 0.54296875 0.153125 0.1609375
1 0.30234375 0.23203125 0.09375 0.078125
1 0.73046875 0.53125 0.078125 0.075
1 0.21015625 0.8890625 0.109375 0.09375
1 0.46171875 0.06484375 0.059375 0.0609375
1 0.8 0.0921875 0.0625 0.0546875
1 0.359375 0.2765625 0.05 0.0734375
3 0.37578125 0.60546875 0.1390625 0.1078125
3 0.62890625 0.53046875 0.1734375 0.134375
3 0.36640625 0.43203125 0.1640625 0.24375
3 0.49375 0.46875 0.1265625 0.096875
3 0.703125 0.384375 0.1296875 0.0859375
3 0.7953125 0.3125 0.1125 0.121875
3 0.59765625 0.2828125 0.0875 0.071875
3 0.54609375 0.1828125 0.121875 0.1328125
3 0.48515625 0.103125 0.125 0.075
3 0.86484375 0.07578125 0.134375 0.1125
3 0.03515625 0.15078125 0.0703125 0.0765625
3 0.11875 0.17890625 0.08125 0.078125
3 0.16328125 0.3640625 0.128125 0.1078125
3 0.15078125 0.4953125 0.1046875 0.0640625
3 0.265625 0.3578125 0.06875 0.084375
3 0.43359375 0.2703125 0.0984375 0.0828125
3 0.42734375 0.15234375 0.0640625 0.059375
0 0.95234375 0.56640625 0.0953125 0.1265625