4 0 0 0 1 1 1 1 0 0 0
2 0.3234375 0.73359375 0.20234375 0.234375
2 0.53515625 0.78515625 0.25 0.21171875
2 0.7671875 0.70078125 0.23671875 0.19921875
2 0.76875 0.48984375 0.20859375 0.1328125
2 0.52890625 0.51015625 0.16640625 0.13671875
2 0.1828125 0.56171875 0.2375 0.1546875
2 0.28984375 0.3 0.165625 0.13046875
2 0.0671875 0.27890625 0.12578125 0.10703125
2 0.33046875 0.08203125 0.20078125 0.1171875
2 0.70546875 0.19765625 0.16796875 0.109375
2 0.79765625 0.1109375 0.1140625 0.08515625
2 0.93828125 0.240625 0.1046875 0.09453125
2 0.9015625 0.33671875 0.17421875 0.1234375
2 0.525 0.3640625 0.09453125 0.1328125
2 0.68515625 0.37578125 0.1484375 0.1046875
2 0.12421875 0.09296875 0.1296875 0.10078125
2 0.05078125 0.146875 0.096875 0.07109375
1 0.07578125 0.46875 0.1328125 0.13984375
1 0.3515625 0.2015625 0.084375 0.0640625
1 0.721875 0.57109375 0.06796875 0.0640625
1 0.146875 0.8328125 0.096875 0.07734375
1 0.5375 0.06484375 0.05078125 0.053125
1 0.86640625 0.15078125 0.0546875 0.04609375
1 0.4 0.25546875 0.03828125 0.06796875
3 0.359375 0.58203125 0.12578125 0.0875
3 0.621875 0.55234375 0.15703125 0.109375
3 0.38046875 0.41015625 0.1265625 0.225
3 0.49921875 0.46796875 0.1140625 0.07890625
3 0.7203125 0.42109375 0.11953125 0.065625
3 0.8234375 0.36640625 0.0953125 0.10625
3 0.63359375 0.303125 0.078125 0.05859375
3 0.60078125 0.1953125 0.103125 0.1171875
3 0.5546875 0.10625 0.1171875 0.05546875
3 0.9328125 0.1453125 0.1203125 0.09375
3 0.84296875 0.0171875 0.1015625 0.0296875
3 0.08828125 0.0734375 0.090625 0.0625
3 0.18046875 0.11796875 0.07109375 0.0671875
3 0.03125 0.13359375 0.05625 0.07109375
3 0.1921875 0.3078125 0.1140625 0.08984375
3 0.15703125 0.434375 0.0984375 0.0484375
3 0.29375 0.31953125 0.05625 0.075
3 0.47421875 0.2625 0.08828125 0.06796875
3 0.4890625 0.1453125 0.05625 0.05078125
0 0.94765625 0.646875 0.1046875 0.11015625