4 1 0.2731481484375 0.9768518515625001 0.25555555625 0.94351851875 0.1666666671875 0.9333333328125001 0.1490740734375 0.91851851875 0.13703703750000001 0.797222221875 0.10370370312499999 0.7259259265625 0.048148148437499996 0.68148148125 0.0296296296875 0.6351851859375001 0.0203703703125 0.515740740625 0.0083333328125 0.48518518593750004 0.0120370375 0.397222221875 0.009259259374999999 0.25740740781250004 0.0268518515625 0.22870370312500002 0.0333333328125 0.1703703703125 0.060185185937499996 0.10555555624999999 0.10185185156250001 0.059259259375 0.12222222187500001 0 0.1666666671875 0 0.7638888890625 0.025 0.8009259265625 0.08148148125 0.8398148140625 0.225 0.9037037031249999 0.3148148140625 0.934259259375 0.3879629625 0.9638888890624999 0.4990740734375 1 0.775 1 0.8861111109375001 0.9370370375 0.9231481484374999 0.9064814812499999 0.9509259265625 0.8888888890625 0.9740740734375001 0.865740740625 1 0.847222221875 1 0.2731481484375
1 0.29296875 0.76875 0.109375 0.12578125
1 0.54140625 0.896875 0.1296875 0.071875
1 0.2609375 0.640625 0.12421875 0.109375
1 0.1796875 0.4796875 0.1328125 0.05625
1 0.13203125 0.22421875 0.12578125 0.1046875
1 0.29921875 0.1953125 0.08203125 0.06171875
1 0.3671875 0.37890625 0.084375 0.1
1 0.65625 0.459375 0.11953125 0.09765625
1 0.79375 0.5765625 0.07265625 0.11796875
1 0.95546875 0.49765625 0.06796875 0.1203125
1 0.90078125 0.37734375 0.0875 0.08046875
1 0.73828125 0.22734375 0.1125 0.0984375
1 0.7703125 0.1421875 0.103125 0.07265625
1 0.58203125 0.21484375 0.0546875 0.0640625
1 0.4859375 0.23828125 0.103125 0.1078125
1 0.49296875 0.33984375 0.1125 0.11015625
1 0.59140625 0.58046875 0.0625 0.06484375
1 0.603125 0.72265625 0.06875 0.15703125
1 0.33046875 0.47578125 0.0484375 0.07734375