4 1 0.300324334375 0.998654971875 0.29839156875 0.9682458890625 0.26781364218750003 0.9420097406249999 0.2529435765625 0.8853279703125001 0.20216139531250002 0.7897596921875001 0.1549619796875 0.6682695234375 0.053987025 0.64149988125 0.046017303125 0.6323062640625 0.060407396875 0.61024305 0.061245190625 0.486231571875 0.0161087046875 0.42980557812500003 0.0026658421875 0.40492873749999997 0.0166685953125 0.3701055453125 0.01995665625 0.3072995640625 0.0077389265625 0.2476360703125 0.0303639328125 0.21915632812500002 0.0270926734375 0.1865401921875 0.013447740625 0.151329665625 0.044972896875 0.131619665625 0.05021445 0 0.41183651093750007 0 0.7482189906250001 0.025666440625 0.7760849984375 0.1377437546875 0.859444915625 0.232208503125 0.915110828125 0.260870946875 0.945053028125 0.2940571171875 0.9571318062499999 0.311837778125 0.9245835859374999 0.372919053125 0.8545866125 0.3986801828125 0.80011223125 0.4392037109375 0.781162625 0.5037782671875 0.7124371015625 0.5192787937500001 0.6861534984375 0.5591226687499999 0.6527674828125 0.5725622984375 0.6647536265625 0.5516172171875 0.7440380921874999 0.57568285 0.7811753390625 0.5931857953125 0.7928667796875 0.656028315625 0.8104186984374999 0.7676306109375 0.8244341671875001 0.8512866609374999 0.828278034375 0.9162631546875 0.8182285828125 1 0.5881634906250001 1 0.300324334375
0 0.52890625 0.584375 0.1046875 0.103125
0 0.4453125 0.65703125 0.084375 0.0578125
0 0.0875 0.446875 0.1125 0.096875
0 0.7453125 0.61015625 0.090625 0.0828125
0 0.690625 0.359375 0.1046875 0.0921875
0 0.54375 0.44921875 0.10625 0.078125
0 0.78359375 0.3546875 0.090625 0.0734375
0 0.6734375 0.265625 0.134375 0.115625
0 0.59140625 0.1796875 0.0640625 0.059375
0 0.93671875 0.603125 0.1234375 0.0984375