4 1 0.18329053281250002 0.9660195640625 0.1538869890625 0.9212570078125 0.1303367734375 0.8595065984374999 0.084250353125 0.803188453125 0.0533947828125 0.7750067953124999 0.0449268203125 0.6367597609375 0.017624095312499997 0.5488173015625 0.014259120312500002 0.5185945359375 0.0084329890625 0.398601390625 0.0121086828125 0.3517719765625 0.0181159203125 0.30614400937499997 0.033489040625 0.231146028125 0.0839358875 0.10781998749999999 0.1087268203125 0.0922016 0.11970110625 0.080814028125 0.13654036249999998 0.04136131875 0.22288750624999998 0.017042359375 0.2388225109375 0 0.48253960625000003 0 0.83048581875 0.0015679625 0.8317800796875 0.0230449890625 0.8564865734374999 0.0495279046875 0.8759739906249999 0.0843432734375 0.9090386875 0.19079165 0.9795989953124999 0.46604543437499996 0.9988466140625001 0.5794048671875001 0.9705741874999999 0.6544416890625 0.946119290625 0.7461691671875 0.92190333125 0.8937947453125 0.8681814187500001 0.9528513921874999 0.8333272109375001 0.9803740671875 0.79812430625 1 0.5174603875 1 0.18329053281250002
1 0.6875 0.7828125 0.1171875 0.1328125
1 0.43125 0.89296875 0.134375 0.08125
1 0.72890625 0.65703125 0.13125 0.1171875
1 0.82109375 0.50234375 0.1359375 0.065625
1 0.8859375 0.25078125 0.1328125 0.1125
1 0.721875 0.21015625 0.0859375 0.0671875
1 0.640625 0.38828125 0.090625 0.10625
1 0.346875 0.4484375 0.1265625 0.10625
1 0.2015625 0.55625 0.08125 0.1234375
1 0.04609375 0.465625 0.0765625 0.125
1 0.10859375 0.35 0.0921875 0.0859375
1 0.28125 0.21171875 0.11875 0.10625
1 0.25546875 0.12421875 0.1078125 0.0796875
1 0.43828125 0.21015625 0.059375 0.0671875
1 0.53203125 0.23984375 0.1109375 0.1140625
1 0.51796875 0.340625 0.1203125 0.1171875
1 0.403125 0.57421875 0.0671875 0.06875
1 0.38125 0.71484375 0.0796875 0.1609375
1 0.67109375 0.4875 0.053125 0.08125