4 0.4359809125 0 0.41145917968749995 0.006491874999999999 0.3309419140625 0.042018892187500004 0.3012238640625 0.0500311890625 0.19498605625 0.10593641250000001 0.155529459375 0.13186434687499998 0.1212584453125 0.1656836 0.07596514843749999 0.2439018765625 0 0.3019104 0 0.5971901546875 0.1627457421875 1 0.5971901546875 1 0.6881618015625001 0.96324506875 0.77765476875 0.8881404749999999 0.8343770968750001 0.8332665828125 0.9062056296875 0.7712907421875 1 0.674174759375 1 0.40280984531249997 0.8387230625000001 0.00363541875 0.8250312093750001 0 0.4359809125 0
1 0.79296875 0.671875 0.1484375 0.1578125
1 0.61015625 0.88359375 0.146875 0.115625
1 0.77421875 0.540625 0.15625 0.1484375
1 0.7890625 0.3609375 0.14375 0.1015625
1 0.7375 0.10625 0.15625 0.14375
1 0.571875 0.1421875 0.0984375 0.0875
1 0.578125 0.33828125 0.115625 0.125
1 0.33984375 0.52109375 0.146875 0.1359375
1 0.25625 0.68125 0.1109375 0.1359375
1 0.0765625 0.66875 0.1078125 0.1375
1 0.0828125 0.53671875 0.1109375 0.1078125
1 0.1765625 0.33671875 0.140625 0.1328125
1 0.115625 0.26953125 0.1234375 0.10625
1 0.3171875 0.26640625 0.075 0.0796875
1 0.41484375 0.25234375 0.1359375 0.1390625
1 0.446875 0.34921875 0.1453125 0.14375
1 0.4453125 0.60859375 0.0828125 0.0828125
1 0.4875 0.7453125 0.121875 0.171875
1 0.6484375 0.4140625 0.0734375 0.090625