4 1 0.43417375312499995 0.9040231046875 0.0759831 0.8525976578125001 0.07078244375000001 0.79283639375 0.0488353 0.750387953125 0.0412292625 0.720367440625 0.044096853125 0.6448089890625 0.035009853125000004 0.5394515671875 0.05116206875 0.3820157921875 0.0381321265625 0.3555161390625 0.0469581484375 0.3562389890625 0.06401906406249999 0.3386464 0.0773602859375 0.21117291875 0.1115167015625 0.1572409421875 0.1328695734375 0.1448946765625 0.158608728125 0.1182551421875 0.1812759125 0.059799692187499996 0.2072917640625 0.0239033890625 0.26004665781249997 0 0.2729968328125 0 0.56582625 0.10201600625 0.94655516875 0.16350273125 0.97494181875 0.26980454374999996 0.99822214375 0.3318685 1 0.43771765937499996 1 0.5187358375 0.9936377750000001 0.5507180468749999 1 0.56582625 1 0.5935014984375 0.9925844390625 0.589397671875 0.9557239296875 0.5992839078125 0.8633509859374999 0.58914096875 0.8039522078125 0.611466853125 0.7651862578124999 0.624943890625 0.6718511609375 0.6225655234375 0.64143015625 0.636054284375 0.5912284265625 0.653938353125 0.5933382453125 0.6822568484375 0.6702978828124999 0.7232713109375 0.6869154546875 0.74431481875 0.6864532453125001 0.8058597640625 0.6647859453125 0.90531795625 0.6122542984375 0.97604973125 0.567419871875 1 0.5444589125 1 0.43417375312499995
0 0.57265625 0.55234375 0.1 0.0984375
0 0.5453125 0.66015625 0.0828125 0.053125
0 0.13203125 0.69296875 0.1078125 0.0921875
0 0.7640625 0.44921875 0.0859375 0.078125
0 0.57578125 0.275 0.1015625 0.0859375
0 0.50703125 0.43359375 0.1046875 0.0703125
0 0.64921875 0.21796875 0.0875 0.06875
0 0.5078125 0.20859375 0.1296875 0.1078125
0 0.39140625 0.18515625 0.0625 0.05625
0 0.91640625 0.334375 0.1203125 0.0921875