4 1 0.2033333328125 0.983271375 0.1916666671875 0.9609665421875 0.15 0.9256505578124999 0.1516666671875 0.8977695171875 0.145 0.8494423796874999 0.10333333281249998 0.786245353125 0.0933333328125 0.754646840625 0.0783333328125 0.7360594796875 0.0566666671875 0.6784386609374999 0.05 0.5464684015625 0.05 0.5260223046875 0.0416666671875 0.5223048328125001 0.025 0.4944237921875 0.0233333328125 0.3457249078125 0.07666666718750001 0.23977695156249998 0.0883333328125 0.16914498125 0.1166666671875 0.1394052046875 0.12166666718750001 0.10037174687499999 0.13999999999999999 0.0483271375 0.1766666671875 0 0.195 0 0.6566666671875 0.05762081718749999 0.6883333328125001 0.13754646875 0.7133333328125 0.24721189531249999 0.7383333328125 0.3122676578125 0.7433333328125 0.3327137546875 0.7383333328125 0.36802973906249997 0.7116666671874999 0.37546468437499997 0.63 0.3921933078125 0.6233333328125 0.41821561406249996 0.6683333328125001 0.423791821875 0.6983333328125 0.46096654218750005 0.7849999999999999 0.49256505625 0.8166666671874999 0.4981412640625 0.8766666671875001 0.5315985125 0.9633333328125 0.537174721875 1 0.57249070625 1 0.609665428125 0.9816666671875 0.71747211875 0.9616666671875 0.851301115625 0.9216666671875 0.947955390625 0.8716666671875 1 0.8283333328125 1 0.2033333328125
0 0.44375 0.56953125 0.08203125 0.08046875
0 0.49765625 0.66640625 0.0765625 0.034375
0 0.90546875 0.59140625 0.09375 0.06953125
0 0.23203125 0.51953125 0.0734375 0.0609375
0 0.36875 0.30234375 0.0875 0.065625
0 0.47578125 0.4375 0.0953125 0.04765625
0 0.2828125 0.26640625 0.07734375 0.05078125
0 0.4171875 0.2203125 0.1125 0.08203125
0 0.5234375 0.16796875 0.05234375 0.04375
0 0.0546875 0.44765625 0.10703125 0.06640625