4 0.1853794 0.8577893140624999 0.22509133750000002 0.8819796109375 0.2540092703125 0.8880231296875 0.28008015625 0.881019778125 0.291403096875 0.891954215625 0.2993043484375 0.8944356125 0.35234070625 0.8941646859375 0.356314184375 0.8967146421875001 0.357829121875 0.90847510625 0.3683717421875 0.9122200546875 0.39894504375 0.9005543156250001 0.462478315625 0.901409821875 0.484046784375 0.899068859375 0.498334353125 0.8922711859374999 0.5297336796875001 0.890413453125 0.5680482609374999 0.8720643078125001 0.58745859375 0.858628934375 0.640844375 0.8033463375000001 0.6557556046874999 0.757248084375 0.6982755093749999 0.717216203125 0.7019976015625 0.705364325 0.70381625625 0.6594946046875 0.7140193921875 0.606275421875 0.6939953390625 0.547035571875 0.6752315234374999 0.5224796234375 0.6634286640625 0.48405077656250006 0.657388459375 0.47564344375 0.6539210640625 0.4645718859375 0.6569313953125 0.4494582921875 0.6425328765625 0.412384409375 0.633093834375 0.39683328906250004 0.59905645 0.36010220625 0.5371361546875 0.301593659375 0.4954260515625 0.2754737546875 0.4555998484375 0.2447371671875 0.44505722968750006 0.24099222031249998 0.41106223750000004 0.24420491875 0.3808121953125 0.2368749953125 0.342775165625 0.2336099640625 0.3331271328125 0.24360079531249998 0.3320464078125 0.256716225 0.2965103140625 0.2841844671875 0.28461273125000003 0.2778438578125 0.219793053125 0.27832046093749996 0.1810214109375 0.27048445625 0.145968546875 0.288121840625 0.07889269374999999 0.3469175375 0.050866034375 0.39193506562499997 0.0238253765625 0.45592540000000004 0.0229503296875 0.480824146875 0.01015153125 0.5353982937499999 0.007392584375 0.564913721875 0.011702234374999999 0.6617530765625 0.0192573765625 0.6819208765625 0.0230218625 0.71001278125 0.056758842187500005 0.767048784375 0.0987203296875 0.807570521875 0.1475513640625 0.8289823328124999 0.1853794 0.8577893140624999
3 0.39296875 0.684375 0.184375 0.184375
3 0.209375 0.66953125 0.14375 0.146875
3 0.2921875 0.7859375 0.159375 0.1609375
3 0.15078125 0.45078125 0.1421875 0.140625
3 0.35859375 0.48125 0.1375 0.1359375
3 0.45703125 0.35 0.1125 0.1125
3 0.596875 0.6046875 0.15 0.146875
3 0.5296875 0.71328125 0.1625 0.1625
3 0.159375 0.59140625 0.125 0.1265625
3 0.0515625 0.53359375 0.0796875 0.0796875
3 0.30625 0.59375 0.1171875 0.1171875
3 0.175 0.38828125 0.1828125 0.18125
3 0.30078125 0.37734375 0.1 0.1
3 0.384375 0.34296875 0.071875 0.0703125
3 0.5453125 0.36875 0.11875 0.11875
3 0.48046875 0.40703125 0.071875 0.071875
3 0.53046875 0.46484375 0.153125 0.1515625
3 0.478125 0.5453125 0.1125 0.1125
0 0.415625 0.571875 0.0796875 0.0796875
0 0.16015625 0.34375 0.084375 0.084375
0 0.1015625 0.484375 0.096875 0.096875
0 0.2859375 0.815625 0.078125 0.078125
0 0.44296875 0.7890625 0.0875 0.0875
0 0.64921875 0.56171875 0.071875 0.071875
0 0.590625 0.478125 0.053125 0.053125
0 0.35390625 0.68671875 0.0953125 0.0953125
0 0.2625 0.49453125 0.075 0.075
0 0.23359375 0.440625 0.0765625 0.075
0 0.32421875 0.32265625 0.0703125 0.0703125