4 0.6333333328124999 1 0.6972222218749999 0.9824074078124999 0.7194444437499999 0.9648148140625 0.7388888890625 0.95555555625 0.809259259375 0.8888888890625 0.827777778125 0.865740740625 0.85648148125 0.8175925921875 0.8731481484374999 0.7990740734374999 0.8981481484374999 0.734259259375 0.909259259375 0.6824074078125 0.9018518515625 0.5935185187500001 0.8888888890625 0.55648148125 0.85555555625 0.5351851859375001 0.809259259375 0.48981481406249994 0.796296296875 0.4861111109375 0.7898148140625 0.44166666718750003 0.7981481484375 0.43148148124999997 0.7981481484375 0.4175925921875 0.76851851875 0.39351851875 0.7416666671875001 0.377777778125 0.7194444437499999 0.3518518515625 0.709259259375 0.34722222187499996 0.659259259375 0.3416666671875 0.6111111109375 0.33148148125 0.5259259265625 0.33055555625 0.47592592656250005 0.3333333328125 0.4583333328125 0.3379629625 0.42222222187499997 0.3546296296875 0.4138888890625 0.36759259218749996 0.403703703125 0.3731481484375 0.39351851875 0.375 0.3583333328125 0.39444444375 0.32777777812500003 0.3990740734375 0.272222221875 0.427777778125 0.24259259218749998 0.4731481484375 0.21203703749999997 0.5074074078125 0.20648148125 0.51851851875 0.209259259375 0.5768518515625 0.1879629625 0.6203703703125 0.1879629625 0.6972222218749999 0.1925925921875 0.7203703703125 0.20740740781250003 0.7601851859375001 0.22870370312500002 0.7833333328125 0.234259259375 0.7981481484375 0.24814814843750002 0.8148148140625 0.29444444375 0.8583333328125 0.3083333328125 0.8879629625 0.31851851875000003 0.8925925921875001 0.32777777812500003 0.8851851859375 0.3324074078125 0.8861111109375001 0.3703703703125 0.9231481484374999 0.377777778125 0.9268518515625 0.39351851875 0.9268518515625 0.4074074078125 0.95 0.43240740781250003 0.965740740625 0.477777778125 0.9759259265625 0.525 0.98148148125 0.575 1 0.6333333328124999 1
3 0.44921875 0.70703125 0.13046875 0.1296875
3 0.59140625 0.82421875 0.05078125 0.1546875
3 0.45078125 0.85 0.07578125 0.1515625
3 0.78515625 0.70703125 0.15859375 0.04140625
3 0.61484375 0.58515625 0.1453125 0.0484375
3 0.63515625 0.421875 0.065625 0.09296875
3 0.3578125 0.5078125 0.15546875 0.0546875
3 0.33046875 0.6328125 0.1140625 0.11484375
3 0.68125 0.80234375 0.07734375 0.10078125
3 0.79921875 0.83515625 0.05078125 0.0625
3 0.57421875 0.70234375 0.08359375 0.08125
3 0.8109375 0.6453125 0.16328125 0.09453125
3 0.728125 0.55 0.08046875 0.0609375
3 0.6921875 0.4671875 0.0578125 0.04296875
3 0.55859375 0.37421875 0.07578125 0.09296875
3 0.57890625 0.446875 0.053125 0.0484375
3 0.50234375 0.45390625 0.140625 0.07578125
3 0.484375 0.54765625 0.08125 0.07734375
0 0.5109375 0.61015625 0.06796875 0.0453125
0 0.853125 0.6234375 0.0609375 0.0578125
0 0.79765625 0.765625 0.06484375 0.07265625
0 0.43515625 0.87578125 0.04765625 0.0625
0 0.340625 0.74765625 0.06171875 0.0625
0 0.35 0.440625 0.0546875 0.04609375
0 0.45 0.42109375 0.03203125 0.04296875
0 0.47578125 0.7359375 0.06875 0.065625
0 0.675 0.6609375 0.0578125 0.0484375
0 0.7328125 0.6421875 0.06171875 0.0453125
0 0.74921875 0.49453125 0.04609375 0.053125