4 0.43212797812500003 1 0.486933378125 0.9966941921875 0.5159987296875 0.9908651562499999 0.568936075 0.9724319203125 0.59360695625 0.9689590390625 0.6544202265625 0.9353776999999999 0.696261559375 0.9027989625 0.7477238328125 0.8299447328125 0.7616005765625 0.793240284375 0.74975475625 0.755500121875 0.7434532484374999 0.690985715625 0.7359037374999999 0.6798160828124999 0.7595069718749999 0.641603446875 0.7724375875 0.6391577046875 0.78136519375 0.6285181984375 0.7741420953125 0.5910308296875 0.7636903375 0.5617126859375 0.763331990625 0.527568103125 0.75850555625 0.5174746906250001 0.723774375 0.48107950937500005 0.6934376656250001 0.44232817031250005 0.6287772015625 0.3868628890625 0.5886894578125 0.35685140937500004 0.57223688125 0.3490896109375 0.5338610375 0.33864524375 0.5191449031250001 0.3432188859375 0.5077715546875 0.340927778125 0.4987789046875 0.3357994671875 0.459326840625 0.328078175 0.432944059375 0.31198394375 0.3719356484375 0.298261834375 0.3200745234375 0.31397199531250003 0.27464618281250003 0.3205753796875 0.2632482953125 0.325515940625 0.22788025312500002 0.37198738750000004 0.183593178125 0.3916355125 0.1341937609375 0.45050744531250003 0.1228609203125 0.471215825 0.10861725625 0.5112385234375 0.1100518234375 0.5426600265625 0.104784846875 0.5575798765625 0.10471122656250001 0.5792748890625 0.11220308125 0.64237069375 0.1037970296875 0.6739959125 0.108623465625 0.6840893265625 0.120477859375 0.6843666609375 0.12342918750000001 0.6880518296875 0.12870355625000002 0.7408259671875 0.1319972640625 0.748424559375 0.144055371875 0.7585425125 0.139815534375 0.785202628125 0.14884869218750002 0.813330425 0.1770575015625 0.8502962421875001 0.20966078124999998 0.8849059031250001 0.23605952812500003 0.9312312921875 0.280745453125 0.9687272359374999 0.34099548281250003 0.9963175140624999 0.36932699375 0.997124975 0.3804146203125 1 0.43212797812500003 1
3 0.328125 0.62578125 0.1828125 0.1828125
3 0.36171875 0.80703125 0.1390625 0.1515625
3 0.2375 0.73671875 0.15625 0.1640625
3 0.58515625 0.8421875 0.1484375 0.134375
3 0.53359375 0.6390625 0.1421875 0.13125
3 0.65390625 0.52734375 0.109375 0.1140625
3 0.3859375 0.41484375 0.1546875 0.1421875
3 0.284375 0.49296875 0.1609375 0.1609375
3 0.44453125 0.8484375 0.1234375 0.1265625
3 0.5140625 0.94921875 0.0796875 0.08125
3 0.4265625 0.70234375 0.115625 0.115625
3 0.64453125 0.8109375 0.1859375 0.178125
3 0.64296875 0.68515625 0.1015625 0.0984375
3 0.66796875 0.5984375 0.071875 0.0703125
3 0.62578125 0.44140625 0.1171875 0.1203125
3 0.59453125 0.51015625 0.071875 0.071875
3 0.53125 0.46640625 0.15625 0.1484375
3 0.45703125 0.5265625 0.1125 0.1109375
0 0.4375 0.59140625 0.08125 0.078125
0 0.69140625 0.821875 0.084375 0.0828125
0 0.55703125 0.89453125 0.096875 0.096875
0 0.20859375 0.74609375 0.0765625 0.078125
0 0.21875 0.5875 0.0875 0.0875
0 0.4234375 0.3578125 0.071875 0.0703125
0 0.5125 0.40703125 0.0515625 0.053125
0 0.3296875 0.66484375 0.0953125 0.09375
0 0.53046875 0.7359375 0.075 0.075
0 0.58671875 0.75859375 0.0765625 0.075
0 0.69453125 0.65625 0.06875 0.0703125