4 1 0.15605493125 0.9480037140625001 0.14357053749999998 0.8765088203125 0.1086142328125 0.8505106781249999 0.102372034375 0.7799442890625 0.056179775 0.7455896 0.054931335937500006 0.7316620234375 0.069912609375 0.713091921875 0.0811485640625 0.71030640625 0.0886392015625 0.70566388125 0.0886392015625 0.692664809375 0.0686641703125 0.6889507890625 0.054931335937500006 0.6815227484374999 0.049937578125 0.6601671312499999 0.046192259375 0.53760445625 0.0474406984375 0.4661095640625 0.0411985015625 0.4373259046875 0.0287141078125 0.42154131875 0.027465667187499997 0.388115134375 0.036204743750000004 0.3621169921875 0.0574282140625 0.3342618390625 0.09612983750000001 0.3212627671875 0.102372034375 0.26926648124999997 0.0986267171875 0.2497678734375 0.082397003125 0.2200557109375 0.0711610484375 0.1272052 0.0749063671875 0 0.0986267171875 0 1 1 1 1 0.15605493125
2 0.25625 0.55234375 0.15625 0.09375
2 0.40390625 0.49609375 0.15390625 0.1296875
2 0.41875 0.371875 0.1140625 0.1046875
2 0.3046875 0.26953125 0.12890625 0.08671875
2 0.64140625 0.63125 0.16796875 0.1296875
2 0.5515625 0.75703125 0.175 0.1671875
2 0.81875 0.69140625 0.13984375 0.1515625
2 0.896875 0.5875 0.14765625 0.1625
2 0.7078125 0.346875 0.1078125 0.075
2 0.87109375 0.340625 0.1140625 0.08828125
2 0.88828125 0.2609375 0.08125 0.08359375
2 0.63828125 0.24375 0.0453125 0.08125
2 0.83125 0.1859375 0.10234375 0.07421875
2 0.7640625 0.1984375 0.07890625 0.08359375
2 0.696875 0.2171875 0.0765625 0.065625
2 0.6203125 0.18125 0.07734375 0.0578125
2 0.5421875 0.15546875 0.08203125 0.0640625
2 0.50546875 0.19375 0.0875 0.06171875
2 0.4296875 0.140625 0.075 0.08515625
2 0.2984375 0.140625 0.1015625 0.07421875
2 0.18203125 0.1875 0.10625 0.065625
2 0.1515625 0.246875 0.1046875 0.075
2 0.19453125 0.2921875 0.084375 0.06171875
2 0.04921875 0.3515625 0.09765625 0.12265625
2 0.55703125 0.45 0.08984375 0.13515625
2 0.69453125 0.5171875 0.065625 0.09921875
2 0.76015625 0.46171875 0.08984375 0.09765625
2 0.83828125 0.428125 0.09375 0.090625