4 0.25613370625 0 0 0.32783619375 0 0.74386629375 0.32783619375 1 0.74386629375 1 1 0.67216380625 1 0.3407132171875 0.9938421249999999 0.3226158046875 0.9675388765624999 0.3004811625 0.947340403125 0.30371189374999996 0.92578941875 0.30113305156250003 0.9189827062499999 0.3053208203125 0.9153243468750001 0.3024625953125 0.9173787953125 0.278719028125 0.9229068843749999 0.265610828125 0.920127971875 0.257102534375 0.905605365625 0.24100335312499999 0.8082560437499999 0.16653001875 0.7557603796875 0.11759444999999999 0.74076470625 0.0900356234375 0.7290949 0.0793338765625 0.69737439375 0.06564114843749999 0.66382110625 0.0663594171875 0.618043846875 0.07970736875 0.6039573578125 0.076623259375 0.5652895734375 0.0416597984375 0.5599164703125 0.0168660671875 0.5496676328125 0 0.25613370625 0
2 0.27578125 0.39140625 0.18125 0.1703125
2 0.4265625 0.4375 0.2015625 0.196875
2 0.51484375 0.34921875 0.1546875 0.153125
2 0.48828125 0.1984375 0.1546875 0.1484375
2 0.53046875 0.690625 0.2125 0.20625
2 0.38203125 0.734375 0.240625 0.2390625
2 0.63359375 0.846875 0.203125 0.20625
2 0.75859375 0.81328125 0.215625 0.21875
2 0.7578125 0.50703125 0.13125 0.125
2 0.890625 0.603125 0.14375 0.1390625
2 0.94765625 0.55 0.1046875 0.115625
2 0.76640625 0.38359375 0.0859375 0.0921875
2 0.9453125 0.45625 0.109375 0.121875
2 0.89375 0.425 0.1140625 0.1140625
2 0.82890625 0.3984375 0.1 0.0984375
2 0.79140625 0.32265625 0.096875 0.09375
2 0.7453125 0.2546875 0.1046875 0.1015625
2 0.69296875 0.26171875 0.10625 0.103125
2 0.665625 0.1734375 0.1109375 0.1125
2 0.5625 0.09296875 0.125 0.1203125
2 0.44140625 0.0578125 0.1234375 0.115625
2 0.38125 0.0859375 0.128125 0.1234375
2 0.3875 0.1484375 0.1046875 0.1
2 0.2359375 0.10546875 0.153125 0.15625
2 0.57578125 0.49609375 0.1546875 0.1625
2 0.64296875 0.63359375 0.1125 0.11875
2 0.72890625 0.6296875 0.13125 0.1328125
2 0.8109375 0.6515625 0.1296875 0.1296875