4 1 0.451855478125 0.9251857781249999 0.0669696734375 0.8717626765625001 0.06463601249999999 0.7949113671875 0.043963821874999996 0.7681998171875 0.0427969890625 0.6901160328125 0.010918114062500001 0.6561543234375 0.0162477953125 0.645341196875 0.033611328125 0.6292562015625001 0.0481841890625 0.6279511453125 0.056068704687500005 0.623393915625 0.0569545390625 0.6068222578125 0.0398268453125 0.6005561265625 0.027054990625000004 0.5923117062500001 0.02357031875 0.5706338109375 0.02396865625 0.4505611703125 0.04858021875 0.3791887734375 0.056094578125 0.3485518171875 0.0493317375 0.332819025 0.0511180765625 0.3016744671875 0.06607460781249999 0.2802036140625 0.09186882187499999 0.26024485625 0.1351744015625 0.24867568125 0.1437822515625 0.1969200734375 0.15002710625 0.174682934375 0.13781608750000002 0.14337274687499998 0.132455915625 0.052942801562499996 0.1538491359375 0 0.174770928125 0 0.548144525 0.0878318078125 1 0.5481445218750001 1 1 0.9121681921875 1 0.451855478125
2 0.27109375 0.59765625 0.171875 0.121875
2 0.4046875 0.51484375 0.1765625 0.15625
2 0.39609375 0.38984375 0.13125 0.125
2 0.2640625 0.3109375 0.14375 0.109375
2 0.6640625 0.6015625 0.1890625 0.159375
2 0.6 0.7421875 0.203125 0.196875
2 0.84921875 0.62734375 0.165625 0.175
2 0.90625 0.51015625 0.1765625 0.1875
2 0.675 0.31015625 0.1203125 0.09375
2 0.83359375 0.27265625 0.128125 0.1078125
2 0.83515625 0.19140625 0.0953125 0.096875
2 0.58671875 0.221875 0.059375 0.0890625
2 0.765625 0.128125 0.1140625 0.0921875
2 0.7015625 0.15390625 0.09375 0.096875
2 0.6390625 0.18515625 0.0875 0.0796875
2 0.55703125 0.1640625 0.0875 0.071875
2 0.47578125 0.15390625 0.0921875 0.078125
2 0.446875 0.1984375 0.0984375 0.0765625
2 0.3625 0.1609375 0.090625 0.0984375
2 0.23359375 0.1859375 0.1140625 0.0921875
2 0.128125 0.25390625 0.1171875 0.084375
2 0.109375 0.31796875 0.1171875 0.09375
2 0.16015625 0.35390625 0.0953125 0.0765625
2 0.04375 0.43984375 0.0875 0.1390625
2 0.54609375 0.43984375 0.1140625 0.15
2 0.69453125 0.4796875 0.0828125 0.109375
2 0.7484375 0.4125 0.10625 0.1125
2 0.81796875 0.36484375 0.109375 0.10625