4 0.1692498015625 0 0.14923078750000002 0.010470342187499999 0.09535750781249999 0.0197167171875 0.0747801640625 0.031396409375 0.0201750140625 0.0295172046875 0.00809133125 0.032084484375 0 0.49563653125 0 0.99134863125 0.4956365984375 1 0.9913486328125 1 1 0.5043634515625001 1 0.06845291875000001 0.9956129484374999 0.06599094531250001 0.982765078125 0.059284215625000004 0.9504272453124999 0.0550154875 0.9108285703125001 0.0422854203125 0.8821453968749999 0.0408586859375 0.8709390203125 0.046219479687499995 0.8533652671875 0.0449866625 0.8239179062499999 0.0342859203125 0.8038091921875001 0.01911785 0.7649747062500001 0.015661790624999998 0.727211440625 0.0038898265624999996 0.5043634421875 0 0.1692498015625 0
0 0.5734375 0.25078125 0.0890625 0.109375
0 0.83671875 0.34375 0.1125 0.1125
0 0.70703125 0.12734375 0.05625 0.053125
0 0.33984375 0.2671875 0.090625 0.0796875
0 0.21953125 0.4015625 0.1078125 0.0953125
0 0.06171875 0.56171875 0.1234375 0.1453125
0 0.2828125 0.52265625 0.0703125 0.096875
0 0.30625 0.07421875 0.0640625 0.053125
0 0.27109375 0.04296875 0.05625 0.034375
0 0.20078125 0.0546875 0.040625 0.0515625
0 0.63515625 0.0984375 0.075 0.04375
0 0.753125 0.09140625 0.0484375 0.0515625
0 0.753125 0.1671875 0.0671875 0.040625
0 0.15546875 0.196875 0.065625 0.0390625
0 0.30390625 0.16484375 0.0625 0.05
0 0.071875 0.0734375 0.05625 0.0484375
3 0.43203125 0.346875 0.1078125 0.134375
3 0.09609375 0.30703125 0.153125 0.0890625
3 0.50859375 0.0390625 0.075 0.071875
3 0.52578125 0.109375 0.06875 0.0734375
3 0.96015625 0.2234375 0.0734375 0.0703125
3 0.14921875 0.0609375 0.034375 0.059375
3 0.21171875 0.26875 0.04375 0.0484375
3 0.3609375 0.43671875 0.0625 0.0796875
1 0.1625 0.74609375 0.1484375 0.2171875
1 0.78125 0.21484375 0.215625 0.0625
1 0.5640625 0.36015625 0.1125 0.090625