4 0.48253961875 0 0.24713554375000002 0.01646105625 0.2100401296875 0.030193264062500003 0.171439740625 0.035677026562500005 0.1521524203125 0.0518767171875 0.12330545 0.0641039515625 0.1058203015625 0.06625481875 0.0943487203125 0.061487868749999994 0.0657795265625 0.06441380937499999 0.026901359375 0.0791988640625 0 0.0841943546875 0 0.5174603875 0.033742456250000004 1 0.517460375 1 1 0.9662575421874999 1 0.48253961093750003 0.96674571875 0.006981235937499999 0.954544234375 0.0050498859375 0.90011226875 0.0097843265625 0.8805557140625 0 0.48253961875 0
0 0.4140625 0.2546875 0.09375 0.1140625
0 0.15625 0.36171875 0.1171875 0.11875
0 0.2734375 0.13828125 0.0578125 0.0546875
0 0.64765625 0.259375 0.0953125 0.084375
0 0.775 0.38671875 0.1125 0.1015625
0 0.93828125 0.53828125 0.1234375 0.1515625
0 0.71796875 0.51171875 0.075 0.1
0 0.67109375 0.0640625 0.065625 0.05625
0 0.7046875 0.03125 0.0578125 0.0375
0 0.77578125 0.03984375 0.04375 0.053125
0 0.34375 0.10625 0.078125 0.046875
0 0.22578125 0.1046875 0.0515625 0.0546875
0 0.2296875 0.18046875 0.0703125 0.04375
0 0.828125 0.1796875 0.0671875 0.0421875
0 0.678125 0.1546875 0.065625 0.053125
0 0.9046875 0.0515625 0.059375 0.0515625
3 0.559375 0.34375 0.115625 0.140625
3 0.89296875 0.2859375 0.1578125 0.096875
3 0.4671875 0.040625 0.0796875 0.075
3 0.45390625 0.11171875 0.071875 0.0765625
3 0.03203125 0.24765625 0.0640625 0.0734375
3 0.82734375 0.04296875 0.0375 0.0609375
3 0.77578125 0.25390625 0.046875 0.0515625
3 0.63515625 0.4296875 0.0671875 0.0828125
1 0.84921875 0.72734375 0.159375 0.225
1 0.20390625 0.23046875 0.21875 0.0734375
1 0.42890625 0.3640625 0.1171875 0.0953125