4 0.28148148125 0 0.24351851875000002 0.0111111109375 0.2046296296875 0.013888889062500001 0.184259259375 0.028703703125 0.1546296296875 0.0388888890625 0.13703703750000001 0.039814814062499995 0.12592592656249998 0.034259259375000004 0.097222221875 0.0351851859375 0.0574074078125 0.047222221875 0.025 0.0509259265625 0.0120370375 0.0574074078125 0 0.0638888890625 0 0.99351851875 0.0175925921875 1 1 1 1 0.040740740625 0.9879629624999999 0.0379629625 0.9333333328125001 0.0388888890625 0.9129629625 0.0268518515625 0.859259259375 0.0166666671875 0.828703703125 0 0.28148148125 0
0 0.43125 0.24921875 0.08671875 0.1078125
0 0.16640625 0.33828125 0.11015625 0.1109375
0 0.29921875 0.1234375 0.0546875 0.0515625
0 0.6640625 0.2703125 0.08984375 0.078125
0 0.78203125 0.40625 0.10625 0.09375
0 0.9375 0.56953125 0.1203125 0.14296875
0 0.71640625 0.5265625 0.06796875 0.0953125
0 0.70078125 0.07734375 0.0625 0.05234375
0 0.73671875 0.046875 0.05546875 0.03359375
0 0.80703125 0.06015625 0.03984375 0.05078125
0 0.371875 0.09609375 0.075 0.0421875
0 0.25390625 0.08671875 0.04765625 0.05078125
0 0.25234375 0.1625 0.0671875 0.0390625
0 0.85 0.203125 0.06484375 0.03828125
0 0.7015625 0.16796875 0.06171875 0.0484375
0 0.93515625 0.08125 0.05546875 0.04765625
3 0.5703125 0.3484375 0.10625 0.1328125
3 0.90703125 0.3140625 0.1515625 0.08671875
3 0.49921875 0.0390625 0.07421875 0.0703125
3 0.48125 0.109375 0.0671875 0.071875
3 0.04453125 0.215625 0.071875 0.06875
3 0.85859375 0.0671875 0.03359375 0.059375
3 0.7921875 0.2734375 0.04296875 0.0484375
3 0.63984375 0.4390625 0.06171875 0.078125
1 0.8328125 0.7515625 0.1453125 0.21484375
1 0.2234375 0.21015625 0.21484375 0.059375
1 0.43828125 0.359375 0.1109375 0.08828125