4 1 0.12129629687500001 0.909259259375 0.09629629687499999 0.8398148140625 0.097222221875 0.7814814812499999 0.09351851875 0.6944444437499999 0.097222221875 0.66944444375 0.0953703703125 0.6425925921875 0.0870370375 0.590740740625 0.0870370375 0.5333333328125 0.1 0.5129629625 0.097222221875 0.47592592656250005 0.0990740734375 0.4509259265625 0.0925925921875 0.42592592656250006 0.0916666671875 0.4138888890625 0.0953703703125 0.4 0.10555555624999999 0.3518518515625 0.1166666671875 0.31759259218749997 0.1203703703125 0.28796296250000003 0.11944444375 0.2611111109375 0.109259259375 0.2416666671875 0.1120370375 0.22685185156249998 0.12222222187500001 0.1824074078125 0.13703703750000001 0.15370370312499998 0.15277777812499999 0.15092592656249998 0.1666666671875 0.15925925937500002 0.1759259265625 0.16851851874999998 0.2 0.1648148140625 0.2101851859375 0.09074074062500001 0.24351851875000002 0.065740740625 0.2666666671875 0.025 0.290740740625 0 0.29722222187499997 0 0.727777778125 0.1611111109375 0.7009259265625001 0.190740740625 0.6990740734374999 0.2046296296875 0.7018518515625 0.21574074062499998 0.709259259375 0.2148148140625 0.722222221875 0.19537037031249999 0.7583333328124999 0.19444444375 0.772222221875 0.2009259265625 0.7796296296875 0.209259259375 0.7805555562500001 0.22685185156249998 0.7731481484375 0.27777777812500004 0.7370370375 0.3083333328125 0.7046296296875 0.3138888890625 0.6944444437499999 0.3296296296875 0.6833333328125 0.43055555625 0.6777777781250001 0.44259259218749997 0.6833333328125 0.45555555625000005 0.6833333328125 0.521296296875 0.66851851875 0.6009259265625 0.6666666671875 0.6583333328125 0.6546296296875 0.73055555625 0.6481481484375 0.9009259265624999 0.6490740734375 0.9148148140625001 0.64351851875 0.9240740734375 0.6203703703125 1 0.609259259375 1 0.12129629687500001
1 0.43828125 0.47109375 0.24921875 0.07578125
1 0.63515625 0.39765625 0.2625 0.13046875
1 0.62421875 0.26015625 0.11953125 0.05859375
2 0.315625 0.35625 0.25390625 0.1046875
2 0.5546875 0.34453125 0.21015625 0.11484375
2 0.4421875 0.18359375 0.175 0.0953125
2 0.8984375 0.3609375 0.203125 0.11875
2 0.9796875 0.5546875 0.03984375 0.09140625
2 0.56171875 0.50859375 0.29453125 0.1921875
2 0.7921875 0.24765625 0.12734375 0.0875
2 0.66953125 0.15625 0.11640625 0.08125
1 0.4015625 0.16875 0.0984375 0.05546875