4 1 0.370691209375 0.8390012359375 0.08024174843750001 0.813993459375 0.0866931578125 0.7666894625 0.0853890015625 0.7336015234375 0.077263415625 0.6526545593749999 0.08402125 0.6444773500000001 0.0769086765625 0.6409043390625 0.0513640390625 0.6437038578125 0.0392256296875 0.6345408921875 0.028424826562499998 0.6018048046875 0.028573495312500002 0.555750453125 0.0371632609375 0.537855246875 0.0354374625 0.5195020593749999 0.042434815625 0.5009547765625 0.06436101562499999 0.47548901718750003 0.07953557812499999 0.443729603125 0.092905465625 0.396231509375 0.1065301546875 0.3791461375 0.10435545625 0.366822715625 0.106951796875 0.3454061203125 0.11988186875 0.32668291250000003 0.13767094062500002 0.2933917953125 0.1540071859375 0.2769221625 0.1663124375 0.22042794375 0.1828064390625 0.1750772921875 0.207944715625 0.15563221249999998 0.22825124843750003 0.13466451562499998 0.2419911546875 0.0567446171875 0.280948215625 0.007520725000000001 0.312468109375 0 0.316506790625 0 0.6293087921875 0.11566008593749999 0.8379651109375 0.187453171875 0.8108734890625 0.206773946875 0.8266303374999999 0.22161482812500002 0.82475586875 0.3701752140625 0.7413488421875 0.436484478125 0.7120036437499999 0.49252979999999996 0.6946998125 0.5630732375 0.6577142671875 0.62775375 0.6387998515625 0.6390914140625 0.6325152828125 0.64692585625 0.6218206140625 0.737891046875 0.5777497515625 0.7570449828125 0.5798364859375 0.7668418578125 0.5860512625000001 0.8092777703125 0.59958179375 0.871325603125 0.606475903125 0.8903036140625 0.6044255109375001 0.8971432125 0.5995755968750001 0.8992208625 0.589954646875 0.8916775625 0.5782560484375 0.8571640546875001 0.5560994125 0.8500696515625 0.5452106484375 0.856196465625 0.5333452109375 0.8669972687499999 0.52418224375 0.8938097234375 0.51143718125 1 0.47375462500000004 1 0.370691209375
1 0.53984375 0.44453125 0.2546875 0.1875
1 0.33203125 0.47578125 0.2921875 0.240625
1 0.275 0.35078125 0.1328125 0.109375
2 0.59140625 0.28515625 0.2734375 0.2140625
2 0.3765625 0.390625 0.2390625 0.2015625
2 0.396875 0.1953125 0.2 0.16875
2 0.10078125 0.57109375 0.2015625 0.2015625
2 0.10703125 0.78046875 0.0796875 0.1
2 0.45 0.5375 0.35 0.3109375
2 0.121875 0.42109375 0.153125 0.1375
2 0.18515625 0.28125 0.140625 0.128125
1 0.42578125 0.1625 0.1125 0.096875