4 0.24523727499999998 0 0.031270521875 0.294499971875 0.0861649390625 0.3481171890625 0.08004969687499999 0.372286890625 0.0880205703125 0.38494511249999996 0.226397340625 0.4843372140625 0.2810166265625 0.532032 0.3203850015625 0.5755133953125 0.38371823437499997 0.623816696875 0.42819568124999996 0.6744435703125 0.43868293906250005 0.682063009375 0.4516865796875 0.6846436640625 0.5300718953125 0.7484609734375 0.536275475 0.766702225 0.5347833125 0.7782076890625 0.5404546796874999 0.8223859359375 0.560429040625 0.8815339468750001 0.57030778125 0.8978673328125 0.5775938359375 0.9020164515625 0.5871914296875 0.8998334531250001 0.5946060234375 0.8880528609375 0.6001007171875 0.8474092000000001 0.606971065625 0.8363776968750001 0.6203141078125001 0.8369159265624999 0.6331831921875 0.842832340625 0.6560655734374999 0.8617463796875 0.770624078125 0.9781687203124999 1 0.6624598484375 1 0.5930913796875 0.9884730125000001 0.5664805562499999 0.981853728125 0.5330586796875 0.9415193859375 0.46255179999999996 0.9445097265625 0.452134828125 0.9661510109375 0.43810095000000004 0.9783352750000001 0.43550826093749995 0.984251690625 0.422639178125 0.97028208125 0.3930330375 0.9430337 0.35492381093750003 0.9370349640625 0.33797589375000003 0.9229368156250001 0.324299465625 0.8952265109375 0.31675633125 0.8707113906249999 0.3000895625 0.8451720500000001 0.276956115625 0.8127503265625 0.2396662671875 0.80750068125 0.22326259375 0.7999394953125 0.21319104218749999 0.779169825 0.19924550000000002 0.75513468125 0.189794496875 0.72625958125 0.16652649375 0.70814686875 0.1568003609375 0.6693227375 0.11256987656249999 0.627373709375 0.08209212187500001 0.60075189375 0.0730508078125 0.579437978125 0.05985435625 0.51120051875 0.0056989109375 0.502209046875 0 0.24523727499999998 0
1 0.5671875 0.51328125 0.246875 0.2078125
1 0.45078125 0.3375 0.2890625 0.259375
1 0.540625 0.2328125 0.13125 0.1171875
2 0.73359375 0.4921875 0.2671875 0.234375
2 0.546875 0.3421875 0.2375 0.2171875
2 0.7328125 0.278125 0.196875 0.1796875
2 0.259375 0.153125 0.234375 0.215625
2 0.0796875 0.2625 0.0859375 0.096875
2 0.4453125 0.4703125 0.3515625 0.328125
2 0.41171875 0.12421875 0.1546875 0.1453125
2 0.56484375 0.121875 0.1421875 0.134375
1 0.77421875 0.28984375 0.1125 0.103125