4 0.4341737515625 0 0.18366594218750001 0.067123365625 0.044610021875 0.14560261562500001 0.02632463125 0.1667981859375 0 0.1875125796875 0 0.565826246875 0.0652061875 0.8091790515625 0.12842482187499998 0.8555065468749999 0.15993781875 0.87294456875 0.23577172968750001 0.8948028515625 0.38354098125 0.9203922578125001 0.40888736249999996 0.9183936609375 0.4262485765625 0.9223690375 0.49364782500000004 0.9234812453125001 0.5166791546875 0.930730265625 0.5500451156249999 0.95150614375 0.578203053125 0.9564229046875001 0.5907243125 0.9530678437500001 0.6208762359375 0.9296512359375001 0.6400732078125 0.92259024375 0.6793145203125001 0.9187856906249999 0.7455625421875001 0.9048689421875 0.8131372234375001 0.9030583734375 0.9279211828125 0.87709505 0.96236955 0.8554029796875 0.9848229578125001 0.8282976484375 1 0.815554971875 1 0.43417375312499995 0.94629688125 0.233750984375 0.9125158375 0.21500350625000003 0.8718022296875001 0.18469335625 0.8168382125000001 0.1083549578125 0.7971573359375 0.059947446875 0.7767747218750001 0.0232310328125 0.7564093140625 0.0008888453124999999 0.754952990625 0 0.4341737515625 0
2 0.5546875 0.65625 0.2796875 0.246875
2 0.86328125 0.7140625 0.1984375 0.2171875
2 0.83125 0.43203125 0.2171875 0.2015625
2 0.75546875 0.24296875 0.19375 0.15
2 0.65703125 0.10234375 0.19375 0.1375
2 0.46328125 0.06875 0.1609375 0.109375
2 0.39296875 0.3359375 0.2390625 0.1890625
2 0.140625 0.35390625 0.2234375 0.19375
2 0.1609375 0.2140625 0.20625 0.1859375
2 0.596875 0.4875 0.175 0.140625
1 0.4140625 0.640625 0.1765625 0.1890625
1 0.22109375 0.51015625 0.1796875 0.1359375
1 0.3328125 0.471875 0.0921875 0.0953125
1 0.5671875 0.35625 0.1359375 0.0984375
1 0.78671875 0.31875 0.121875 0.1203125
1 0.871875 0.54765625 0.15 0.1890625
1 0.94765625 0.3609375 0.0828125 0.1015625
1 0.7328125 0.65546875 0.15625 0.159375
1 0.5953125 0.2703125 0.0859375 0.08125
1 0.68828125 0.2125 0.05 0.05625
1 0.7328125 0.1515625 0.05 0.05625
1 0.50703125 0.1796875 0.0984375 0.084375
1 0.459375 0.11328125 0.178125 0.1
1 0.4609375 0.02421875 0.11875 0.0484375
1 0.34296875 0.2078125 0.153125 0.1078125
1 0.04609375 0.325 0.075 0.071875
1 0.21640625 0.284375 0.046875 0.0453125
1 0.10703125 0.48125 0.0625 0.0734375
1 0.278125 0.153125 0.0875 0.0765625
2 0.303125 0.09375 0.178125 0.1328125
2 0.246875 0.73984375 0.1265625 0.1703125
2 0.478125 0.46796875 0.103125 0.1234375
2 0.715625 0.36796875 0.0859375 0.0984375
2 0.50859375 0.23984375 0.1609375 0.1296875