4 0.4869070375 0 0.155750021875 0.017355203125 0.13520586875 0.0499565625 0.11938191718749999 0.08416493750000001 0.10190642187500001 0.1045519203125 0.089441884375 0.132093859375 0.08140286249999999 0.17331181874999999 0.0776439796875 0.22543182343749998 0.0489599546875 0.31501876875 0.0196053640625 0.35642663125 0 0.377472140625 0 0.5130929671875 0.02229804375 0.9385649890625001 0.0977283109375 0.9448110203125 0.14035551875000002 0.9620481515625 0.17008598749999998 0.98088836875 0.20955154999999998 0.990873621875 0.3267406890625 0.9800960171875 0.391567528125 0.96093624375 0.45887365156250004 0.95370009375 0.4973700296875 0.94519220625 0.5178094015625 0.94597541875 0.5537217140624999 0.9589284796875001 0.5666669109375 0.95825005 0.5919273375 0.9448726515624999 0.617240153125 0.9148029671875 0.636904178125 0.9007916671875 0.7006609828125 0.8789063828125 0.71594401875 0.8697606640625001 0.7406674609375 0.8638289796875 0.873296809375 0.7938287984375 0.9386645625 0.7496063687500001 0.963246559375 0.7232837734374999 1 0.6722591765625 1 0.486907034375 0.989380628125 0.2842773421875 0.9638412421875 0.2392559734375 0.9562056218749999 0.2174034203125 0.9568513187500001 0.15895619375 0.9498011421875001 0.1305825828125 0.9312189468750001 0.09446856875000001 0.9044602171875 0.0615646609375 0.8872348828125001 0.0513410421875 0.8475270234375 0.0367325046875 0.8235867921875 0.022224815624999998 0.713751484375 0 0.4869070375 0
2 0.49609375 0.665625 0.246875 0.2046875
2 0.22109375 0.815625 0.165625 0.190625
2 0.1640625 0.53828125 0.190625 0.16875
2 0.17734375 0.334375 0.178125 0.11875
2 0.22734375 0.1703125 0.18125 0.1046875
2 0.40234375 0.07890625 0.15 0.08125
2 0.55078125 0.3109375 0.2171875 0.15
2 0.796875 0.25 0.1984375 0.159375
2 0.73359375 0.1234375 0.1828125 0.1546875
2 0.40390625 0.51796875 0.1578125 0.1125
1 0.625 0.60703125 0.1484375 0.165625
1 0.76796875 0.4234375 0.165625 0.10625
1 0.65 0.421875 0.0796875 0.0828125
1 0.39140625 0.384375 0.1265625 0.075
1 0.17109375 0.41640625 0.1046875 0.103125
1 0.1609375 0.66015625 0.11875 0.171875
1 0.03203125 0.50546875 0.0640625 0.0921875
1 0.3265625 0.71953125 0.134375 0.1375
1 0.33828125 0.3109375 0.075 0.06875
1 0.23203125 0.28515625 0.0421875 0.05
1 0.17109375 0.240625 0.0421875 0.05
1 0.39453125 0.19765625 0.0890625 0.06875
1 0.41875 0.11953125 0.171875 0.0671875
1 0.38671875 0.0265625 0.1125 0.0484375
1 0.55859375 0.1734375 0.1421875 0.0828125
1 0.87734375 0.19296875 0.0640625 0.0609375
1 0.703125 0.20703125 0.040625 0.0375
1 0.86796875 0.3609375 0.0515625 0.065625
1 0.60390625 0.1015625 0.078125 0.0625
2 0.56171875 0.05234375 0.1640625 0.103125
2 0.81484375 0.65 0.0984375 0.15625
2 0.5109375 0.4625 0.084375 0.1109375
2 0.2546875 0.440625 0.071875 0.0875
2 0.4109375 0.25546875 0.1453125 0.1046875