4 0.18148148125000002 0 0.15925925937500002 0.03148148125 0.1416666671875 0.0648148140625 0.1231481484375 0.08425925937499999 0.109259259375 0.1111111109375 0.0990740734375 0.1518518515625 0.0925925921875 0.20370370312500002 0.059259259375 0.2916666671875 0.027777778125000003 0.33148148125 0 0.3583333328125 0 0.9129629625 0.075 0.9231481484374999 0.1166666671875 0.9425925921875 0.1453703703125 0.9629629625 0.184259259375 0.975 0.3018518515625 0.9703703703125001 0.36759259218749996 0.9546296296874999 0.43518518593750005 0.9509259265625 0.47407407343749997 0.9444444437499999 0.49444444374999996 0.946296296875 0.5296296296875 0.9611111109375001 0.5425925921875 0.9611111109375001 0.56851851875 0.9490740734375 0.5953703703125 0.9203703703125001 0.615740740625 0.9074074078125 0.6805555562500001 0.8888888890625 0.696296296875 0.88055555625 0.7212962968750001 0.8759259265624999 0.8574074078124999 0.8129629625 0.925 0.772222221875 0.9509259265625 0.747222221875 1 0.6861111109375 1 0.3101851859375 0.9768518515625001 0.2638888890625 0.9703703703125001 0.2416666671875 0.9740740734375001 0.1833333328125 0.9685185187500001 0.1546296296875 0.9518518515625001 0.1175925921875 0.9268518515625 0.08333333281250001 0.9101851859375 0.072222221875 0.871296296875 0.055555556250000006 0.8481481484375 0.039814814062499995 0.69351851875 0 0.18148148125000002 0
2 0.4875 0.66484375 0.2375 0.1921875
2 0.2046875 0.80078125 0.15625 0.1828125
2 0.1625 0.5203125 0.1828125 0.159375
2 0.18671875 0.31796875 0.171875 0.109375
2 0.2453125 0.15625 0.17578125 0.0953125
2 0.42421875 0.07421875 0.14609375 0.07421875
2 0.5609375 0.3140625 0.2109375 0.1390625
2 0.809375 0.265625 0.19140625 0.14921875
2 0.753125 0.1359375 0.175 0.1453125
2 0.403125 0.51328125 0.153125 0.1046875
1 0.61953125 0.61328125 0.13984375 0.15859375
1 0.771875 0.4375 0.16015625 0.09765625
1 0.65390625 0.4296875 0.075 0.07890625
1 0.39765625 0.37890625 0.12265625 0.06875
1 0.17578125 0.39921875 0.1 0.0984375
1 0.153125 0.6421875 0.11015625 0.165625
1 0.03125 0.48125 0.0625 0.08828125
1 0.315625 0.71015625 0.12734375 0.13046875
1 0.3484375 0.303125 0.07109375 0.065625
1 0.24375 0.27109375 0.0390625 0.0484375
1 0.18515625 0.2234375 0.0390625 0.0484375
1 0.41015625 0.1921875 0.08515625 0.06484375
1 0.4390625 0.115625 0.16875 0.05859375
1 0.41171875 0.02109375 0.1109375 0.0421875
1 0.57578125 0.17734375 0.1390625 0.075
1 0.89296875 0.21328125 0.06171875 0.0578125
1 0.71796875 0.21796875 0.03828125 0.0359375
1 0.875 0.38046875 0.0484375 0.0625
1 0.62421875 0.1078125 0.075 0.059375
2 0.58515625 0.05625 0.159375 0.09453125
2 0.80625 0.66640625 0.090625 0.1515625
2 0.5125 0.46328125 0.07890625 0.10625
2 0.2578125 0.428125 0.0671875 0.08359375
2 0.42421875 0.25078125 0.140625 0.096875