4 0.12175367968749999 0.45981197500000004 0.1385268375 0.51548966875 0.1592442703125 0.5625879734375 0.1719145265625 0.5798050046875 0.1775035734375 0.59416625 0.226820978125 0.6586101265625001 0.267681515625 0.6905860609375 0.2947833078125 0.7068431421875 0.36845720625 0.7409137375 0.45110814843749997 0.7563273734375 0.4729602921875 0.7561807828125 0.5193858109375 0.7521421515625 0.5709143828125 0.7426550484375001 0.6114817390625 0.7309266937500001 0.6781789015624999 0.6958359781250001 0.7190093546874999 0.664842146875 0.7545961812499999 0.6300385984375 0.7956194453125 0.5751501984375 0.8196245062499999 0.5216314375 0.836933975 0.41746775156249993 0.8342349 0.3250906734375 0.8136460078125 0.2620626578125 0.7910207046875 0.21128919062499998 0.7529396484374999 0.1550089984375 0.7197688359375001 0.1171749046875 0.6676719515625 0.07703528750000001 0.591885340625 0.037996193750000004 0.5283653125 0.026181415625 0.46131069843750006 0.025532696875 0.3948706171875 0.028763984375000003 0.3474971828125 0.0435589859375 0.2638521015625 0.0846484359375 0.2147234078125 0.130214375 0.165331615625 0.19504578749999998 0.156149728125 0.21240940937500002 0.1365749359375 0.2771585 0.1185565765625 0.322437275 0.11075636250000001 0.38200700625 0.12175367968749999 0.45981197500000004
1 0.76484375 0.3828125 0.0921875 0.0953125
1 0.68671875 0.3140625 0.0890625 0.0890625
1 0.4046875 0.16328125 0.06875 0.06875
1 0.27109375 0.30546875 0.08125 0.0828125
1 0.3171875 0.17109375 0.0640625 0.0625
1 0.3734375 0.465625 0.0625 0.0625
1 0.409375 0.4984375 0.0546875 0.0578125
1 0.46328125 0.4359375 0.0671875 0.065625
1 0.5796875 0.56875 0.0609375 0.0609375
1 0.54609375 0.64765625 0.071875 0.0734375
1 0.55546875 0.1875 0.09375 0.090625
1 0.4703125 0.28671875 0.0765625 0.078125
1 0.3640625 0.3046875 0.0796875 0.0828125
1 0.290625 0.396875 0.0765625 0.0765625
1 0.2828125 0.58671875 0.08125 0.078125
1 0.43671875 0.6671875 0.1109375 0.10625
1 0.47421875 0.52109375 0.0671875 0.0640625
1 0.6046875 0.4921875 0.084375 0.0828125
1 0.67109375 0.3984375 0.071875 0.0703125
1 0.28671875 0.4828125 0.0734375 0.071875
1 0.23984375 0.4515625 0.08125 0.0796875
1 0.53671875 0.55 0.0671875 0.0734375
1 0.48515625 0.61328125 0.059375 0.0578125
1 0.534375 0.390625 0.153125 0.15
1 0.43828125 0.20703125 0.0796875 0.078125
1 0.4 0.23984375 0.065625 0.0640625
1 0.57890625 0.1171875 0.084375 0.084375