4 0.81258061875 0.172443353125 0.7587867312500001 0.1112152640625 0.7065991921875 0.0691873671875 0.6202916125 0.0340327953125 0.5720015296875001 0.0225784375 0.505497890625 0.0239896453125 0.43865187031249997 0.029314278125 0.37611073125 0.045531209375 0.3032319625 0.08976181250000001 0.25406198125 0.133437746875 0.22361114375 0.1734935578125 0.1895487578125 0.2322930546875 0.1705203484375 0.28452109999999997 0.154378221875 0.3488317921875 0.1581296203125 0.44117212187500005 0.182663015625 0.5438746234375 0.21034288281250002 0.59558850625 0.2550950375 0.6474815640625 0.29302294687499997 0.6797179203125 0.33591595937499996 0.7077880624999999 0.40489845625000004 0.738140740625 0.446185121875 0.747010690625 0.498249959375 0.7528802328124999 0.5448441078124999 0.7536705453125 0.566653246875 0.75229245 0.6480276546875 0.7311509218750001 0.71914544375 0.6920240890625 0.7450471796875 0.673916084375 0.7835776546875 0.63916775625 0.828279546875 0.571440653125 0.8328531890624999 0.5567245187500001 0.8442915828125 0.53866559375 0.8616731375000001 0.49023684375 0.87452155625 0.4335247421875 0.880064684375 0.3551421671875 0.8681280953125 0.2962616609375 0.8469951421875 0.2523500796875 0.822951365625 0.1891241828125 0.81258061875 0.172443353125
1 0.228125 0.4015625 0.09375 0.0953125
1 0.30078125 0.32734375 0.090625 0.0890625
1 0.571875 0.1578125 0.06875 0.06875
1 0.71484375 0.290625 0.0828125 0.0828125
1 0.659375 0.159375 0.0640625 0.0640625
1 0.62421875 0.45703125 0.0640625 0.0625
1 0.58984375 0.49140625 0.05625 0.0578125
1 0.53203125 0.43359375 0.0671875 0.0671875
1 0.425 0.57421875 0.0625 0.0609375
1 0.4640625 0.65078125 0.0734375 0.0734375
1 0.4234375 0.1921875 0.09375 0.0921875
1 0.5140625 0.28515625 0.078125 0.0796875
1 0.621875 0.2953125 0.08125 0.0828125
1 0.7015625 0.3828125 0.0765625 0.0765625
1 0.72265625 0.57109375 0.08125 0.0796875
1 0.575 0.6625 0.1109375 0.1078125
1 0.52734375 0.51875 0.0671875 0.065625
1 0.39453125 0.5 0.084375 0.084375
1 0.321875 0.4109375 0.071875 0.071875
1 0.71171875 0.46796875 0.0734375 0.071875
1 0.75625 0.43359375 0.08125 0.08125
1 0.4671875 0.55234375 0.06875 0.0734375
1 0.52265625 0.61171875 0.059375 0.0578125
1 0.45859375 0.39296875 0.153125 0.1515625
1 0.540625 0.20390625 0.0796875 0.0796875
1 0.58125 0.23359375 0.065625 0.065625
1 0.39453125 0.1234375 0.0859375 0.0859375