4 0.0870370375 0.58055555625 0.11574074062499999 0.6333333328124999 0.1703703703125 0.6898148140625 0.2166666671875 0.725 0.2611111109375 0.7509259265625 0.28148148125 0.7574074078125 0.29444444375 0.765740740625 0.372222221875 0.7888888890625 0.4240740734375 0.790740740625 0.45555555625000005 0.7879629625 0.5351851859375001 0.772222221875 0.6111111109375 0.7361111109375 0.628703703125 0.7231481484375 0.6638888890625 0.6925925921875 0.7 0.6546296296875 0.7259259265625 0.621296296875 0.759259259375 0.553703703125 0.7740740734375 0.5046296296875 0.7824074078125001 0.45555555625000005 0.7833333328125 0.38703703749999996 0.771296296875 0.3296296296875 0.7240740734375 0.23518518593749999 0.6675925921875 0.1620370375 0.6138888890625 0.1231481484375 0.565740740625 0.0953703703125 0.5018518515625 0.072222221875 0.45277777812500003 0.061111110937500004 0.38703703749999996 0.059259259375 0.302777778125 0.072222221875 0.24444444375000002 0.1 0.1898148140625 0.13888888906250002 0.1379629625 0.18055555625 0.10833333281249999 0.2203703703125 0.0648148140625 0.302777778125 0.051851851562499995 0.36851851875 0.05 0.45 0.052777778124999994 0.46944444374999994 0.075 0.5333333328125 0.0870370375 0.58055555625
1 0.6453125 0.25 0.059375 0.07421875
1 0.54140625 0.23984375 0.06484375 0.0625
1 0.225 0.28359375 0.0484375 0.04921875
1 0.20078125 0.47734375 0.05625 0.06171875
1 0.15859375 0.34140625 0.04765625 0.04296875
1 0.37734375 0.546875 0.0453125 0.04453125
1 0.42578125 0.5515625 0.03359375 0.04765625
1 0.4328125 0.46953125 0.05078125 0.04453125
1 0.6046875 0.50859375 0.04609375 0.04140625
1 0.62421875 0.5921875 0.04765625 0.05625
1 0.3609375 0.21484375 0.071875 0.059375
1 0.35078125 0.34453125 0.04921875 0.06171875
1 0.275 0.421875 0.0484375 0.06796875
1 0.2703125 0.53984375 0.0546875 0.0546875
1 0.375 0.69765625 0.0609375 0.053125
1 0.546875 0.67265625 0.0875 0.06796875
1 0.49140625 0.53203125 0.0515625 0.0421875
1 0.58046875 0.43203125 0.06171875 0.0578125
1 0.57890625 0.3171875 0.053125 0.04921875
1 0.3171875 0.61171875 0.0578125 0.04609375
1 0.2609375 0.6140625 0.059375 0.05625
1 0.55859375 0.51875 0.03671875 0.0640625
1 0.5546875 0.6 0.04453125 0.0390625
1 0.46328125 0.39140625 0.11484375 0.1015625
1 0.278125 0.29921875 0.05859375 0.0546875
1 0.26640625 0.3484375 0.0515625 0.04140625
1 0.3390625 0.14375 0.0609375 0.0609375