4 0.9372226375 0.3105203140625 0.8977171593750001 0.2381935890625 0.86765138125 0.19545399218749998 0.8386623859375 0.16262861875 0.750857940625 0.0803279265625 0.7239706625 0.06526121875 0.67802063125 0.0498435953125 0.6267306406250001 0.0362166046875 0.57063908125 0.0293373578125 0.5476640671874999 0.0216285453125 0.4329764671875 0.007104353125 0.37663768750000004 0.023427428125 0.30382441875 0.0600455765625 0.266703934375 0.082928915625 0.1530254828125 0.1748331015625 0.10301176875 0.22869143906249997 0.0425893953125 0.33003119999999997 0.0253093796875 0.3843122125 0.0133693234375 0.43680259687499995 0.0130942953125 0.5250376140624999 0.0233436453125 0.6034820140625 0.0479777859375 0.677423915625 0.06580031875 0.7109432234375 0.10271753593749999 0.7626239546875 0.154278784375 0.8201511078125 0.21434647343750002 0.8700092765624999 0.3178078671875 0.9324495875000001 0.394019046875 0.9653347015625 0.4466649734375 0.9834841093750001 0.4874505 0.9911609875 0.5715658625 0.9757989828125 0.6534758125 0.9385387453125 0.7270867125 0.9172266265625 0.7561354515625001 0.9028298156250001 0.8122349046874999 0.86041709375 0.8699893624999999 0.801394253125 0.885159765625 0.7786465437500001 0.912736853125 0.72203650625 0.940944009375 0.6409719093749999 0.9492111265625001 0.6072132796874999 0.9567444796875 0.5937696390625 0.9830095859375 0.5839989390625 0.986993609375 0.577685890625 0.9692109062500001 0.512685128125 0.971456146875 0.5031019046874999 0.967934628125 0.4451998 0.9542077109375 0.36021504375 0.9372226375 0.3105203140625
2 0.2109375 0.2484375 0.240625 0.228125
2 0.15703125 0.5203125 0.221875 0.2125
2 0.23828125 0.70859375 0.2546875 0.2453125
2 0.43828125 0.81484375 0.2640625 0.3
2 0.54609375 0.65859375 0.2375 0.234375
2 0.74296875 0.7265625 0.2375 0.225
2 0.8703125 0.5171875 0.2484375 0.2296875
2 0.56875 0.51015625 0.228125 0.234375
2 0.40234375 0.55234375 0.2453125 0.24375
2 0.38671875 0.371875 0.196875 0.2109375
2 0.565625 0.33515625 0.23125 0.2296875
2 0.3640625 0.190625 0.240625 0.2453125
2 0.74765625 0.38359375 0.2296875 0.2109375