4 0.9755902000000001 0.5296672874999999 0.9732262078125 0.4472885921875 0.9658407734375001 0.39555775312499997 0.9549137968749999 0.3531494046875 0.9140431953125001 0.239956565625 0.896926596875 0.2143254625 0.862984275 0.1797273828125 0.8234710828124999 0.1443004765625 0.77661625 0.1127059859375 0.7596450906250001 0.095406946875 0.6640515359375 0.030398715625 0.6064427953125 0.0193654109375 0.5249414046875 0.0189358875 0.48147799375 0.0224727453125 0.33846612343750004 0.0527510359375 0.26945240625 0.078033415625 0.1696083875 0.14089662187500002 0.12956871718750002 0.1814163953125 0.0950999140625 0.222764996875 0.0547970015625 0.3012581125 0.0283162265625 0.37580569375 0.016696487500000003 0.452872075 0.0173590328125 0.4908292578125 0.026789953124999998 0.55363719375 0.046614579687500005 0.628302578125 0.0775001484375 0.6999966921875 0.141337615625 0.8026019062499999 0.1943127453125 0.866501909375 0.2329809515625 0.9065739 0.26583589218750003 0.931930290625 0.3477574328125 0.9564302187499999 0.4376555265625 0.9604174437499999 0.5129188171875 0.9748468562499999 0.54533745 0.9752070546875 0.6145774 0.9628856625 0.6928328078125 0.9365159015625 0.7166769796875 0.9231347624999999 0.766948765625 0.8852145859375 0.82888408125 0.8257912828125 0.851576234375 0.799465315625 0.8643917859375 0.790907015625 0.8922299718750001 0.794125365625 0.8986458265625 0.7903091078125 0.9123110499999999 0.7243198265624999 0.9186622671875 0.7168004296875 0.9418115765625 0.6636105406249999 0.9681630765625 0.581656678125 0.9755902000000001 0.5296672874999999
2 0.35625 0.14453125 0.190625 0.1625
2 0.18515625 0.3625 0.175 0.1515625
2 0.171875 0.56640625 0.196875 0.178125
2 0.30234375 0.75234375 0.1703125 0.2546875
2 0.46953125 0.6625 0.1796875 0.1734375
2 0.6140625 0.8125 0.1890625 0.159375
2 0.821875 0.68359375 0.203125 0.15625
2 0.55703125 0.540625 0.165625 0.1828125
2 0.3890625 0.5015625 0.1875 0.18125
2 0.45703125 0.334375 0.1359375 0.1703125
2 0.6328125 0.3828125 0.175 0.171875
2 0.51875 0.16328125 0.178125 0.1875
2 0.7734375 0.50859375 0.1875 0.14375