4 0.08518518593749999 0.7240740734375 0.0916666671875 0.73148148125 0.10648148125000001 0.797222221875 0.1129629625 0.8009259265625 0.140740740625 0.797222221875 0.15370370312499998 0.8055555562500001 0.1768518515625 0.83148148125 0.2398148140625 0.8898148140625001 0.290740740625 0.9268518515625 0.3148148140625 0.9398148140625 0.39351851875 0.9648148140625 0.46296296249999996 0.9759259265625 0.4953703703125 0.975 0.5703703703125 0.959259259375 0.6601851859375001 0.953703703125 0.7416666671875001 0.9277777781250001 0.7740740734375 0.9018518515625 0.8120370375 0.8611111109375 0.8638888890624999 0.796296296875 0.9259259265625 0.6925925921875 0.95555555625 0.6203703703125 0.9740740734375001 0.5453703703125 0.9824074078124999 0.4824074078125 0.9824074078124999 0.44444444375 0.9694444437499999 0.36759259218749996 0.9416666671874999 0.29351851875 0.9 0.21574074062499998 0.8648148140625 0.175 0.8240740734375 0.1351851859375 0.7231481484375 0.0740740734375 0.6537037031249999 0.05 0.5101851859375001 0.022222221875 0.46666666718750005 0.019444443750000002 0.3851851859375 0.021296296875000002 0.32777777812500003 0.0333333328125 0.23333333281250002 0.1 0.2166666671875 0.1175925921875 0.1703703703125 0.15 0.13148148125 0.1861111109375 0.0981481484375 0.221296296875 0.08148148125 0.24722222187499998 0.0425925921875 0.3611111109375 0.0324074078125 0.403703703125 0.0259259265625 0.45555555625000005 0.025 0.5379629625 0.0333333328125 0.5898148140624999 0.061111110937500004 0.671296296875 0.08518518593749999 0.7240740734375
2 0.6375 0.1421875 0.18828125 0.15859375
2 0.8125 0.35703125 0.17265625 0.1484375
2 0.82890625 0.5609375 0.19453125 0.175
2 0.70234375 0.74921875 0.165625 0.25234375
2 0.53359375 0.66171875 0.17734375 0.17109375
2 0.39140625 0.8140625 0.1859375 0.15625
2 0.18125 0.6890625 0.20078125 0.153125
2 0.44375 0.54140625 0.1625 0.1796875
2 0.6109375 0.5 0.184375 0.17734375
2 0.53984375 0.33359375 0.13359375 0.16796875
2 0.36484375 0.38515625 0.17265625 0.16875
2 0.475 0.16328125 0.17421875 0.18515625
2 0.2265625 0.51328125 0.18515625 0.13984375