4 1 0.4703238734375 0.997191303125 0.452363278125 0.95843798125 0.32159429375 0.9054145359374999 0.208038309375 0.8204117125 0.1133506953125 0.776116765625 0.0874757734375 0.7438195359375 0.0620285515625 0.7008567 0.0348672265625 0.6735222624999999 0.02522250625 0.625431253125 0.0167434125 0.5604973109375 0.022813098437500002 0.5207080937499999 0.03892583125 0.4876708390625 0.043369514062499996 0.43436024375000004 0.058809679687500005 0.39971664218749997 0.08025085937500001 0.332984803125 0.10178676093750001 0.28302192812500004 0.1380215890625 0.2673108375 0.1377473515625 0.2538808734375 0.13183775312499998 0.24398145468750002 0.1362487546875 0.24494791562499998 0.155910471875 0.1790998453125 0.2143504578125 0.0969007984375 0.3091754203125 0.044217178125 0.40124143281249997 0.033286053125 0.42724375937500003 0.0217150390625 0.48990529687500006 0.0198780640625 0.582640565625 0.009055796875 0.627416534375 0.014210137500000001 0.6447503140624999 0.0373741375 0.6807336421875 0.053503212499999994 0.7320917796875 0.1051683796875 0.8109181578125 0.179779834375 0.88818058125 0.216748171875 0.921130725 0.2508520203125 0.9431170671875 0.29361458749999997 0.956741778125 0.3770327 0.967147165625 0.427113153125 0.9616913171875 0.49129834843750003 0.973507203125 0.5144361843749999 0.9734745218749999 0.5592796078125 0.9679272609374999 0.6121156953125 0.9546615734375001 0.6936923 0.9205064984375 0.7320405515624999 0.886906525 0.82892770625 0.8259524609375 0.9132425 0.759976871875 0.9961163265625 0.676514046875 1 0.6682404187500001 1 0.4703238734375
0 0.77265625 0.4203125 0.0984375 0.0984375
0 0.3046875 0.4890625 0.078125 0.078125
0 0.38828125 0.4625 0.0609375 0.0609375
0 0.5109375 0.48046875 0.0640625 0.0640625
0 0.5953125 0.3796875 0.053125 0.053125
0 0.44375 0.31796875 0.0609375 0.0609375
0 0.69140625 0.18203125 0.0578125 0.0578125
0 0.603125 0.203125 0.0765625 0.078125
0 0.6546875 0.40703125 0.0546875 0.0546875
0 0.60625 0.5109375 0.05625 0.05625
0 0.22578125 0.38984375 0.0546875 0.0546875
0 0.19453125 0.43203125 0.0484375 0.0484375
0 0.16171875 0.47109375 0.0421875 0.0421875
0 0.275 0.78203125 0.06875 0.06875
2 0.31640625 0.69375 0.1546875 0.153125
2 0.1609375 0.475 0.09375 0.09375
2 0.64765625 0.62890625 0.1484375 0.15
2 0.4921875 0.1359375 0.1109375 0.1109375