4 0 0.5567901234375 0.003703703125 0.6061728390625001 0.0129629625 0.6456790125 0.034259259375000004 0.6851851859375 0.0870370375 0.750617284375 0.1268518515625 0.7814814812499999 0.1648148140625 0.8345679015625 0.18148148125000002 0.8506172843750001 0.2175925921875 0.877777778125 0.2648148140625 0.904938271875 0.34722222187499996 0.9370370375 0.3981481484375 0.9395061734375 0.5101851859375001 0.9629629625 0.6166666671875001 0.9740740734375001 0.734259259375 0.9716049375000001 0.747222221875 0.9666666671874999 0.8027777781250001 0.9148148140625001 0.8629629624999999 0.8506172843750001 0.890740740625 0.8111111109375001 0.953703703125 0.69012345625 0.99444444375 0.5716049375 0.9990740734375001 0.44444444375 0.9851851859374999 0.395061728125 0.9796296296874999 0.3543209875 0.9675925921875 0.304938271875 0.9546296296874999 0.2790123453125 0.9259259265625 0.2395061734375 0.875 0.1987654328125 0.8351851859374999 0.18271605 0.8083333328125001 0.1629629625 0.759259259375 0.13703703750000001 0.7194444437499999 0.1283950625 0.6564814812499999 0.0975308640625 0.5953703703125 0.0888888890625 0.584259259375 0.077777778125 0.578703703125 0.06419753125 0.56851851875 0.0604938265625 0.5555555562500001 0.0753086421875 0.4675925921875 0.0716049375 0.3425925921875 0.08271605 0.240740740625 0.1123456796875 0.2148148140625 0.12345679062499999 0.1629629625 0.1604938265625 0.097222221875 0.2259259265625 0.058333332812500006 0.25061728437499997 0.05 0.2666666671875 0.0416666671875 0.308641975 0.0175925921875 0.3567901234375 0 0.449382715625 0 0.5567901234375
0 0.7515625 0.63203125 0.065625 0.0734375
0 0.3671875 0.35625 0.046875 0.06328125
0 0.4453125 0.3953125 0.04296875 0.04375
0 0.52109375 0.49375 0.0421875 0.04765625
0 0.65234375 0.4796875 0.0359375 0.03828125
0 0.5859375 0.3296875 0.0421875 0.04296875
0 0.85859375 0.40390625 0.03828125 0.04296875
0 0.78046875 0.3578125 0.04453125 0.06484375
0 0.67578125 0.540625 0.0328125 0.0453125
0 0.56875 0.58125 0.03671875 0.04375
0 0.37890625 0.23046875 0.03125 0.0453125
0 0.32734375 0.2390625 0.03359375 0.03515625
0 0.2765625 0.24453125 0.028125 0.03125
0 0.1421875 0.54609375 0.0421875 0.05546875
2 0.23359375 0.51171875 0.1203125 0.09765625
2 0.2734375 0.24609375 0.07109375 0.06171875
2 0.5171875 0.6953125 0.084375 0.1265625
2 0.746875 0.2328125 0.07734375 0.08046875