4 1 0.504606634375 0.9992540156249999 0.49608127968750004 0.976585009375 0.4349308578125 0.9507230953124999 0.40066770625 0.9378801578125 0.369906278125 0.9091683046875 0.32240840625 0.8794912937499999 0.2944946421875 0.8414177374999999 0.2356105375 0.7934862375 0.19672837031249998 0.7896848015625 0.18148164375 0.7919171046875 0.166979778125 0.785094246875 0.158559325 0.766352625 0.16458168125 0.6928611984375 0.11610271093749999 0.5799926390625 0.061247034374999995 0.477428175 0.034187003125 0.4494826734375 0.030358243750000003 0.385961478125 0.035399503124999995 0.2959106421875 0.057626775 0.24985936875 0.058762140625 0.234450265625 0.06822716250000001 0.2056883234375 0.09991504062499999 0.1602546828125 0.12878699375 0.097486178125 0.19909348124999998 0.0421672734375 0.29115959999999996 0.019907987499999998 0.335396396875 0.0074975390625 0.3740286671875 0.0054048453125 0.418860471875 0.0169442078125 0.5021292921875 0.035175928125 0.5490912171875 0.0403750109375 0.6141475328125 0.046395090625 0.63648850625 0.06335966562499999 0.678368190625 0.0898483203125 0.7259705203125 0.1439531703125 0.795927484375 0.18633350937499998 0.8242727390625 0.2702868546875 0.9020824718749999 0.3558366546875 0.9664485703125001 0.41442759375 1 0.5864248078125 1 0.6305387312499999 0.9874774171875 0.67469611875 0.9679206296875 0.790979159375 0.8966422921874999 0.886942340625 0.816035125 0.9564032031249999 0.70942174375 0.96993208125 0.6599391890625 0.9861530734375 0.6221562359374999 1 0.577702375 1 0.504606634375
0 0.64765625 0.74296875 0.09375 0.096875
0 0.46015625 0.30859375 0.0734375 0.078125
0 0.50703125 0.38203125 0.059375 0.059375
0 0.52109375 0.50546875 0.0609375 0.0625
0 0.64140625 0.5609375 0.05 0.0515625
0 0.66171875 0.3984375 0.0578125 0.0578125
0 0.85703125 0.60234375 0.0546875 0.05625
0 0.81328125 0.52265625 0.071875 0.078125
0 0.6296875 0.625 0.0515625 0.05625
0 0.5171875 0.6046875 0.0546875 0.05625
0 0.53515625 0.20625 0.05 0.0546875
0 0.48671875 0.1875 0.046875 0.046875
0 0.43984375 0.165625 0.040625 0.040625
0 0.16953125 0.35546875 0.0640625 0.06875
2 0.265625 0.37265625 0.153125 0.1453125
2 0.43671875 0.165625 0.0921875 0.0890625
2 0.4140625 0.6765625 0.1375 0.1515625
2 0.84921875 0.3984375 0.1078125 0.109375