4 0.384259259375 0.2851851859375 0.3518518515625 0.309259259375 0.33148148125 0.33703703749999997 0.3018518515625 0.3518518515625 0.2824074078125 0.372222221875 0.2509259265625 0.3925925921875 0.2370370375 0.41944444374999995 0.21111111093749999 0.4546296296875 0.20555555625 0.46851851875 0.1824074078125 0.58148148125 0.1833333328125 0.5953703703125 0.2 0.64444444375 0.20833333281250002 0.6583333328125 0.21203703749999997 0.6870370375 0.225 0.7101851859375 0.2398148140625 0.722222221875 0.24907407343750002 0.7398148140624999 0.2666666671875 0.7611111109375 0.28055555625 0.765740740625 0.28611111093749997 0.771296296875 0.3120370375 0.8129629625 0.33888888906250003 0.8425925921875 0.3620370375 0.8462962968750001 0.378703703125 0.8583333328125 0.39351851875 0.8583333328125 0.41851851875 0.847222221875 0.4296296296875 0.8462962968750001 0.43981481406249995 0.8490740734375001 0.5 0.8490740734375001 0.540740740625 0.8620370375 0.5601851859375 0.8629629624999999 0.571296296875 0.8583333328125 0.5962962968750001 0.8379629625 0.627777778125 0.83055555625 0.6509259265625 0.8055555562500001 0.6888888890625 0.803703703125 0.7379629624999999 0.7814814812499999 0.8 0.66944444375 0.8166666671874999 0.6296296296875 0.8222222218749999 0.590740740625 0.8462962968750001 0.5425925921875 0.8481481484375 0.509259259375 0.8444444437499999 0.48518518593750004 0.8240740734375 0.41944444374999995 0.8027777781250001 0.40092592656250003 0.7861111109375 0.378703703125 0.752777778125 0.3453703703125 0.7453703703125 0.3296296296875 0.747222221875 0.30555555624999997 0.74351851875 0.3009259265625 0.684259259375 0.28796296250000003 0.6768518515624999 0.2796296296875 0.675 0.26574074062499997 0.6611111109375 0.2611111109375 0.565740740625 0.25740740781250004 0.54444444375 0.26203703749999996 0.50648148125 0.24814814843750002 0.4583333328125 0.24814814843750002 0.44444444375 0.25740740781250004 0.4240740734375 0.26203703749999996 0.384259259375 0.2851851859375
2 0.53671875 0.721875 0.096875 0.1
2 0.39375 0.72890625 0.0984375 0.11015625
2 0.42421875 0.61171875 0.09296875 0.10625
2 0.29921875 0.58515625 0.09296875 0.09765625
2 0.34765625 0.4796875 0.08828125 0.08828125
2 0.45 0.36484375 0.08125 0.0875
2 0.57265625 0.346875 0.0875 0.09140625
2 0.6546875 0.41015625 0.09296875 0.07890625
2 0.68125 0.571875 0.0984375 0.1015625
2 0.5609375 0.56640625 0.11015625 0.0953125
2 0.49296875 0.47421875 0.09453125 0.08671875
0 0.3140625 0.6875 0.0515625 0.03671875
0 0.25703125 0.5265625 0.03984375 0.0359375
0 0.4734375 0.50859375 0.03671875 0.0328125
0 0.37890625 0.52890625 0.03359375 0.0578125
0 0.3921875 0.39609375 0.028125 0.0328125
0 0.5109375 0.3890625 0.03671875 0.03515625
0 0.653125 0.3609375 0.03828125 0.03671875
0 0.6859375 0.4875 0.02578125 0.03359375
0 0.625 0.5109375 0.0671875 0.04453125
0 0.56875 0.58828125 0.0265625 0.04453125
0 0.58125 0.665625 0.03125 0.0390625
0 0.484375 0.6375 0.03984375 0.04765625
0 0.45703125 0.58515625 0.03515625 0.03359375
0 0.371875 0.55625 0.03359375 0.03359375
0 0.40390625 0.45859375 0.03203125 0.04140625
0 0.41875 0.68828125 0.03515625 0.04296875
0 0.46640625 0.68828125 0.0328125 0.04765625
0 0.5296875 0.68125 0.03515625 0.03515625
0 0.528125 0.309375 0.03203125 0.0453125
0 0.36640625 0.36953125 0.02890625 0.04296875
0 0.59140625 0.46171875 0.03125 0.0453125