4 0.6585426890625 0.2999258078125 0.61643136875 0.27658312343749997 0.576494746875 0.270325809375 0.5601130750000001 0.2559519953125 0.47490467968749994 0.212954853125 0.46051269375 0.2102705515625 0.4521595609375 0.22152025156250002 0.441640815625 0.2252175671875 0.3835269296875 0.207825771875 0.37804310937499996 0.2100793453125 0.3679914328125 0.23203279999999998 0.35388150625 0.24220877968750001 0.3085671953125 0.25520244999999997 0.2832166515625 0.2665582828125 0.2556125375 0.27243029375 0.20592446562500002 0.3200526921875 0.19101379062499999 0.339312759375 0.1764731359375 0.36936454375 0.1741861109375 0.42314720625 0.1601914 0.4598535828125 0.1554657921875 0.5027565640625 0.15540797343749999 0.6308225171874999 0.187555578125 0.67405009375 0.21986093750000002 0.6940745703125 0.22798652343749998 0.7271625078125 0.25192966562499997 0.748903696875 0.26391940625 0.7788402640625 0.2713929140625 0.788276203125 0.28884830625 0.796893225 0.33076553125 0.8053070640625 0.38340468125 0.8344854203125 0.3936595359375 0.8369937984375 0.4029286359375 0.8431904046875 0.4194073546875 0.8650286406250001 0.432364684375 0.87221100625 0.45277735 0.8697633375 0.47481876874999995 0.8777464484375 0.51266865625 0.8648498265625 0.5555443828125 0.8409764781250001 0.5630967671875 0.838810865625 0.577488753125 0.8414951671875001 0.60320023125 0.831398065625 0.6198276203125 0.820500215625 0.63862061875 0.8171547515625001 0.6611807265625 0.80319349375 0.6783358921875 0.7798842593749999 0.69235785625 0.77177684375 0.730726434375 0.7369358515625 0.738269734375 0.725237253125 0.7727894375 0.615215175 0.7746639078124999 0.6003742921875 0.7690466984375 0.557031496875 0.7699172375 0.526812871875 0.752258665625 0.49373401875 0.7451279234375 0.46649083906250005 0.7263956296875 0.43916878125 0.7220462359375001 0.40499803749999996 0.705373421875 0.3682309546875 0.6817730453124999 0.32868252343750004 0.66620120625 0.31475760625000004 0.6585426890625 0.2999258078125
2 0.36015625 0.6765625 0.1328125 0.134375
2 0.48203125 0.7515625 0.1390625 0.14375
2 0.5125 0.634375 0.1328125 0.1375
2 0.634375 0.671875 0.128125 0.13125
2 0.64296875 0.55625 0.1203125 0.1203125
2 0.609375 0.40625 0.1140625 0.115625
2 0.5109375 0.33046875 0.1203125 0.121875
2 0.40859375 0.34609375 0.1203125 0.1140625
2 0.30625 0.475 0.1359375 0.1359375
2 0.41484375 0.52890625 0.1421875 0.1375
2 0.51875 0.48125 0.125 0.121875
0 0.571875 0.75390625 0.0625 0.0578125
0 0.7 0.64140625 0.0515625 0.05
0 0.51875 0.5203125 0.0484375 0.046875
0 0.5921875 0.584375 0.0578125 0.0671875
0 0.64453125 0.46171875 0.040625 0.0421875
0 0.54453125 0.39765625 0.0484375 0.0484375
0 0.43359375 0.30390625 0.0515625 0.05
0 0.34375 0.39921875 0.0390625 0.0421875
0 0.38515625 0.44921875 0.0796875 0.071875
0 0.396875 0.54375 0.0453125 0.0515625
0 0.3484375 0.60546875 0.046875 0.05
0 0.446875 0.628125 0.0578125 0.0609375
0 0.49609375 0.5953125 0.046875 0.046875
0 0.58515625 0.6109375 0.0453125 0.0453125
0 0.60390625 0.51015625 0.0484375 0.0515625
0 0.4796875 0.70390625 0.0515625 0.0546875
0 0.43828125 0.68125 0.0515625 0.0578125
0 0.3859375 0.64375 0.0484375 0.0484375
0 0.56796875 0.31953125 0.05 0.0546875
0 0.68046875 0.45078125 0.046875 0.0515625
0 0.43828125 0.421875 0.05 0.0546875