4 0.3258968125 0.343017521875 0.2968022625 0.3588573703125 0.2780805796875 0.3798939328125 0.247329190625 0.40135058125 0.23438587968750002 0.428670790625 0.209703690625 0.4647393453125 0.20463623593750002 0.478813659375 0.1854445390625 0.5925156671875 0.186854615625 0.60636378125 0.20522379062499999 0.6548263015625 0.2140367625 0.6684159000000001 0.21873995468750002 0.6969728625 0.2325028796875 0.7196545078125001 0.24772875625 0.7311671828125 0.257596346875 0.7484259140625 0.275921453125 0.7690952656250001 0.2899634546875 0.773237359375 0.2957095109375 0.7785956453125 0.3230737890625 0.8193321265625 0.3509433421875 0.848006590625 0.374206646875 0.8509001812499999 0.391283246875 0.8623482250000001 0.40608903749999997 0.8618311953125 0.43068603593750004 0.8498543656249999 0.4417580640625 0.8485412328124999 0.4520339875 0.850961859375 0.512182509375 0.8488614265625 0.5533508328125001 0.8603946625000001 0.572815746875 0.860641421875 0.5837585187500001 0.855626840625 0.6080323734374999 0.8343963921875 0.6392361625 0.8258948109375 0.661497721875 0.80010218125 0.6993729296875 0.7969265671875 0.7476415640625 0.7730052234375 0.8057307734375 0.6588713734375 0.820997771875 0.61849915625 0.8251927390624999 0.5794400703125 0.847571803125 0.5304810796874999 0.848259209375 0.49710342343749997 0.8437175874999999 0.4731732734375 0.8210653078125001 0.40818349375 0.7991356984375 0.3904194875 0.781703640625 0.368792459375 0.747227296875 0.33664275 0.7392750578125 0.3211701125 0.7402856078125 0.297046075 0.7364225890625 0.2925485234375 0.676747028125 0.281661575 0.669053303125 0.2735918328125 0.6667178640625 0.2597760328125 0.6526758640625 0.2556339390625 0.557234334375 0.2552608703125 0.53611258125 0.260630909375 0.4976880296875 0.24807536875 0.4495692125 0.249755715625 0.43601192656250004 0.25949405 0.4158155375 0.264831775 0.3768328359375 0.2893553390625 0.34528534375 0.31454575 0.3258968125 0.343017521875
2 0.54453125 0.7203125 0.1 0.103125
2 0.4015625 0.7328125 0.1015625 0.1140625
2 0.428125 0.6140625 0.096875 0.109375
2 0.30234375 0.5921875 0.096875 0.1015625
2 0.346875 0.48515625 0.090625 0.090625
2 0.4453125 0.36640625 0.084375 0.090625
2 0.5671875 0.34453125 0.090625 0.09375
2 0.6515625 0.4046875 0.0953125 0.0828125
2 0.68359375 0.565625 0.1015625 0.1046875
2 0.56328125 0.5640625 0.1140625 0.0984375
2 0.4921875 0.47421875 0.096875 0.090625
0 0.32109375 0.69375 0.053125 0.0390625
0 0.2578125 0.53515625 0.040625 0.0375
0 0.4734375 0.509375 0.0375 0.034375
0 0.3796875 0.5328125 0.0359375 0.059375
0 0.38828125 0.4 0.0296875 0.034375
0 0.50703125 0.3890625 0.0375 0.0359375
0 0.6484375 0.35546875 0.0390625 0.0375
0 0.68515625 0.48125 0.0265625 0.034375
0 0.625 0.50625 0.06875 0.046875
0 0.571875 0.5859375 0.028125 0.0453125
0 0.58671875 0.6625 0.0328125 0.040625
0 0.4890625 0.63828125 0.0421875 0.0484375
0 0.46015625 0.58671875 0.0359375 0.034375
0 0.37421875 0.5609375 0.034375 0.034375
0 0.40234375 0.46171875 0.0328125 0.0421875
0 0.425 0.690625 0.0359375 0.04375
0 0.47265625 0.6890625 0.034375 0.0484375
0 0.5359375 0.68046875 0.0359375 0.0359375
0 0.52109375 0.30859375 0.0328125 0.046875
0 0.36171875 0.37421875 0.0296875 0.04375
0 0.58984375 0.45859375 0.0328125 0.046875