4 0.3048327140625 1 0.4151177203125 0.8963093140625 0.506815365625 0.824253075 0.5427509296874999 0.7855887515625 0.5563816609375001 0.7609841828125 0.5873605953125 0.73110720625 0.61462205625 0.7205623906249999 0.7050805453125 0.664323375 0.7410161093750001 0.6291739890625 0.7385377937500001 0.5852372578125 0.7199504343750001 0.5395430578125 0.6914498140625 0.5166959578125 0.6604708796875001 0.47451669531249996 0.582403965625 0.39191564218749997 0.514250309375 0.35325131875000004 0.46716232968750004 0.312829525 0.3804213140625 0.198594025 0.355638165625 0.191564146875 0.0495662953125 0.22319859375 0 0.221441125 0 0.609841828125 0.1263940515625 0.9086116000000001 0.14498141250000002 0.9859402453125 0.1536555140625 0.9947275921875001 0.1672862453125 1 0.3048327140625 1
1 0.14921875 0.765625 0.065625 0.11484375
1 0.096875 0.284375 0.06640625 0.075
1 0.02890625 0.41171875 0.02890625 0.03828125
1 0.20703125 0.5578125 0.0609375 0.0640625
1 0.13359375 0.60859375 0.06640625 0.06015625
1 0.240625 0.70234375 0.06484375 0.0828125
1 0.35390625 0.6609375 0.05859375 0.08203125
1 0.52109375 0.578125 0.03984375 0.05234375
1 0.60625 0.4921875 0.059375 0.05859375
1 0.55078125 0.44296875 0.04921875 0.04609375
1 0.58125 0.5234375 0.04375 0.04296875
1 0.36875 0.42109375 0.04921875 0.040625
1 0.1265625 0.5078125 0.0515625 0.0625
1 0.06171875 0.59296875 0.0546875 0.09453125
1 0.0890625 0.45625 0.0390625 0.05234375
1 0.140625 0.3828125 0.04140625 0.040625
1 0.225 0.3453125 0.065625 0.0421875
1 0.26484375 0.27890625 0.0671875 0.06015625
1 0.20703125 0.42890625 0.05 0.05