4 0 0.5747289796875 0.0670728234375 0.8451360671874999 0.073334478125 0.924420371875 0.08052714375 0.9344564609375 0.093165271875 0.9417962718749999 0.2290183140625 0.9633132796874999 0.3541663265625 0.8781515750000001 0.45600710156249996 0.8213271390625 0.497548671875 0.7887603984375 0.5148605875000001 0.76659106875 0.550131909375 0.7419281015625 0.578707309375 0.7357777421875 0.676849825 0.694381946875 0.7178415375 0.66528686875 0.722266953125 0.621503378125 0.7110565828125 0.5734640453125001 0.6864809265625 0.5464397515625 0.662481684375 0.49993361406250003 0.5982975546875 0.40613716093749996 0.537031415625 0.357287278125 0.49684652968750004 0.3099969609375 0.42904380781249996 0.1835986046875 0.40566549687500003 0.1727783375 0.0984131609375 0.1561431234375 0.0497320390625 0.14665341406250001 0 0.46064915156249997 0 0.5747289796875
1 0.11171875 0.7078125 0.0828125 0.1234375
1 0.1359375 0.22421875 0.0765625 0.084375
1 0.0484375 0.3390625 0.034375 0.0421875
1 0.2015625 0.5109375 0.0703125 0.0734375
1 0.12109375 0.55 0.075 0.0703125
1 0.2125 0.659375 0.0765625 0.0921875
1 0.33046875 0.6359375 0.0703125 0.090625
1 0.50859375 0.58046875 0.046875 0.0578125
1 0.60625 0.50859375 0.0671875 0.0671875
1 0.559375 0.4515625 0.05625 0.053125
1 0.5765625 0.5359375 0.05 0.05
1 0.3828125 0.4015625 0.0546875 0.0484375
1 0.1296875 0.44921875 0.0609375 0.0703125
1 0.05234375 0.5234375 0.06875 0.1015625
1 0.10078125 0.3921875 0.046875 0.0578125
1 0.16328125 0.328125 0.046875 0.046875
1 0.25234375 0.30390625 0.071875 0.0515625
1 0.30234375 0.24453125 0.075 0.0703125
1 0.221875 0.38359375 0.0578125 0.0578125