4 1 0.39827385 0.8514108031250001 0.0482196390625 0.8064714859375 0.0692044921875 0.5123702796875 0.1596766375 0.49230406406249994 0.175831221875 0.4570939046875 0.31487796874999996 0.42954324374999997 0.370485165625 0.3819148265625 0.43270561875 0.34232865625 0.5392434625 0.330293146875 0.5901741125 0.3129852609375 0.6223410578124999 0.313729653125 0.6716654515625 0.3286158 0.7130777796875 0.3754286203125 0.7313918171875 0.4806704328125 0.74781515625 0.509884928125 0.7468698093749999 0.5500750515624999 0.7622672765625 0.5722359765625 0.7795899515625 0.6204221921874999 0.8011395046875001 0.7329849359375 0.8316384984375 0.8750179984375 0.8839944921875 1 0.8309427812499999 1 0.39827385
1 0.9265625 0.6078125 0.1046875 0.13125
1 0.78671875 0.14375 0.090625 0.0953125
1 0.89921875 0.234375 0.0421875 0.046875
1 0.7921875 0.4390625 0.08125 0.0828125
1 0.8796875 0.45703125 0.084375 0.08125
1 0.81796875 0.58515625 0.0921875 0.1015625
1 0.69765625 0.59140625 0.0859375 0.0984375
1 0.5109375 0.58046875 0.0578125 0.0640625
1 0.39921875 0.534375 0.078125 0.0765625
1 0.43125 0.4671875 0.0640625 0.0609375
1 0.434375 0.553125 0.0578125 0.05625
1 0.58984375 0.37578125 0.0609375 0.05625
1 0.846875 0.3609375 0.071875 0.078125
1 0.93984375 0.4140625 0.0875 0.1078125
1 0.8609375 0.29921875 0.05625 0.0640625
1 0.78515625 0.2515625 0.0546875 0.053125
1 0.69296875 0.25 0.0765625 0.0640625
1 0.6296875 0.2046875 0.0859375 0.08125
1 0.7421875 0.3203125 0.065625 0.065625