4 0.0620370375 0.709259259375 0.075 0.727777778125 0.09074074062500001 0.7361111109375 0.0925925921875 0.752777778125 0.0898148140625 0.7601851859375001 0.1129629625 0.8083333328125001 0.165740740625 0.8509259265625 0.2611111109375 0.9064814812499999 0.340740740625 0.9444444437499999 0.43240740781250003 0.972222221875 0.48333333281249996 0.977777778125 0.5101851859375001 0.9768518515625001 0.51851851875 0.98148148125 0.5953703703125 0.965740740625 0.6324074078125 0.9546296296874999 0.672222221875 0.9490740734375 0.6981481484375001 0.940740740625 0.7888888890625 0.8888888890625 0.8324074078124999 0.8574074078124999 0.8870370375000001 0.8268518515625001 0.9018518515625 0.8111111109375001 0.9546296296874999 0.7361111109375 0.9768518515625001 0.6703703703125 0.99444444375 0.5703703703125 0.99351851875 0.5296296296875 0.9833333328125 0.4574074078125 0.975 0.41018518593750003 0.9638888890624999 0.3768518515625 0.9370370375 0.328703703125 0.9018518515625 0.2824074078125 0.8648148140625 0.24351851875000002 0.853703703125 0.22685185156249998 0.8509259265625 0.2148148140625 0.8240740734375 0.1888888890625 0.8120370375 0.1824074078125 0.7981481484375 0.1620370375 0.7787037031249999 0.15370370312499998 0.7629629625 0.13703703750000001 0.709259259375 0.1 0.6824074078125 0.0888888890625 0.659259259375 0.0740740734375 0.603703703125 0.0629629625 0.4888888890625 0.0675925921875 0.42222222187499997 0.0824074078125 0.4046296296875 0.0925925921875 0.39444444375 0.09444444375 0.34444444375 0.0888888890625 0.29814814843750004 0.0981481484375 0.26944444375 0.11574074062499999 0.2398148140625 0.125 0.20555555625 0.15555555625 0.1648148140625 0.1740740734375 0.1296296296875 0.20833333281250002 0.1 0.22870370312500002 0.08333333281250001 0.25648148125 0.05648148125 0.33055555625 0.047222221875 0.34351851875 0.0416666671875 0.3703703703125 0.0425925921875 0.397222221875 0.0333333328125 0.4175925921875 0.0259259265625 0.48425925937500003 0.025 0.5527777781250001 0.04444444375 0.6351851859375001 0.058333332812500006 0.6740740734374999 0.0620370375 0.709259259375
0 0.771875 0.5140625 0.05625 0.0640625
0 0.49765625 0.16796875 0.04609375 0.04453125
0 0.62265625 0.528125 0.04765625 0.0484375
0 0.803125 0.36796875 0.0453125 0.059375
0 0.60546875 0.32109375 0.03828125 0.0453125
0 0.4203125 0.346875 0.0421875 0.05234375
0 0.16640625 0.24453125 0.04140625 0.053125
0 0.359375 0.6453125 0.05234375 0.0640625
0 0.45859375 0.5796875 0.0515625 0.05625
0 0.296875 0.48203125 0.05859375 0.0546875
0 0.67109375 0.75 0.078125 0.07421875