4 0.9701613328124999 0.5857835390624999 0.974017271875 0.5173673390625 0.9712783406250001 0.45034635312500004 0.9634626015625001 0.42937971093750005 0.9662593609375 0.402657859375 0.96259043125 0.37548388125 0.9542579765625 0.3619066015625 0.9326386812499999 0.286139878125 0.91795029375 0.25726715625 0.8898138046874999 0.2348795484375 0.857104134375 0.19824935 0.817754421875 0.1769340109375 0.785710065625 0.1440630828125 0.7567985046875 0.13275951875 0.72939191875 0.11320751250000001 0.6838542921874999 0.1007413421875 0.633588553125 0.102795540625 0.62355735625 0.1002377171875 0.6067181015625 0.08885014531249999 0.5412472609375001 0.0694209875 0.42703507656250006 0.05679355781249999 0.370839778125 0.06400224374999999 0.34671458906249997 0.0771662375 0.319153075 0.0863771921875 0.26299661875 0.119577828125 0.2461316140625 0.1351058765625 0.2261532296875 0.142062534375 0.2108772078125 0.16141444375 0.19841736875 0.16704047500000002 0.169822425 0.19103015625 0.166211753125 0.20284410312499998 0.15396510000000002 0.2186951 0.11430553125000001 0.254905684375 0.0759765890625 0.29863480937500003 0.0458315015625 0.34479258125 0.032422240625 0.3772696453125 0.020815151562500002 0.42379553281250004 0.005616809375 0.4951313421875 0.001851209375 0.53570825 0.0124253 0.636691853125 0.030007546875000003 0.703822596875 0.07742502500000001 0.7823214921874999 0.09110573281249999 0.7990573171875 0.1434708390625 0.8333492124999999 0.18468731249999998 0.8677897046874999 0.2715900109375 0.9258450015624999 0.2968714796875 0.9359665359375 0.3362017703125 0.9442859015625 0.372373515625 0.9579535187499999 0.447940140625 0.9790168296875 0.45657612031249994 0.9749797812500001 0.483297975 0.9777765437499999 0.5344873828125001 0.9757869328125001 0.6278684343750001 0.9544711640625 0.709952253125 0.922155359375 0.8089656656249999 0.8733878359375 0.8645859890625 0.8345805875 0.89103639375 0.788164459375 0.8887820968750001 0.780581328125 0.8917920453124999 0.7640844390625 0.908075746875 0.756869425 0.9222989187499999 0.7393002656250001 0.9284479953125 0.704459146875 0.9450158046875 0.66663383125 0.9701613328124999 0.5857835390624999
0 0.228125 0.4953125 0.0609375 0.0671875
0 0.52578125 0.16875 0.0484375 0.046875
0 0.37578125 0.51953125 0.0515625 0.0515625
0 0.20703125 0.346875 0.05 0.0625
0 0.40703125 0.3140625 0.040625 0.0484375
0 0.58984375 0.353125 0.0453125 0.0546875
0 0.85078125 0.26875 0.0453125 0.05625
0 0.63046875 0.6546875 0.05625 0.0671875
0 0.5359375 0.58203125 0.0546875 0.059375
0 0.70390625 0.49609375 0.0625 0.059375
0 0.31171875 0.7375 0.0828125 0.0796875