4 0.947188709375 0.3313798578125 0.9152569453125 0.270749771875 0.8783908640625 0.21471222812500002 0.8608928499999999 0.2007657109375 0.8495273687499999 0.176420175 0.8323868484375 0.15501716875 0.8182517265625 0.1476707015625 0.7606976249999999 0.093860703125 0.73323666875 0.0766770296875 0.6975885203125001 0.07197846718749999 0.6506849124999999 0.057426982812500006 0.605977415625 0.0594227734375 0.5615802609375 0.0477509515625 0.5309764515625 0.0529524609375 0.49741439375 0.050308556250000004 0.4519604765625 0.0630765734375 0.40993232031250004 0.090726134375 0.4000165296875 0.0937001 0.3797174375 0.09261190312499999 0.3135912171875 0.10967783906249999 0.2091886609375 0.15767764374999999 0.1647326359375 0.1927994109375 0.1508332703125 0.2165085484375 0.13195243437499998 0.23859910625 0.1009165484375 0.29598031874999997 0.09445795312500001 0.3179765734375 0.0809160796875 0.334229221875 0.07778894374999999 0.3586847796875 0.070006396875 0.3699245203125 0.057851345312500004 0.40521517500000004 0.060841028124999995 0.41720133906249995 0.0585074640625 0.43709578593750004 0.043162409375 0.488560503125 0.03283025625 0.5457845453125 0.030763884375 0.6008753453125 0.035996828125000005 0.6356199015625 0.050010215625 0.6814784640625 0.07372334999999999 0.7504529125 0.0913942546875 0.7871735390625 0.15246841875 0.868287321875 0.20211423437499998 0.9167740734375001 0.28318886718749997 0.959638953125 0.303535109375 0.9669382703125 0.3660823984375 0.9693621374999999 0.4191499765625 0.9776553484375 0.523540815625 0.9826602515625 0.5504242390625 0.9783151812499999 0.58842166875 0.965189671875 0.62646625 0.95827528125 0.702087896875 0.937410371875 0.70741114375 0.9295020890625001 0.73175668125 0.9181366093750001 0.77460984375 0.8900666859375 0.84367459375 0.8237007078125 0.8973902890625001 0.753724365625 0.9571442171875001 0.6609267625 0.9848329296875 0.5990158734375 0.9835992796875 0.5456065203125 0.9777613687500001 0.54026755625 0.971844871875 0.524576725 0.9820867203124999 0.5100055234374999 0.9852295734375 0.48762034062500004 0.9725558578125 0.4545886640625 0.9672757624999999 0.41363298750000005 0.947188709375 0.3313798578125
0 0.2640625 0.6359375 0.0796875 0.0828125
0 0.3515625 0.203125 0.0609375 0.0609375
0 0.403125 0.58046875 0.0640625 0.0640625
0 0.1703125 0.5203125 0.0671875 0.0734375
0 0.325 0.38828125 0.0546875 0.0578125
0 0.5015625 0.32734375 0.0609375 0.065625
0 0.68125 0.12109375 0.0609375 0.065625
0 0.69140625 0.565625 0.075 0.08125
0 0.5734375 0.55234375 0.071875 0.0734375
0 0.67265625 0.39140625 0.0765625 0.075
0 0.4609375 0.80078125 0.103125 0.1015625