4 1 0.4924565140625 0.9930620609374999 0.48138296093750005 0.992149803125 0.47269555937499996 0.9982830500000001 0.45497855625000005 0.997324721875 0.4251768453125 0.97990301875 0.36828716093749997 0.9605663203124999 0.32699383593750003 0.932952696875 0.2886421015625 0.9002315968750001 0.2542807671875 0.8798238906250001 0.2431996265625 0.8619242703125 0.2278089203125 0.811600509375 0.202500225 0.76941713125 0.186106784375 0.7523384562500001 0.1747747515625 0.7273933312499999 0.1684136484375 0.6933955703125 0.14444988593750002 0.6587825109375001 0.13624206562500002 0.6288212171875001 0.1385000890625 0.6100554109375 0.13553629218750002 0.6038530578125 0.12158183125 0.5927028109375 0.110318071875 0.5667319156249999 0.1176835734375 0.53957566875 0.1400753765625 0.5294972625 0.136199321875 0.5199658765625 0.1224957515625 0.5140374515625 0.12242747812500002 0.4807018875 0.141421975 0.4348481046875 0.1549215546875 0.41651580624999995 0.16454424843749998 0.4041802078125 0.168306790625 0.3745380796875 0.16796542187500002 0.35100699375 0.1769497859375 0.34152167968749997 0.184360525 0.33028095625 0.20606792812500002 0.26951605 0.271167928125 0.21212541406250002 0.31953145781250003 0.2005424890625 0.333281096875 0.19037360625 0.3623762046875 0.1665694265625 0.3950742703125 0.1544394796875 0.418651425 0.1332807640625 0.472782965625 0.10988705781250001 0.5075103671875001 0.09755229062500001 0.5488727984375 0.089049171875 0.6342422937500001 0.100336796875 0.6712490921875001 0.10704176406250002 0.729461509375 0.1145438140625 0.7435755515625 0.11215007343750001 0.7630709999999999 0.13185117500000001 0.785279353125 0.17009022499999998 0.817679625 0.21861333906249997 0.8737705640625 0.2732927328125 0.9227016546875 0.309000665625 0.9488543343750001 0.34053558125 0.96064208125 0.365184578125 0.98015973125 0.4132050734375 0.9919927171875 0.480697984375 0.9956622859375001 0.5094098109375 1 0.56953300625 1 0.5732042921875 0.9997645328125 0.6327846781249999 0.9872907218750001 0.6825145140625 0.9637127359375001 0.7799900890625 0.90048165625 0.8150127890625001 0.8731189234375 0.8864483625 0.78558188125 0.9592288734375 0.6817188421875 0.968759425 0.6578225203125 0.9765337390625 0.610622971875 0.9834879328125 0.596964640625 1 0.5976642296875 1 0.4924565140625
2 0.7875 0.31328125 0.13125 0.1328125
2 0.784375 0.6546875 0.14375 0.146875
2 0.57421875 0.66484375 0.121875 0.121875
2 0.396875 0.77109375 0.140625 0.1390625
2 0.2234375 0.5875 0.1203125 0.1234375
2 0.31015625 0.53125 0.1171875 0.121875
2 0.503125 0.4734375 0.1203125 0.1203125
2 0.45703125 0.3609375 0.0953125 0.0984375
2 0.375 0.30859375 0.1046875 0.10625
2 0.4953125 0.22421875 0.1125 0.109375
2 0.67421875 0.40703125 0.09375 0.096875