4 0.384259259375 0.18055555625 0.36666666718749996 0.184259259375 0.340740740625 0.2009259265625 0.3018518515625 0.21203703749999997 0.27777777812500004 0.22314814843750003 0.22777777812500002 0.252777778125 0.1879629625 0.26574074062499997 0.15277777812499999 0.290740740625 0.09351851875 0.352777778125 0.07962962968750001 0.3888888890625 0.0490740734375 0.4388888890625 0.046296296875 0.4546296296875 0.0324074078125 0.46851851875 0.034259259375000004 0.4981481484375 0.04444444375 0.547222221875 0.048148148437499996 0.621296296875 0.061111110937500004 0.69351851875 0.0731481484375 0.7361111109375 0.09074074062500001 0.7648148140625 0.0981481484375 0.7953703703125 0.12870370312499999 0.834259259375 0.17962962968750001 0.878703703125 0.21203703749999997 0.9129629625 0.25 0.9388888890624999 0.3046296296875 0.965740740625 0.3583333328125 0.977777778125 0.47407407343749997 0.9879629624999999 0.51851851875 0.9879629624999999 0.628703703125 0.9629629625 0.75 0.9259259265625 0.772222221875 0.9129629625 0.8074074078125 0.88055555625 0.821296296875 0.8740740734375001 0.8462962968750001 0.8953703703125001 0.8620370375 0.9009259265624999 0.875 0.890740740625 0.8925925921875001 0.8601851859374999 0.9 0.7888888890625 0.9046296296874999 0.7814814812499999 0.9203703703125001 0.771296296875 0.9379629625 0.747222221875 0.959259259375 0.6916666671875 0.9694444437499999 0.647222221875 0.9712962968750001 0.6 0.9666666671874999 0.5527777781250001 0.9574074078124999 0.5314814812499999 0.952777778125 0.5083333328124999 0.928703703125 0.4574074078125 0.9055555562500001 0.41851851875 0.8990740734375 0.3990740734375 0.8833333328125 0.378703703125 0.871296296875 0.33888888906250003 0.8490740734375001 0.3111111109375 0.8240740734375 0.29444444375 0.8111111109375001 0.28055555625 0.8148148140625 0.26574074062499997 0.8129629625 0.25 0.7879629625 0.2398148140625 0.752777778125 0.240740740625 0.747222221875 0.23148148124999998 0.7481481484375 0.2148148140625 0.74351851875 0.21111111093749999 0.70555555625 0.20555555625 0.6611111109375 0.1879629625 0.640740740625 0.184259259375 0.628703703125 0.17962962968750001 0.60555555625 0.1611111109375 0.58148148125 0.15370370312499998 0.5694444437499999 0.15370370312499998 0.547222221875 0.16388888906250001 0.459259259375 0.177777778125 0.384259259375 0.18055555625
2 0.84140625 0.5296875 0.08984375 0.0984375
2 0.62890625 0.796875 0.09375 0.1140625
2 0.45703125 0.67578125 0.08671875 0.0875
2 0.2515625 0.65 0.1015625 0.09765625
2 0.228125 0.3984375 0.08046875 0.09296875
2 0.33125 0.4078125 0.071875 0.09765625
2 0.51875 0.48046875 0.0875 0.084375
2 0.5515625 0.3640625 0.06171875 0.07578125
2 0.51953125 0.271875 0.071875 0.07890625
2 0.66640625 0.2796875 0.08515625 0.07265625
2 0.69453125 0.53359375 0.06171875 0.07421875