4 0.48221754062500005 1 0.5042121953125001 0.9983204859375 0.6178734765625 0.974221309375 0.6603759109375 0.9612270109375001 0.758437234375 0.9051043625 0.8636048781250001 0.8342220625 0.881066090625 0.8153283703125 0.9052388421875 0.7740498609375 0.9166258515625 0.76379086875 0.9467599046874999 0.7768473265625 0.9634371375 0.777557984375 0.9728558203125001 0.7640278390625 0.9807461203125 0.729663840625 0.9669848390625001 0.6593171359375 0.969246459375 0.650879825 0.9813215453125 0.6365375375 0.9911068468750001 0.608371809375 0.9952297234374999 0.5490173328125 0.991975565625 0.5035370390625 0.9799400609375001 0.4578367734375 0.9617062828125 0.4140315109375 0.9466251734375 0.39637290625 0.9354299734374999 0.3755897953125 0.8975185218749999 0.33392766875 0.864011828125 0.303505903125 0.8521285484375 0.2868060890625 0.8311198843750001 0.27192795468750003 0.8079680843749999 0.237372146875 0.7785954296875001 0.21730527500000002 0.74981495 0.2086761546875 0.7333576890625 0.1991841484375 0.732568125 0.18393381250000002 0.72619504375 0.169422296875 0.6993095640625 0.166991446875 0.6659325203125 0.1781640671875 0.65791256875 0.17093368125 0.653925175 0.154724553125 0.64841498125 0.15253625625 0.6104865328125 0.15832275 0.5628405203125 0.1544931671875 0.54227738125 0.1569070171875 0.5294127328125 0.1559989703125 0.5018617578125 0.1450574859375 0.47667388906249997 0.145012325 0.4651628125 0.14853161406249998 0.44688945625 0.1647689046875 0.366830775 0.203768796875 0.29592006249999997 0.2283530765625 0.280179040625 0.23703852187500002 0.260258815625 0.2605569421875 0.2263177609375 0.28255256093750003 0.206544184375 0.300216746875 0.1673918125 0.3431702890625 0.13310671875 0.36720755625 0.1067682515625 0.401402328125 0.0682362140625 0.478054371875 0.0655120703125 0.5166483171875 0.0509102328125 0.5733971359375001 0.052855978125 0.5892622234375 0.0436346859375 0.606604953125 0.0540684859375 0.6343984796875 0.07815649687500001 0.678350390625 0.10335552968749999 0.748104921875 0.13686780781250002 0.813381371875 0.1608317515625 0.8505935812500001 0.1860477828125 0.87289949375 0.2020651015625 0.8999542015625 0.242655534375 0.92821025 0.3043505390625 0.9558233843749999 0.345358334375 0.9791106671875 0.38924250312500003 0.9928044578125 0.43379084843750004 1 0.48221754062500005 1
2 0.83515625 0.42890625 0.1140625 0.1203125
2 0.71015625 0.74609375 0.1234375 0.1359375
2 0.51015625 0.68046875 0.1078125 0.109375
2 0.30625 0.71640625 0.125 0.1234375
2 0.21015625 0.48203125 0.1046875 0.1125
2 0.31171875 0.4609375 0.096875 0.1140625
2 0.5125 0.47578125 0.1078125 0.10625
2 0.509375 0.3546875 0.08125 0.090625
2 0.45234375 0.27578125 0.0921875 0.096875
2 0.59453125 0.240625 0.103125 0.09375
2 0.69609375 0.475 0.08125 0.0890625