4 0.434259259375 0 0.28148148125 0.013888889062500001 0.22870370312500002 0.025 0.2009259265625 0.0351851859375 0.190740740625 0.0509259265625 0.18055555625 0.0574074078125 0.1518518515625 0.051851851562499995 0.11851851875 0.08055555625000001 0.10092592656249999 0.0870370375 0.072222221875 0.1074074078125 0.037037037499999995 0.12407407343750002 0 0.1601851859375 0 0.8231481484375 0.0638888890625 0.890740740625 0.09444444375 0.9175925921875001 0.1703703703125 0.9648148140625 0.1916666671875 0.972222221875 0.6203703703125 0.996296296875 0.8870370375000001 1 0.9083333328125001 0.98055555625 0.9638888890624999 0.95 1 0.91851851875 1 0.49444444374999996 0.99351851875 0.4768518515625 0.990740740625 0.45277777812500003 0.9870370375 0.20277777812500003 0.978703703125 0.1879629625 0.9629629625 0.171296296875 0.9481481484375 0.16388888906250001 0.9175925921875001 0.13981481406250001 0.8731481484374999 0.1166666671875 0.85648148125 0.10092592656249999 0.8046296296875 0.07685185156249999 0.7620370375000001 0.05 0.7333333328125 0.0425925921875 0.6925925921875 0.025 0.6629629625 0.019444443750000002 0.602777778125 0 0.5620370375 0 0.5555555562500001 0.002777778125 0.5509259265625001 0 0.434259259375 0
0 0.75078125 0.81328125 0.0625 0.08515625
0 0.41796875 0.6171875 0.084375 0.07421875
0 0.190625 0.5265625 0.084375 0.0640625
0 0.1140625 0.53671875 0.07421875 0.059375
0 0.16171875 0.315625 0.0578125 0.06171875
0 0.43984375 0.36796875 0.04609375 0.05546875
0 0.35390625 0.38828125 0.05546875 0.04609375
0 0.34296875 0.45 0.03984375 0.05625
0 0.90859375 0.50703125 0.05859375 0.053125
0 0.82265625 0.475 0.07578125 0.0640625
0 0.85859375 0.39140625 0.07890625 0.0953125
0 0.7734375 0.25625 0.05546875 0.053125
0 0.6921875 0.25546875 0.05546875 0.053125
0 0.51796875 0.2359375 0.0625 0.05546875
0 0.29765625 0.14453125 0.0609375 0.08125
0 0.5703125 0.76953125 0.05078125 0.06171875
0 0.36484375 0.53828125 0.0359375 0.03984375
0 0.475 0.821875 0.059375 0.0703125