4 0.40510688593750005 0 0.3566888328125 0.016488103125 0.25010852968749997 0.0639407109375 0.2470089765625 0.06836137812500001 0.23995802500000002 0.0684600078125 0.20273950625 0.085030759375 0.15566637187500001 0.1272736625 0.13085800625 0.14440037187500002 0.100795040625 0.17704275625000002 0.077585765625 0.195484609375 0.049597128125 0.23733896406250002 0.0120199125 0.28042177343749997 0.0031964906250000003 0.3015806 0 0.3056008671875 0 0.5805048937499999 0.0324790171875 0.6564625953125 0.0397331984375 0.6795851796875 0.0409676234375 0.69829306875 0.175296203125 1 0.5964645578125001 1 0.973746596875 0.8059860015625 0.99018886875 0.7905570125 1 0.7760771421875 1 0.39372171875 0.824703796875 0 0.40510688593750005 0
0 0.3984375 0.88828125 0.0921875 0.103125
0 0.62265625 0.5734375 0.1078125 0.1015625
0 0.79375 0.3984375 0.103125 0.0921875
0 0.8671875 0.3765625 0.0921875 0.084375
0 0.734375 0.19375 0.078125 0.0796875
0 0.5015625 0.3546875 0.0640625 0.06875
0 0.58828125 0.33828125 0.06875 0.0640625
0 0.6234375 0.390625 0.059375 0.0671875
0 0.1296875 0.67265625 0.075 0.071875
0 0.1953125 0.60859375 0.0953125 0.0890625
0 0.128125 0.546875 0.1109375 0.11875
0 0.15078125 0.38828125 0.071875 0.0703125
0 0.225 0.3546875 0.071875 0.0703125
0 0.3765625 0.26640625 0.0796875 0.0765625
0 0.540625 0.09296875 0.0890625 0.0984375
0 0.5453125 0.775 0.071875 0.0765625
0 0.6390625 0.4796875 0.0484375 0.0515625
0 0.65390625 0.78359375 0.0828125 0.0890625