4 0.7751190421875 0.1851584765625 0.7533757296875 0.1710382046875 0.72554066875 0.16289826406250002 0.656830075 0.1513982859375 0.63663985625 0.1382866046875 0.6254247359375 0.1453559421875 0.6110632203125 0.147069865625 0.5855577984375 0.1404428109375 0.56785805 0.1421969421875 0.5402952390625 0.13533784375 0.5234926609375 0.14761096406250002 0.498531740625 0.14354559375 0.489374009375 0.1508469734375 0.47803826406249994 0.14790161562499998 0.44372777656249995 0.156533246875 0.40087527187500005 0.159617628125 0.37300920312499997 0.1702262328125 0.3533232796875 0.1563380046875 0.34493289374999997 0.1420569046875 0.3341416546875 0.1416732296875 0.3195883015625 0.14878277499999998 0.30996648125 0.1601989328125 0.3093105578125 0.16970933125 0.292668809375 0.1953353765625 0.2769552359375 0.212731865625 0.2307737015625 0.2379432296875 0.2171887328125 0.24016145 0.20112249375000002 0.249600634375 0.1751403765625 0.3100104546875 0.16392525625 0.31707979218750004 0.155120190625 0.33233847656250004 0.1568341140625 0.3466999921875 0.1476051671875 0.36941168750000003 0.145293928125 0.41207235468750003 0.1413399796875 0.4249611921875 0.131718159375 0.43637735 0.121681659375 0.4773332953125 0.124131921875 0.48886087500000003 0.117018975 0.559316396875 0.1238746671875 0.6167624625 0.138678465625 0.65176908125 0.1743284046875 0.6903769859375 0.2062070328125 0.7143913265624999 0.235604390625 0.7456266359375 0.24647604531249998 0.752686771875 0.26351986875 0.7604430390625 0.2780732203125 0.75333349375 0.2945323328125 0.7551898484375 0.3445839953125 0.7954220578125 0.3551431921875 0.79786311875 0.373780315625 0.8099662078125001 0.4002943296875 0.8150401703125001 0.4154323921875 0.8138305421875 0.437831628125 0.818440415625 0.4842946140625 0.8165966687499999 0.510183709375 0.8124324812499999 0.530636978125 0.8047382296875 0.5845529734375 0.8033183625 0.5934384546875 0.794736140625 0.610321446875 0.7891394828125 0.6529016984375 0.784774259375 0.666799128125 0.7871751140625001 0.7096114234375 0.7807525015625 0.73899038125 0.76781425625 0.755137034375 0.7650515343750001 0.779272 0.7431876015625 0.82471719375 0.720810171875 0.8978894359374999 0.633635890625 0.8922123640624999 0.610076434375 0.91087129375 0.581344203125 0.9093089984375 0.5582488359375 0.9150388843749999 0.5222244234375 0.9395885296875001 0.4708207046875 0.94501515625 0.4522639953125 0.9438675421875 0.39962884062500004 0.9344593640625 0.3648140578125 0.9176785921875 0.33625185625 0.8933333890625 0.31933785625 0.8771775359375 0.3000138015625 0.8621416937499999 0.26706456875 0.83545765 0.22655090625000002 0.8235371953125 0.21770563437499998 0.8068058312499999 0.2145684390625 0.7959341765625 0.2075083046875 0.7751190421875 0.1851584765625
1 0.446875 0.63359375 0.084375 0.090625
1 0.234375 0.4765625 0.0953125 0.0984375
1 0.32265625 0.3015625 0.109375 0.109375
1 0.4953125 0.484375 0.0828125 0.08125
1 0.5046875 0.33671875 0.08125 0.08125
1 0.61953125 0.34140625 0.0875 0.0921875
1 0.68671875 0.5390625 0.084375 0.096875
1 0.74296875 0.446875 0.0875 0.1
1 0.61953125 0.72109375 0.0796875 0.0859375
1 0.45546875 0.55546875 0.071875 0.071875
1 0.3453125 0.4859375 0.1328125 0.1140625