4 0.38240740781250004 0.0870370375 0.36759259218749996 0.08796296249999999 0.3231481484375 0.1074074078125 0.2925925921875 0.1268518515625 0.26851851875 0.134259259375 0.2388888890625 0.1351851859375 0.209259259375 0.15 0.1824074078125 0.1740740734375 0.15277777812499999 0.2175925921875 0.147222221875 0.23611111093749998 0.13981481406250001 0.2925925921875 0.125 0.32592592656249997 0.1111111109375 0.34444444375 0.1111111109375 0.378703703125 0.09351851875 0.3953703703125 0.1074074078125 0.5083333328124999 0.13333333281249998 0.5518518515624999 0.1416666671875 0.5833333328125 0.15370370312499998 0.5944444437499999 0.171296296875 0.621296296875 0.20370370312500002 0.65 0.2166666671875 0.6555555562500001 0.25 0.6824074078125 0.2611111109375 0.696296296875 0.2638888890625 0.7083333328125 0.3083333328125 0.7388888890625 0.321296296875 0.75648148125 0.340740740625 0.7740740734375 0.378703703125 0.8009259265625 0.4 0.809259259375 0.41203703750000004 0.81851851875 0.4370370375 0.828703703125 0.459259259375 0.828703703125 0.46944444374999994 0.8324074078124999 0.5333333328125 0.8259259265625 0.5481481484375 0.8333333328125001 0.55648148125 0.847222221875 0.575 0.85 0.5879629625 0.85 0.6296296296875 0.8398148140625 0.66944444375 0.8370370375 0.7203703703125 0.8240740734375 0.7518518515625 0.8027777781250001 0.7888888890625 0.7583333328124999 0.821296296875 0.6953703703125 0.8296296296874999 0.6870370375 0.8435185187500001 0.647222221875 0.8416666671874999 0.6324074078125 0.8453703703125001 0.61944444375 0.8666666671875 0.5824074078125 0.871296296875 0.5583333328125 0.88055555625 0.547222221875 0.88148148125 0.5296296296875 0.8759259265624999 0.5175925921875 0.8870370375000001 0.45277777812500003 0.878703703125 0.4361111109375 0.86851851875 0.4268518515625 0.8435185187500001 0.38055555625 0.8398148140625 0.3574074078125 0.8398148140625 0.32685185156249996 0.8444444437499999 0.31851851875000003 0.8425925921875 0.303703703125 0.834259259375 0.2898148140625 0.825 0.284259259375 0.8101851859375 0.2916666671875 0.7861111109375 0.2925925921875 0.76851851875 0.26851851875 0.734259259375 0.24259259218749998 0.7101851859375 0.2166666671875 0.6990740734374999 0.21296296250000002 0.6953703703125 0.2018518515625 0.672222221875 0.1916666671875 0.6648148140625 0.172222221875 0.6379629625 0.1629629625 0.6240740734375 0.1518518515625 0.5990740734375 0.14351851875 0.5879629625 0.134259259375 0.5824074078125 0.12222222187500001 0.5583333328125 0.12222222187500001 0.49444444374999996 0.09444444375 0.46666666718750005 0.0861111109375 0.440740740625 0.0861111109375 0.41111111093749997 0.09351851875 0.3981481484375 0.09351851875 0.38240740781250004 0.0870370375
1 0.471875 0.640625 0.053125 0.07265625
1 0.7359375 0.625 0.065625 0.075
1 0.75703125 0.43046875 0.08046875 0.07734375
1 0.5125 0.48984375 0.0625 0.05546875
1 0.58515625 0.36015625 0.05859375 0.059375
1 0.4859375 0.3015625 0.05625 0.07421875
1 0.321875 0.43125 0.04296875 0.0875
1 0.325 0.3234375 0.04765625 0.0875
1 0.2796875 0.6203125 0.04921875 0.0703125
1 0.50703125 0.5703125 0.053125 0.05078125
1 0.6375 0.57265625 0.1203125 0.05859375