4 0.40335651875 0 0.39218211406250003 0.0041513609375 0.33057871250000004 0.018481881250000002 0.29565708281249997 0.0394649140625 0.2915320296875 0.04518414375 0.2861330015625 0.0451875578125 0.18613015 0.105275334375 0.062327340625000005 0.19586680781250002 0.0228106 0.23257345468750001 0.00424615625 0.255610475 0.0036228296875000002 0.2743486828125 0 0.2816058125 0 0.6386622734375 0.21711361093749998 1 0.5995753578125 1 0.8587890343750001 0.8634136328125 1 0.7812127765625 1 0.361337728125 0.9257223281250001 0.237718921875 0.9111057593749999 0.2259773359375 0.8963256734374999 0.2067724890625 0.767877534375 0 0.40335651875 0
0 0.8765625 0.6390625 0.096875 0.1046875
0 0.48984375 0.64296875 0.1109375 0.1078125
0 0.2484375 0.68203125 0.1046875 0.0984375
0 0.18828125 0.73046875 0.09375 0.0890625
0 0.11484375 0.51640625 0.08125 0.0828125
0 0.38046875 0.41796875 0.06875 0.071875
0 0.3171875 0.4796875 0.071875 0.06875
0 0.33984375 0.53828125 0.0625 0.06875
0 0.85390625 0.2953125 0.078125 0.075
0 0.7640625 0.3125 0.0984375 0.09375
0 0.7515625 0.221875 0.1171875 0.121875
0 0.60859375 0.15 0.075 0.0734375
0 0.5390625 0.19140625 0.075 0.0734375
0 0.3796875 0.2640625 0.0828125 0.0796875
0 0.14375 0.29921875 0.09375 0.1015625
0 0.69921875 0.69453125 0.075 0.0796875
0 0.40390625 0.60234375 0.0515625 0.053125
0 0.64453125 0.7890625 0.0875 0.090625