4 0.2576619375 0.1440817734375 0.23094708125 0.168536728125 0.2085250296875 0.18001202031250002 0.1795063265625 0.1860690109375 0.15289940156249998 0.2058038859375 0.130635909375 0.2341749953125 0.1090133328125 0.2821775015625 0.106757884375 0.30137939375 0.1092709171875 0.358289078125 0.10046944687499999 0.39368856874999997 0.09000726875000001 0.4143375296875 0.0959563265625 0.44807631406250004 0.081525140625 0.4675446984375 0.11481883906250001 0.5763797187499999 0.14790780312500001 0.6147351046875 0.1615812375 0.6442912421875 0.175364828125 0.653143340625 0.19735292499999998 0.6765323328124999 0.2342523359375 0.699172475 0.24798307656250002 0.702392634375 0.285472775 0.7230482734375 0.2988268640625 0.7347967359375 0.3036526515625 0.7461685453125 0.3527278 0.768542196875 0.36854875 0.7836165234375 0.390752709375 0.797565353125 0.4328017046875 0.8174170671875001 0.45522153125000003 0.8219257343749999 0.468683553125 0.828954115625 0.49507238593749997 0.834643359375 0.5169570015625 0.8307845109375 0.5276305921875 0.8326633093750001 0.5894233671875 0.81518610625 0.6052993953125 0.8199084125 0.61591790625 0.8321392296875001 0.63463744375 0.8316591000000001 0.6474034703125 0.8294081046875 0.6866684875 0.8121423140624999 0.7253960687500001 0.80249296875 0.773297321875 0.7808837468750001 0.800602465625 0.7544442874999999 0.8293591296875 0.704243640625 0.8503407921875 0.6366097390625 0.8571004562500001 0.626955940625 0.863864571875 0.5853342203125 0.8594682875 0.5710660468750001 0.860864728125 0.557656878125 0.8754060734375001 0.51748445625 0.8757849484375001 0.49297219375 0.882974115625 0.48042203125 0.8808310515625 0.462935925 0.8732696890625 0.45204646875 0.872957021875 0.3862869140625 0.861856153125 0.37132051875 0.8502178515625 0.3639705671875 0.8175583906250001 0.3227188203125 0.8098913203125001 0.3005654859375 0.804585403125 0.2704741375 0.8076976296874999 0.2614634796875 0.8033013468749999 0.24719530625 0.7926828359375 0.2349644875 0.7825995328124999 0.23110118750000003 0.769296071875 0.2409686265625 0.745748521875 0.246060903125 0.72424278125 0.225407490625 0.6860020078125 0.2058244953125 0.657791684375 0.1844728625 0.6462062328125 0.18275485 0.6406293734374999 0.1724556828125 0.6160642578125 0.16644486875 0.6053928921875 0.1485821109375 0.5773411281249999 0.1441262953125 0.5617338171874999 0.1355957671875 0.53566655625 0.131730240625 0.52311639375 0.124541075 0.51555503125 0.11365161875 0.49184669531249997 0.1178320375 0.4241048625 0.10157045625000001 0.3953020234375 0.09818728593750001 0.36976997031250003 0.102689275 0.3418767640625 0.1151292796875 0.3291107390625 0.11738027499999999 0.3124836375 0.11373061250000001 0.298054678125 0.1172150359375 0.2576619375 0.1440817734375
1 0.496875 0.64375 0.065625 0.08125
1 0.75390625 0.58203125 0.078125 0.0859375
1 0.74140625 0.38671875 0.0921875 0.090625
1 0.51015625 0.4875 0.071875 0.065625
1 0.559375 0.34765625 0.06875 0.06875
1 0.4515625 0.30703125 0.06875 0.0828125
1 0.3125 0.46328125 0.0578125 0.09375
1 0.296875 0.35625 0.0625 0.09375
1 0.30390625 0.65703125 0.0609375 0.078125
1 0.51875 0.56796875 0.0609375 0.059375
1 0.64765625 0.54765625 0.128125 0.078125