4 0.676365003125 1 0.6876498109375 0.989810225 0.71608280625 0.9715321296875 0.7489927921875 0.9311746046874999 0.7668901765625 0.8962223687499999 0.7741949578125 0.872759303125 0.778501571875 0.8024964296875 0.7724171015625 0.76448315 0.7431263218749999 0.7012001437500001 0.6920868921875 0.65049911875 0.645927496875 0.6192395078125 0.574550665625 0.5937700140625 0.5349152140625 0.5879387609375 0.4831208 0.5853888671874999 0.44692828125000006 0.587089765625 0.3993729046875 0.5958057859375 0.34957903125 0.615561521875 0.34289468749999996 0.6212576375000001 0.324232340625 0.6250530875 0.31749629218750003 0.63222978125 0.300581265625 0.63905101875 0.26824000937500003 0.6631221734375 0.23085832343749998 0.6988763890625 0.20090538281249998 0.7341488296875001 0.1896923421875 0.7634049515625 0.1829768546875 0.79652409375 0.17980770625 0.8342142296875 0.1817254015625 0.8854234625 0.19454591875 0.9162600484375 0.2225030046875 0.9646726343750001 0.2322166578125 0.978353303125 0.2484595484375 0.9907795937499999 0.4998250984375 1 0.676365003125 1
4 0.3169166078125 0 0.30743901406249996 0.0181713875 0.28460989375 0.035162790625 0.25817744062500003 0.0757465140625 0.249714634375 0.10583986875 0.2458010828125 0.138315665625 0.24936798124999998 0.16882910625 0.2667377546875 0.20204813124999998 0.272569 0.22078156875000002 0.3109894328125 0.2614064296875 0.3353279171875 0.2807861546875 0.4730669953125 0.3426679125 0.503526384375 0.34595515625 0.5109809828125 0.344733090625 0.5233467546874999 0.3355294125 0.5412129984375 0.328000203125 0.5857854765625 0.325109553125 0.611695609375 0.3260143546875 0.626036071875 0.33985659687499997 0.6390169890624999 0.33956870625 0.670458734375 0.3147249484375 0.685445484375 0.3100599515625 0.6941098109375 0.3007270171875 0.703440984375 0.2988292921875 0.715961865625 0.285183878125 0.7299715515625 0.2819671453125 0.793056559375 0.253040046875 0.8057067 0.23569318749999998 0.8093617343749999 0.2106202859375 0.8230664953125 0.1896042921875 0.821226353125 0.136174190625 0.7933262625 0.0595982875 0.774720909375 0.035230423437500005 0.7423126843750001 0.0081569734375 0.5087275375 0 0.3169166078125 0
1 0.35390625 0.9390625 0.0984375 0.0734375
1 0.29453125 0.81328125 0.065625 0.0796875
1 0.3453125 0.75546875 0.125 0.084375
1 0.33828125 0.6765625 0.059375 0.0609375
1 0.44140625 0.67421875 0.05 0.0390625
1 0.58828125 0.746875 0.0875 0.078125
1 0.6546875 0.70703125 0.071875 0.0625
1 0.6765625 0.77265625 0.053125 0.040625
1 0.6484375 0.8140625 0.05 0.046875
1 0.571875 0.83125 0.084375 0.059375
1 0.5671875 0.8984375 0.109375 0.0625
1 0.61953125 0.9453125 0.075 0.0609375
1 0.49609375 0.97890625 0.0703125 0.0421875
1 0.478125 0.9125 0.0796875 0.0578125
1 0.4 0.890625 0.0671875 0.059375
1 0.43046875 0.97578125 0.075 0.046875
1 0.428125 0.8046875 0.0453125 0.0828125
1 0.45546875 0.71484375 0.046875 0.05
1 0.53359375 0.68046875 0.053125 0.0703125
1 0.35 0.13671875 0.065625 0.0609375
1 0.4046875 0.0828125 0.0640625 0.05
1 0.45390625 0.146875 0.084375 0.059375
1 0.453125 0.2 0.071875 0.0703125
1 0.5078125 0.2515625 0.0546875 0.0671875
1 0.54140625 0.240625 0.075 0.075
1 0.55390625 0.28359375 0.0734375 0.059375
1 0.63125 0.03359375 0.090625 0.059375
1 0.675 0.0640625 0.1125 0.0578125
1 0.7125 0.09453125 0.06875 0.04375
1 0.65390625 0.12109375 0.08125 0.059375
1 0.77578125 0.1625 0.0515625 0.0421875
1 0.7171875 0.2234375 0.0671875 0.0546875
1 0.62421875 0.2421875 0.0828125 0.071875
1 0.5015625 0.06328125 0.1078125 0.096875
1 0.58671875 0.09375 0.0546875 0.0609375
1 0.5296875 0.19375 0.040625 0.0296875
2 0.4875 0.6484375 0.05 0.034375
2 0.3890625 0.709375 0.053125 0.046875
2 0.4875 0.71015625 0.04375 0.0703125
2 0.328125 0.840625 0.0828125 0.0921875
2 0.39296875 0.840625 0.0375 0.0390625
2 0.43203125 0.88359375 0.0453125 0.040625
2 0.52265625 0.8390625 0.0421875 0.0421875
2 0.465625 0.80078125 0.0421875 0.040625
2 0.61328125 0.82265625 0.0484375 0.0484375
2 0.66015625 0.86328125 0.040625 0.0515625
2 0.709375 0.84140625 0.0484375 0.0484375
2 0.6578125 0.753125 0.05 0.0515625
2 0.615625 0.9734375 0.0453125 0.0375
2 0.57109375 0.934375 0.0640625 0.0421875
2 0.471875 0.95390625 0.0546875 0.040625
2 0.3125 0.96015625 0.0734375 0.0515625
2 0.36171875 0.9140625 0.0578125 0.04375
2 0.4359375 0.734375 0.0421875 0.040625