4 0.5944109859375 1 0.608606153125 0.9879084640625001 0.6335633374999999 0.94315131875 0.64785056875 0.9081303984375 0.6569028015625 0.875572259375 0.6601939109375 0.84441425 0.6495189984375 0.799387925 0.632443746875 0.7505597546875 0.6145555515625001 0.7144295765625001 0.6025809296875 0.7006725484375 0.5998372171875 0.6912199640625001 0.5849320437500001 0.679365665625 0.5815622312500001 0.6712557593749999 0.5461644812500001 0.6310473265625001 0.507749321875 0.6016916046875 0.4762737421875 0.5837450343749999 0.4289669546875 0.562502834375 0.391004175 0.5497044 0.3158440453125 0.53999348125 0.2605241546875 0.5468900718749999 0.19202990625 0.5688936 0.1372017484375 0.6119814359375 0.114522778125 0.643089225 0.086461321875 0.707649065625 0.0823179203125 0.731871109375 0.08239662343750001 0.7711390234375 0.093397703125 0.8220386625 0.1104336046875 0.851232875 0.1191777453125 0.8741086265625 0.3903966640625 1 0.5944109859375 1
4 0.41114588906250005 0 0.378958684375 0.02999511875 0.3530623484375 0.07676627968750001 0.3557323171875 0.1017134984375 0.3476061171875 0.12571296875 0.35100216562500003 0.1469121765625 0.3940786921875 0.2013264046875 0.40510104687500004 0.21055279843750002 0.41006234687500004 0.2283953125 0.4175149328125 0.2343224609375 0.4209978421875 0.2465716890625 0.43223326875 0.25753207499999997 0.44896923906249997 0.29394227812499996 0.46040462031249996 0.300092003125 0.47946631249999994 0.294268909375 0.5029631828125 0.30522567968750003 0.5413652234375 0.3280367484375 0.5538659734375 0.34285642968749996 0.560705575 0.3566709078125 0.5667928640625 0.36114409375 0.5954247546875 0.37204341093750004 0.746244903125 0.3794385953125 0.7767288625 0.3732205734375 0.82940501875 0.3544660703125 0.8431055000000001 0.34042178437500004 0.873663203125 0.31870912812499996 0.8906941453125 0.293140790625 0.9019508484375001 0.2624279296875 0.90807253125 0.23177252187500003 0.9029456671875 0.183612075 0.8903187078125001 0.1581084203125 0.8900531656249999 0.13019581875 0.61084733125 0 0.41114588906250005 0
1 0.43046875 0.95234375 0.1171875 0.0953125
1 0.540625 0.87265625 0.0890625 0.096875
1 0.52109375 0.79765625 0.14375 0.125
1 0.5640625 0.73046875 0.0765625 0.0765625
1 0.4734375 0.68125 0.059375 0.053125
1 0.309375 0.6796875 0.1078125 0.103125
1 0.26796875 0.6140625 0.0890625 0.0828125
1 0.21875 0.6625 0.0640625 0.05625
1 0.225 0.7125 0.0625 0.0609375
1 0.28515625 0.7625 0.0984375 0.0859375
1 0.25859375 0.825 0.121875 0.0984375
1 0.19140625 0.8421875 0.090625 0.084375
1 0.2859375 0.9296875 0.0796875 0.065625
1 0.33203125 0.878125 0.09375 0.0828125
1 0.41171875 0.89296875 0.0828125 0.0796875
1 0.34609375 0.95546875 0.084375 0.0703125
1 0.42578125 0.80390625 0.0734375 0.0921875
1 0.4421875 0.71171875 0.0625 0.0640625
1 0.38828125 0.6453125 0.075 0.0828125
1 0.7984375 0.24453125 0.0828125 0.0796875
1 0.77421875 0.171875 0.0765625 0.0703125
1 0.7015625 0.20625 0.0984375 0.0859375
1 0.678125 0.25390625 0.0921875 0.090625
1 0.60546875 0.275 0.075 0.08125
1 0.58125 0.25 0.0953125 0.0953125
1 0.55 0.2828125 0.0890625 0.0828125
1 0.59453125 0.034375 0.1046875 0.06875
1 0.5421875 0.03984375 0.121875 0.0796875
1 0.49453125 0.0421875 0.0796875 0.065625
1 0.53515625 0.0921875 0.0953125 0.084375
1 0.40703125 0.07421875 0.0625 0.0578125
1 0.43203125 0.15546875 0.08125 0.075
1 0.50625 0.2140625 0.1015625 0.096875
1 0.69765625 0.11015625 0.134375 0.128125
1 0.60703125 0.0984375 0.071875 0.075
1 0.6125 0.2140625 0.046875 0.0421875
2 0.44375 0.6375 0.0578125 0.05
2 0.50390625 0.7375 0.0671875 0.0625
2 0.41640625 0.69296875 0.0671875 0.0796875
2 0.49921875 0.88125 0.109375 0.1140625
2 0.440625 0.85234375 0.0484375 0.05
2 0.38671875 0.87265625 0.05625 0.0546875
2 0.32578125 0.7921875 0.0546875 0.0546875
2 0.39453125 0.78359375 0.0546875 0.053125
2 0.25234375 0.73671875 0.0609375 0.0625
2 0.1921875 0.7515625 0.05625 0.0625
2 0.15859375 0.70859375 0.0609375 0.0625
2 0.24453125 0.65390625 0.0640625 0.065625
2 0.18203125 0.86875 0.0546875 0.0515625
2 0.23984375 0.8546875 0.0734375 0.0625
2 0.31953125 0.9171875 0.0640625 0.0578125
2 0.45703125 0.97890625 0.0859375 0.0421875
2 0.43515625 0.93203125 0.06875 0.0609375
2 0.45 0.73828125 0.0546875 0.053125