4 0.252777778125 0.1129629625 0.209259259375 0.1379629625 0.16388888906250001 0.1740740734375 0.1111111109375 0.23240740781250002 0.047222221875 0.3361111109375 0.0324074078125 0.375 0.0231481484375 0.4138888890625 0.022222221875 0.54444444375 0.034259259375000004 0.60648148125 0.04444444375 0.63148148125 0.059259259375 0.6870370375 0.0824074078125 0.73055555625 0.09629629687499999 0.747222221875 0.16388888906250001 0.8027777781250001 0.2 0.8268518515625001 0.2768518515625 0.8648148140625 0.3879629625 0.89444444375 0.46666666718750005 0.9064814812499999 0.565740740625 0.9037037031249999 0.6666666671875 0.8888888890625 0.7111111109375 0.875 0.7666666671875 0.8518518515625001 0.834259259375 0.8111111109375001 0.8629629624999999 0.7861111109375 0.915740740625 0.727777778125 0.95 0.675 0.9694444437499999 0.6259259265625 0.9833333328125 0.54351851875 0.98148148125 0.4453703703125 0.965740740625 0.36944444375 0.9453703703125 0.309259259375 0.9018518515625 0.2379629625 0.853703703125 0.1870370375 0.821296296875 0.1629629625 0.8027777781250001 0.1546296296875 0.7851851859375001 0.13703703750000001 0.7009259265625001 0.0990740734375 0.5981481484375 0.071296296875 0.5416666671875 0.065740740625 0.44259259218749997 0.0648148140625 0.375 0.071296296875 0.28611111093749997 0.0990740734375 0.252777778125 0.1129629625
0 0.571875 0.55625 0.08203125 0.06875
0 0.7671875 0.353125 0.06796875 0.06484375
0 0.70234375 0.1890625 0.0515625 0.03828125
0 0.41875 0.29765625 0.05546875 0.04765625
0 0.25078125 0.20546875 0.05859375 0.04453125
3 0.6375 0.43984375 0.071875 0.20078125
3 0.278125 0.4890625 0.075 0.11796875
3 0.4015625 0.47734375 0.13203125 0.1359375
3 0.67578125 0.2359375 0.0671875 0.13046875
3 0.82578125 0.31953125 0.0484375 0.140625
3 0.6625 0.571875 0.11328125 0.2234375