4 0.353703703125 0.620740740625 0.34722222187499996 0.6266666671875 0.328703703125 0.6311111109375 0.322222221875 0.63851851875 0.30555555624999997 0.6459259265624999 0.2740740734375 0.6711111109375001 0.2379629625 0.7081481484375 0.209259259375 0.74444444375 0.1990740734375 0.7740740734375 0.19351851874999998 0.8074074078125 0.1916666671875 0.8451851859374999 0.19537037031249999 0.896296296875 0.209259259375 0.9266666671875001 0.2388888890625 0.9740740734375001 0.24907407343750002 0.9874074078125 0.26574074062499997 0.999259259375 0.6870370375 1 0.7046296296875 0.9829629625 0.7324074078125 0.963703703125 0.7638888890625 0.922222221875 0.7805555562500001 0.8866666671875001 0.7870370375 0.8629629624999999 0.7888888890625 0.7925925921875 0.7814814812499999 0.7548148140625 0.75 0.6925925921875 0.6972222218749999 0.643703703125 0.65 0.6140740734375 0.577777778125 0.5911111109375 0.5379629625 0.5866666671874999 0.4861111109375 0.5859259265625 0.45 0.5888888890625 0.40277777812500004 0.599259259375 0.353703703125 0.620740740625
4 0.302777778125 0 0.290740740625 0.0251851859375 0.26851851875 0.0429629625 0.24351851875000002 0.08444444375 0.23611111093749998 0.1148148140625 0.23333333281250002 0.1474074078125 0.2379629625 0.177777778125 0.25648148125 0.2103703703125 0.2629629625 0.2288888890625 0.302777778125 0.2681481484375 0.32777777812500003 0.2866666671875 0.4675925921875 0.343703703125 0.4981481484375 0.3459259265625 0.50555555625 0.34444444375 0.5175925921875 0.3348148140625 0.5351851859375001 0.3266666671875 0.5796296296875 0.322222221875 0.60555555625 0.322222221875 0.6203703703125 0.33555555625 0.6333333328124999 0.3348148140625 0.6638888890625 0.3088888890625 0.678703703125 0.303703703125 0.6870370375 0.29407407343749997 0.696296296875 0.29185185156250004 0.7083333328125 0.27777777812500004 0.722222221875 0.2740740734375 0.784259259375 0.2429629625 0.796296296875 0.22518518593749998 0.7990740734374999 0.2 0.8120370375 0.17851851875 0.8083333328125001 0.1251851859375 0.777777778125 0.049629629687499996 0.7583333328124999 0.0259259265625 0.725 0 0.302777778125 0
1 0.36953125 0.94375 0.09609375 0.06953125
1 0.30546875 0.8203125 0.0625 0.078125
1 0.3546875 0.7609375 0.121875 0.08046875
1 0.34453125 0.68203125 0.05703125 0.05859375
1 0.44765625 0.67578125 0.0484375 0.03671875
1 0.596875 0.74375 0.084375 0.075
1 0.66171875 0.7015625 0.0703125 0.059375
1 0.6859375 0.76640625 0.05234375 0.03828125
1 0.659375 0.80859375 0.0484375 0.0453125
1 0.58359375 0.82890625 0.08203125 0.05625
1 0.58125 0.89609375 0.1078125 0.05859375
1 0.63515625 0.940625 0.07265625 0.05859375
1 0.5125 0.9796875 0.06953125 0.040625
1 0.4921875 0.91328125 0.07734375 0.0546875
1 0.4140625 0.89375 0.06484375 0.05703125
1 0.446875 0.978125 0.0734375 0.04375
1 0.4390625 0.80703125 0.04296875 0.08203125
1 0.46328125 0.71640625 0.0453125 0.04921875
1 0.53984375 0.67890625 0.05 0.06875
1 0.3375 0.1421875 0.06328125 0.05859375
1 0.38984375 0.08671875 0.06171875 0.0484375
1 0.44140625 0.1484375 0.08203125 0.05703125
1 0.44296875 0.2015625 0.06953125 0.06796875
1 0.49921875 0.2515625 0.053125 0.06484375
1 0.53203125 0.2390625 0.071875 0.071875
1 0.54609375 0.28203125 0.071875 0.05703125
1 0.61484375 0.0296875 0.0890625 0.05703125
1 0.659375 0.05859375 0.11015625 0.05390625
1 0.6984375 0.0875 0.06796875 0.04140625
1 0.640625 0.115625 0.0796875 0.05625
1 0.7640625 0.153125 0.05078125 0.040625
1 0.70703125 0.21640625 0.06484375 0.053125
1 0.61484375 0.23828125 0.0796875 0.06953125
1 0.4859375 0.06328125 0.10390625 0.09375
1 0.57265625 0.090625 0.05234375 0.05859375
1 0.51875 0.19296875 0.0390625 0.02890625
2 0.49296875 0.6484375 0.0484375 0.03203125
2 0.39609375 0.71328125 0.05234375 0.0453125
2 0.49453125 0.71015625 0.04140625 0.06875
2 0.33984375 0.84609375 0.0796875 0.0890625
2 0.4046875 0.84453125 0.0359375 0.03828125
2 0.4453125 0.8859375 0.04375 0.03984375
2 0.534375 0.83828125 0.040625 0.04140625
2 0.47578125 0.8015625 0.04140625 0.0390625
2 0.62421875 0.81875 0.04609375 0.046875
2 0.67265625 0.8578125 0.0390625 0.05078125
2 0.72109375 0.83359375 0.04609375 0.046875
2 0.66640625 0.74765625 0.0484375 0.04921875
2 0.63203125 0.96875 0.04375 0.0359375
2 0.5859375 0.93125 0.0625 0.03984375
2 0.4875 0.9546875 0.053125 0.0390625
2 0.32890625 0.96640625 0.071875 0.0484375
2 0.3765625 0.91875 0.05703125 0.04140625
2 0.44453125 0.73671875 0.04140625 0.0390625