4 0.5345529 0.062406748437500006 0.43566306250000003 0.0685165421875 0.3795497421875 0.077020496875 0.27836659375 0.1101391796875 0.1962096375 0.15245990468749998 0.17956187968749998 0.1709491125 0.1615048734375 0.18024020937500002 0.1304018203125 0.2059773640625 0.0849849140625 0.2593533765625 0.0452573953125 0.332829546875 0.028064790625000002 0.393998353125 0.016319278125 0.4706440328125 0.019606642187500002 0.568754590625 0.0377893671875 0.6503221734375 0.0597755015625 0.6983113484375 0.0967499859375 0.7492238062500001 0.15250836406249998 0.80471501875 0.182481128125 0.8281785218750001 0.25211329375 0.86532590625 0.30880419375 0.885534778125 0.35391461562500004 0.8970785890625 0.4554775734375 0.9065910453124999 0.554561246875 0.9041798812499999 0.632527121875 0.88804030625 0.7419352640625 0.8526361765624999 0.8166949640625001 0.8107031250000001 0.851496646875 0.7847721359375 0.9160890531250001 0.72575519375 0.9290866421875 0.7083844796875 0.9499254828125 0.663714121875 0.9618124421875001 0.6074593546875 0.97067526875 0.581960565625 0.9794490421875001 0.5193785765625 0.9716916359375001 0.389050403125 0.960409778125 0.35069940312500003 0.9435799796875 0.31263915625 0.8743512156250001 0.2124212625 0.8185928375 0.156930046875 0.7713947359375 0.1232429265625 0.7266274593750001 0.10055477187499999 0.6926129203125 0.0884294484375 0.6023920734375 0.06534182656250001 0.5345529 0.062406748437500006
0 0.43125 0.56015625 0.0859375 0.0734375
0 0.22578125 0.3671875 0.071875 0.06875
0 0.28203125 0.2 0.053125 0.040625
0 0.5703125 0.29375 0.0578125 0.05
0 0.73359375 0.19296875 0.0609375 0.046875
3 0.359375 0.446875 0.0828125 0.2046875
3 0.72109375 0.47734375 0.08125 0.121875
3 0.596875 0.471875 0.1390625 0.1421875
3 0.3109375 0.2453125 0.0734375 0.134375
3 0.16484375 0.33671875 0.05625 0.1421875
3 0.34140625 0.58046875 0.125 0.2296875