4 0.7162504609375 0.118008515625 0.6240437203125 0.0817532171875 0.5695938546875 0.0657459046875 0.46389422031249994 0.0529997765625 0.37154921875 0.05663435 0.34864734999999997 0.06635561718750001 0.32835555781250003 0.06714498906250001 0.2892896265625 0.0773260546875 0.22557025312499998 0.10650713593750001 0.158512521875 0.15630958749999999 0.1170796765625 0.20448144375 0.0740427640625 0.2689821515625 0.0355588140625 0.3592898140625 0.017566009375 0.4408995015625 0.0172111109375 0.4936842078125 0.029204840625 0.5554526562500001 0.056287492187499996 0.629309284375 0.07353593750000001 0.6632414765625 0.1209449484375 0.7263362640625 0.1637837140625 0.76861033125 0.199789015625 0.7981370671875 0.28781617812500004 0.849680640625 0.378635484375 0.889369953125 0.4561174421875 0.9076923328125 0.570237325 0.9218431734375001 0.6557142984375 0.9154337375000001 0.6982142437500001 0.90664010625 0.78169648125 0.8804505218750001 0.800817478125 0.870200328125 0.838582390625 0.8385221093749999 0.8731299265624999 0.792561621875 0.8919386296875 0.7731974625 0.9263386609375001 0.7201868765625 0.974387128125 0.598791015625 0.9803701265625 0.5592652859375 0.9812021046874999 0.517658409375 0.9608134484375 0.39757281093749997 0.933730796875 0.32371618125 0.9051915812500001 0.27323850312500003 0.874207078125 0.23375658281249997 0.8485038203125 0.2083921421875 0.7764932156250001 0.149338671875 0.7162504609375 0.118008515625
0 0.4125 0.525 0.1015625 0.09375
0 0.30703125 0.2640625 0.0875 0.0859375
0 0.42890625 0.1359375 0.0625 0.0546875
0 0.65078125 0.34296875 0.06875 0.065625
0 0.84140625 0.3203125 0.0703125 0.0625
3 0.3953125 0.39296875 0.1421875 0.2125
3 0.71015625 0.57265625 0.1140625 0.1375
3 0.6 0.515625 0.1734375 0.175
3 0.4359375 0.1890625 0.1109375 0.146875
3 0.265625 0.2109375 0.096875 0.1484375
3 0.32265625 0.50546875 0.1890625 0.25