4 0.2773856578125 0 0 0.30806798281250003 0 0.61594465 0.0229467546875 0.6672723640625 0.0390387734375 0.72412419375 0.06841301093749999 0.78421369375 0.30806798125 1 0.7226143421875 1 1 0.6919320171875001 1 0.2773856578125 0.7134602203125 0.019384081249999997 0.682079103125 0.00857178125 0.669932790625 0 0.2773856578125 0
0 0.4515625 0.55546875 0.078125 0.078125
0 0.4734375 0.70390625 0.1046875 0.1046875
0 0.2796875 0.66015625 0.109375 0.109375
0 0.525 0.83046875 0.1078125 0.1078125
0 0.734375 0.87734375 0.1 0.1
0 0.684375 0.7421875 0.103125 0.1015625
0 0.62421875 0.64453125 0.096875 0.096875
0 0.5953125 0.48984375 0.0875 0.0875
0 0.69140625 0.57109375 0.0796875 0.0796875
0 0.74609375 0.70625 0.084375 0.084375
0 0.79765625 0.63984375 0.09375 0.09375
0 0.86328125 0.6703125 0.096875 0.096875
0 0.8203125 0.8703125 0.075 0.078125
0 0.96953125 0.60234375 0.0609375 0.0953125
0 0.9328125 0.5390625 0.0703125 0.0703125
0 0.98125 0.48984375 0.0375 0.0765625
0 0.9234375 0.40234375 0.071875 0.0703125
0 0.809375 0.46796875 0.075 0.075
0 0.7703125 0.51171875 0.078125 0.078125
3 0.24609375 0.609375 0.1984375 0.2046875
3 0.50625 0.50390625 0.15625 0.1484375
3 0.675 0.42109375 0.078125 0.08125
3 0.975 0.4015625 0.05 0.0875
3 0.91015625 0.49921875 0.0765625 0.0765625
3 0.9546875 0.5609375 0.090625 0.159375
3 0.96640625 0.62734375 0.0671875 0.1171875
3 0.94453125 0.6890625 0.1 0.1015625
3 0.865625 0.77734375 0.1625 0.1671875
3 0.8390625 0.603125 0.1703125 0.1671875
3 0.70078125 0.84375 0.165625 0.1703125
3 0.56171875 0.903125 0.05 0.05
3 0.53671875 0.6421875 0.146875 0.14375
3 0.65078125 0.53125 0.1796875 0.175
3 0.39765625 0.77734375 0.1421875 0.1453125