4 0.3660254046875 0 0.0318898984375 0.1929132234375 0.014224306249999999 0.223426634375 0 0.24181474375 0 0.633974596875 0.21132486562500002 1 0.633974596875 1 0.863064428125 0.8677349234375 0.904290078125 0.8150657703125 0.9318506062499999 0.7628020078125 0.9950901375000001 0.676039790625 1 0.6612513015625 1 0.366025403125 0.7886751359375 0 0.3660254046875 0
0 0.5359375 0.5640625 0.0765625 0.0734375
0 0.48359375 0.7046875 0.1 0.1015625
0 0.68203125 0.70234375 0.1046875 0.1078125
0 0.40703125 0.81796875 0.1046875 0.1046875
0 0.1921875 0.8203125 0.0984375 0.09375
0 0.26875 0.6984375 0.103125 0.0953125
0 0.3484375 0.615625 0.0953125 0.0921875
0 0.40859375 0.4703125 0.0859375 0.0828125
0 0.2984375 0.5296875 0.0765625 0.078125
0 0.21640625 0.65078125 0.08125 0.0828125
0 0.1796875 0.575 0.0890625 0.0921875
0 0.109375 0.590625 0.0953125 0.0921875
0 0.109375 0.79609375 0.0640625 0.084375
0 0.0234375 0.4984375 0.046875 0.09375
0 0.06875 0.44765625 0.06875 0.0671875
0 0.02421875 0.38671875 0.0484375 0.0734375
0 0.10625 0.31640625 0.0703125 0.0671875
0 0.20390625 0.4046875 0.071875 0.0734375
0 0.23359375 0.45546875 0.0765625 0.075
3 0.72578125 0.659375 0.18125 0.209375
3 0.49296875 0.50234375 0.1640625 0.13125
3 0.3453125 0.38671875 0.0703125 0.084375
3 0.0390625 0.3015625 0.078125 0.0875
3 0.09921875 0.4140625 0.0734375 0.0734375
3 0.040625 0.4578125 0.08125 0.159375
3 0.02421875 0.52265625 0.0484375 0.1140625
3 0.03671875 0.5921875 0.0734375 0.1
3 0.08515625 0.6953125 0.1484375 0.171875
3 0.146875 0.53046875 0.1703125 0.1546875
3 0.23203125 0.79453125 0.1515625 0.171875
3 0.35625 0.88203125 0.046875 0.05
3 0.434375 0.63203125 0.1453125 0.134375
3 0.34609375 0.49921875 0.184375 0.159375
3 0.54296875 0.79296875 0.13125 0.146875