4 0.24814814843750002 0 0.2175925921875 0.0175925921875 0.140740740625 0.0490740734375 0.1231481484375 0.061111110937500004 0.11388888906250001 0.08425925937499999 0.055555556250000006 0.11388888906250001 0.047222221875 0.12129629687500001 0.021296296875000002 0.16851851874999998 0 0.1916666671875 0 0.8027777781250001 0.0361111109375 0.8453703703125001 0.127777778125 0.9268518515625 0.172222221875 0.9509259265625 0.2379629625 0.9768518515625001 0.2740740734375 1 0.63055555625 1 0.6925925921875 0.975 0.7425925921875 0.94351851875 0.840740740625 0.9 0.865740740625 0.877777778125 0.8953703703125001 0.83055555625 0.9370370375 0.8074074078125 0.975 0.7805555562500001 1 0.772222221875 1 0.17962962968750001 0.9768518515625001 0.1666666671875 0.8990740734375 0.0990740734375 0.872222221875 0.08148148125 0.7833333328125 0.04351851875 0.75 0.0231481484375 0.7324074078125 0.0175925921875 0.69351851875 0.0129629625 0.6629629625 0 0.24814814843750002 0
0 0.49921875 0.5734375 0.059375 0.05078125
0 0.38359375 0.66953125 0.0703125 0.07734375
0 0.55625 0.76640625 0.075 0.08046875
0 0.26015625 0.72890625 0.07578125 0.07734375
0 0.0734375 0.6234375 0.07734375 0.0640625
0 0.20078125 0.55625 0.08359375 0.0609375
0 0.3109375 0.52421875 0.071875 0.06484375
0 0.4359375 0.42890625 0.065625 0.0578125
0 0.31015625 0.425 0.0546875 0.0578125
0 0.17890625 0.48828125 0.059375 0.0609375
0 0.18515625 0.4046875 0.06171875 0.07109375
0 0.11640625 0.38359375 0.071875 0.065625
0 0.0140625 0.5609375 0.025 0.08359375
0 0.0703125 0.25078125 0.0609375 0.07265625
0 0.15234375 0.2390625 0.0515625 0.04765625
0 0.1328125 0.15703125 0.0578125 0.0515625
0 0.25078125 0.14375 0.0546875 0.04609375
0 0.29140625 0.26953125 0.05078125 0.05546875
0 0.29140625 0.328125 0.059375 0.0515625
3 0.615625 0.75078125 0.10390625 0.18203125
3 0.49296875 0.4984375 0.153125 0.0625
3 0.42265625 0.32421875 0.0390625 0.07421875
3 0.19921875 0.096875 0.0546875 0.06875
3 0.19609375 0.225 0.0546875 0.053125
3 0.0953125 0.21875 0.096875 0.12734375
3 0.04921875 0.265625 0.08125 0.084375
3 0.04296875 0.34296875 0.0671875 0.07578125
3 0.04296875 0.46171875 0.08515625 0.1484375
3 0.17890625 0.35 0.13984375 0.0984375
3 0.12109375 0.62109375 0.09140625 0.14609375
3 0.184375 0.75859375 0.03125 0.0390625
3 0.37734375 0.58125 0.1171875 0.08828125
3 0.3671875 0.42265625 0.16015625 0.09140625
3 0.390625 0.775 0.08125 0.12265625