4 1 0.4869070390625 0.9889251109374999 0.27558556562500003 0.949696084375 0.252421725 0.8700477624999999 0.21876629374999998 0.797492315625 0.1966072578125 0.6792022390625 0.16868574375 0.67380360625 0.15413352656249998 0.67445113125 0.131105115625 0.661732778125 0.11842002656249999 0.5447607890625 0.11564918125000001 0.489895890625 0.11259046875 0.4682798734375 0.10704750156250001 0.4432753671875 0.10761617500000001 0.43140989531249996 0.11120504687499999 0.42174264531250005 0.12135453125 0.41446169062499993 0.12396138125 0.41107320312500006 0.1300730234375 0.405564028125 0.1311035046875 0.396278690625 0.13084837031250002 0.38737526718750004 0.12018861875 0.373272809375 0.1164771546875 0.352044465625 0.1183314421875 0.2970690234375 0.130855428125 0.237780434375 0.1495395140625 0.1735254140625 0.1796102390625 0.151068034375 0.19339705625 0.1415170875 0.20576571562499998 0.1427906484375 0.21237478593749998 0.1598279078125 0.23670165 0.167535303125 0.24223178124999997 0.16788420937499998 0.24888931093750002 0.09396194062499999 0.2891095203125 0.06942264375 0.29855490156250003 0.04353800625 0.31771363125 0.0226585703125 0.32622545000000003 0 0.3430156015625 0 0.5130929640625 0.0255177171875 1 0.5130929578125001 1 1 0.9744822828125 1 0.4869070390625
2 0.084375 0.4 0.1484375 0.121875
2 0.3171875 0.35625 0.1359375 0.1140625
2 0.434375 0.22265625 0.1546875 0.128125
2 0.2328125 0.4671875 0.15 0.121875
2 0.1703125 0.57578125 0.13125 0.121875
2 0.05703125 0.60546875 0.1109375 0.140625
2 0.24375 0.6125 0.1421875 0.11875
2 0.3765625 0.54296875 0.153125 0.1265625
2 0.51796875 0.5125 0.1609375 0.11875
2 0.44609375 0.41171875 0.1453125 0.11875
2 0.5625 0.39296875 0.1546875 0.1234375
2 0.62578125 0.2640625 0.1 0.1265625
2 0.86953125 0.28671875 0.1390625 0.1
2 0.71484375 0.35 0.0484375 0.0109375
2 0.70703125 0.5359375 0.1453125 0.1171875
2 0.8890625 0.46640625 0.1375 0.109375
2 0.928125 0.64921875 0.13125 0.140625
2 0.63125 0.69140625 0.146875 0.09375
2 0.3375 0.7203125 0.1625 0.109375
2 0.18671875 0.740625 0.16875 0.1265625
2 0.2203125 0.8375 0.171875 0.1234375
2 0.15859375 0.9515625 0.2296875 0.096875
2 0.35625 0.88515625 0.178125 0.134375
2 0.525 0.85859375 0.1421875 0.1390625
2 0.765625 0.8984375 0.1234375 0.121875
2 0.69375 0.8875 0.1 0.0796875
2 0.93203125 0.93984375 0.1359375 0.0828125
2 0.7859375 0.78046875 0.13125 0.13125
2 0.96484375 0.75625 0.0703125 0.06875
2 0.39921875 0.96875 0.1640625 0.0625
2 0.496875 0.64296875 0.1171875 0.065625
2 0.56953125 0.6125 0.09375 0.06875
1 0.67578125 0.95078125 0.175 0.0890625
1 0.7953125 0.6703125 0.1625 0.115625
1 0.69140625 0.5984375 0.1125 0.053125
1 0.8796875 0.5640625 0.2234375 0.1109375
1 0.74375 0.3859375 0.0640625 0.0875
1 0.96484375 0.4234375 0.06875 0.096875
1 0.91796875 0.8546875 0.1640625 0.125