4 1 0.47379610625 0.9765101125 0.2503047546875 0.9361225453124999 0.2292257484375 0.8548219890625001 0.1997849125 0.7812062640625 0.181453503125 0.661617 0.159761078125 0.6554641625000001 0.145511346875 0.6549055859374999 0.1224806078125 0.641540775 0.110478528125 0.524584078125 0.11383332187499999 0.4696342890625 0.113650209375 0.44775780000000004 0.1092461328125 0.4228173234375 0.1111226625 0.41115594062499994 0.11532760625 0.402033121875 0.125969125 0.394898578125 0.1289534578125 0.3918345921875 0.1352340640625 0.38638689843749996 0.13655146093749998 0.377100934375 0.136782634375 0.3676518234375 0.1266034609375 0.3533744484375 0.12363514843750001 0.33227224375 0.12659789999999999 0.27802759843749997 0.1419819140625 0.2197981125 0.1637433203125 0.15720493124999999 0.19713568125 0.135499875 0.21207893281249998 0.1266093421875 0.2249305 0.1282270515625 0.23146385937499997 0.14651413124999998 0.25486572343749997 0.15450038906250002 0.2599849015625 0.1551972453125 0.26661504687500004 0.083481246875 0.310648928125 0.0594699125 0.32136565156249997 0.034623440625 0.3418528234375 0.014218093749999999 0.351445721875 0 0.36318234843749997 0 0.52620389375 0.049797978124999996 1 0.526203890625 1 1 0.9502020218749999 1 0.47379610625
2 0.0796875 0.421875 0.153125 0.128125
2 0.31015625 0.365625 0.140625 0.1203125
2 0.4203125 0.2265625 0.1609375 0.1359375
2 0.23203125 0.48125 0.15625 0.1296875
2 0.17421875 0.59296875 0.1359375 0.128125
2 0.06328125 0.628125 0.1171875 0.1453125
2 0.25 0.62578125 0.146875 0.125
2 0.37890625 0.55 0.1578125 0.134375
2 0.51875 0.51171875 0.165625 0.1265625
2 0.44140625 0.41484375 0.15 0.125
2 0.55703125 0.38984375 0.1609375 0.13125
2 0.61328125 0.2578125 0.10625 0.1296875
2 0.8578125 0.2671875 0.14375 0.10625
2 0.70703125 0.3390625 0.0484375 0.0140625
2 0.70859375 0.525 0.15 0.1234375
2 0.88671875 0.44609375 0.1421875 0.1171875
2 0.9328125 0.6265625 0.134375 0.146875
2 0.64140625 0.68359375 0.15 0.1
2 0.35 0.72890625 0.1671875 0.1171875
2 0.19921875 0.75703125 0.175 0.1359375
2 0.23828125 0.8515625 0.1765625 0.1328125
2 0.1828125 0.9578125 0.234375 0.084375
2 0.3765625 0.8921875 0.1828125 0.1421875
2 0.54375 0.85703125 0.1484375 0.1453125
2 0.7859375 0.88359375 0.1296875 0.1265625
2 0.7140625 0.8765625 0.1046875 0.084375
2 0.9421875 0.915625 0.115625 0.090625
2 0.80078125 0.765625 0.1375 0.1359375
2 0.9703125 0.73125 0.059375 0.071875
2 0.42421875 0.96875 0.1671875 0.0625
2 0.50390625 0.64296875 0.1203125 0.0703125
2 0.575 0.60859375 0.096875 0.0734375
1 0.6984375 0.94140625 0.178125 0.0984375
1 0.80390625 0.65390625 0.1671875 0.1234375
1 0.69609375 0.58828125 0.1140625 0.0578125
1 0.8828125 0.54375 0.2265625 0.121875
1 0.7375 0.3734375 0.0671875 0.090625
1 0.96015625 0.39921875 0.0734375 0.0984375
1 0.92578125 0.83125 0.1484375 0.134375