4 1 0.30148148125 0.9620370375 0.276296296875 0.884259259375 0.23851851875 0.8129629625 0.21259259218749998 0.696296296875 0.17851851875 0.6916666671875 0.163703703125 0.69351851875 0.140740740625 0.68148148125 0.12740740781249998 0.5648148140625 0.11851851875 0.5101851859375001 0.11259259218749999 0.4888888890625 0.1059259265625 0.46388888906250003 0.1051851859375 0.45185185156249996 0.10814814843750001 0.44166666718750003 0.11777777812500001 0.434259259375 0.12 0.43055555625 0.12592592656249998 0.425 0.1266666671875 0.415740740625 0.12592592656249998 0.4074074078125 0.1148148140625 0.39351851875 0.11037037031250001 0.372222221875 0.1111111109375 0.3166666671875 0.120740740625 0.25648148125 0.136296296875 0.190740740625 0.1629629625 0.1675925921875 0.17555555625000002 0.1574074078125 0.1874074078125 0.1583333328125 0.1940740734375 0.1740740734375 0.21925925937500002 0.18148148125000002 0.22518518593749998 0.18148148125000002 0.23185185156250002 0.10555555624999999 0.2681481484375 0.08055555625000001 0.276296296875 0.053703703125 0.29407407343749997 0.0324074078125 0.30148148125 0 0.3229629625 0 1 1 1 1 0.30148148125
2 0.08984375 0.378125 0.1421875 0.1140625
2 0.325 0.346875 0.13046875 0.10703125
2 0.44921875 0.21953125 0.1484375 0.12109375
2 0.23515625 0.453125 0.14453125 0.11484375
2 0.16640625 0.55859375 0.125 0.115625
2 0.05234375 0.58203125 0.10390625 0.1359375
2 0.23828125 0.59921875 0.13671875 0.11171875
2 0.37421875 0.53671875 0.146875 0.11953125
2 0.5171875 0.51328125 0.15546875 0.1109375
2 0.45078125 0.409375 0.13984375 0.11171875
2 0.56796875 0.39609375 0.14921875 0.115625
2 0.63828125 0.27109375 0.09375 0.12109375
2 0.88046875 0.30625 0.134375 0.09296875
2 0.72265625 0.36171875 0.04765625 0.00859375
2 0.7046875 0.546875 0.1390625 0.109375
2 0.890625 0.48671875 0.1328125 0.103125
2 0.91953125 0.67109375 0.12421875 0.134375
2 0.62109375 0.69765625 0.1421875 0.0859375
2 0.3265625 0.71171875 0.15703125 0.1015625
2 0.17421875 0.72421875 0.16328125 0.11875
2 0.203125 0.82265625 0.165625 0.115625
2 0.13515625 0.9453125 0.22421875 0.10859375
2 0.3359375 0.87734375 0.17109375 0.125
2 0.50625 0.859375 0.13515625 0.13203125
2 0.74453125 0.91171875 0.11796875 0.115625
2 0.6734375 0.896875 0.096875 0.075
2 0.91015625 0.96171875 0.1359375 0.0765625
2 0.77109375 0.7953125 0.125 0.12421875
2 0.95859375 0.78125 0.08203125 0.0640625
2 0.375 0.96796875 0.1609375 0.0640625
2 0.4890625 0.64296875 0.11484375 0.059375
2 0.56328125 0.615625 0.090625 0.06484375
1 0.6515625 0.959375 0.1703125 0.08046875
1 0.7859375 0.68515625 0.15703125 0.10703125
1 0.6859375 0.60859375 0.11015625 0.046875
1 0.87578125 0.58359375 0.21796875 0.09921875
1 0.74921875 0.39921875 0.059375 0.08515625
1 0.96796875 0.44765625 0.0640625 0.09296875
1 0.91015625 0.8765625 0.1796875 0.11640625