4 0.32294071406249997 0 0 0.261512234375 0 0.6770592843750001 0.261512234375 1 0.6770592859375 1 0.9819624515625 0.7530942859375 0.9904429703125001 0.7282553953125 1 0.66481833125 1 0.5817221359375 0.991813078125 0.56001093125 0.98740193125 0.477319796875 0.9723203015624999 0.3924865484375 1 0.3734906171875 1 0.32294071406249997 0.7384877671875001 0 0.32294071406249997 0
0 0.16640625 0.60625 0.0921875 0.0890625
0 0.75546875 0.3109375 0.1015625 0.103125
0 0.71796875 0.396875 0.0984375 0.1015625
0 0.6953125 0.23203125 0.084375 0.084375
0 0.68984375 0.10859375 0.0921875 0.09375
0 0.58671875 0.0578125 0.0703125 0.071875
0 0.55625 0.14296875 0.0953125 0.096875
0 0.48359375 0.06484375 0.0703125 0.0703125
0 0.37109375 0.14296875 0.09375 0.0953125
0 0.28671875 0.06953125 0.090625 0.090625
0 0.32421875 0.2203125 0.0796875 0.08125
0 0.15625 0.4390625 0.096875 0.096875
0 0.01953125 0.46171875 0.0390625 0.0703125
0 0.09921875 0.2609375 0.0734375 0.075
0 0.5015625 0.38203125 0.0921875 0.09375
0 0.66953125 0.62734375 0.0875 0.0875
0 0.8125 0.6203125 0.09375 0.09375
0 0.8078125 0.8078125 0.1046875 0.10625
0 0.6234375 0.95 0.125 0.1
0 0.33515625 0.89765625 0.103125 0.1078125
0 0.403125 0.8109375 0.090625 0.09375
3 0.69375 0.84609375 0.1140625 0.115625
3 0.87109375 0.50234375 0.121875 0.121875
3 0.63671875 0.6765625 0.1140625 0.115625
3 0.84375 0.2390625 0.14375 0.1390625
3 0.76953125 0.128125 0.09375 0.0953125
3 0.63515625 0.153125 0.1234375 0.125
3 0.46015625 0.16328125 0.1125 0.1125
3 0.09140625 0.4796875 0.0984375 0.103125
3 0.13828125 0.71875 0.0984375 0.096875
3 0.28515625 0.93125 0.075 0.0765625
3 0.41796875 0.7125 0.096875 0.1
3 0.6015625 0.42265625 0.103125 0.103125
3 0.25859375 0.415625 0.0703125 0.0703125
3 0.26328125 0.22109375 0.090625 0.0921875
3 0.71171875 0.940625 0.0734375 0.071875