4 0.3613377296875 0 0 0.21711361093749998 0 0.638662271875 0.21711361093749998 1 0.638662271875 1 0.942048109375 0.8177073984375 0.953903003125 0.7942904984375 0.98931705625 0.6752490124999999 0.9786748781249999 0.6278740609375 0.9858150421874999 0.5453737578125 0.9826866921875 0.4592671421875 1 0.4506497921875 1 0.361337728125 0.78543759375 0.0042459171875 0.7765186625 0 0.3613377296875 0
0 0.15546875 0.55859375 0.090625 0.0859375
0 0.77890625 0.3484375 0.0984375 0.1
0 0.73046875 0.428125 0.0953125 0.1
0 0.73046875 0.26171875 0.08125 0.0828125
0 0.7421875 0.1390625 0.090625 0.0921875
0 0.64765625 0.07421875 0.0671875 0.071875
0 0.60546875 0.15390625 0.0921875 0.0953125
0 0.54453125 0.0671875 0.0671875 0.06875
0 0.42265625 0.128125 0.0921875 0.0921875
0 0.34921875 0.04375 0.0890625 0.0875
0 0.36484375 0.1984375 0.0765625 0.0796875
0 0.16796875 0.3921875 0.0953125 0.09375
0 0.0234375 0.39375 0.046875 0.06875
0 0.1359375 0.20703125 0.071875 0.0734375
0 0.51796875 0.38359375 0.0890625 0.0921875
0 0.65 0.64921875 0.084375 0.0859375
0 0.79296875 0.66328125 0.090625 0.0921875
0 0.76171875 0.84765625 0.103125 0.103125
0 0.5578125 0.95703125 0.121875 0.0859375
0 0.28203125 0.87109375 0.096875 0.1078125
0 0.3609375 0.79453125 0.0859375 0.09375
3 0.64375 0.86953125 0.1109375 0.1125
3 0.8671875 0.55390625 0.11875 0.11875
3 0.6109375 0.69375 0.109375 0.1125
3 0.8765625 0.2890625 0.14375 0.1328125
3 0.81875 0.16875 0.090625 0.09375
3 0.68203125 0.175 0.1203125 0.121875
3 0.50703125 0.1609375 0.1109375 0.109375
3 0.0984375 0.4234375 0.0921875 0.103125
3 0.1109375 0.66640625 0.096875 0.09375
3 0.22734375 0.896875 0.0734375 0.075
3 0.3890625 0.69921875 0.09375 0.0984375
3 0.6109375 0.4375 0.1 0.1
3 0.27265625 0.3828125 0.0671875 0.06875
3 0.3046875 0.19140625 0.0890625 0.090625
3 0.6484375 0.96484375 0.071875 0.0703125