4 0.23472222187499997 0 0.17916666718750002 0.0237430171875 0.15972222187500001 0.037709496875 0.11805555625 0.08519553125 0.0958333328125 0.0991620109375 0.06944444375 0.12709497187500002 0.013888889062500001 0.20111731875 0 0.2220670390625 0 0.7178770953125 0.00555555625 0.7206703906249999 0 0.7248603359375 0.0125 0.7178770953125 0.06527777812499999 0.7136871515625 0.10694444375 0.7891061453125 0.15555555625 0.8561452515625 0.1708333328125 0.9022346375 0.2625 0.9860335203125 0.28472222187499996 1 0.9333333328125001 1 0.952777778125 0.9916201125 0.9736111109375001 0.970670390625 1 0.9567039109375 1 0.22905027968749997 0.9694444437499999 0.23463687187499999 0.95555555625 0.231843575 0.95555555625 0.2262569828125 0.9736111109375001 0.220670390625 0.9916666671875 0.2053072625 0.997222221875 0.18156424531249998 0.9916666671875 0.1662011171875 0.9666666671874999 0.1368715078125 0.9375 0.1159217875 0.9125 0.086592178125 0.8916666671875 0.074022346875 0.8541666671874999 0.033519553125000004 0.81805555625 0.015363128125 0.8083333328125001 0 0.23472222187499997 0
0 0.82578125 0.37265625 0.0703125 0.05859375
0 0.1828125 0.5140625 0.06953125 0.07578125
0 0.265625 0.55703125 0.065625 0.0765625
0 0.1796875 0.41484375 0.05859375 0.06171875
0 0.10625 0.315625 0.06328125 0.06953125
0 0.15390625 0.2109375 0.04375 0.05703125
0 0.23125 0.2578125 0.065625 0.07109375
0 0.2390625 0.1515625 0.04921875 0.05
0 0.375 0.14140625 0.065625 0.06875
0 0.39453125 0.03125 0.06640625 0.0625
0 0.4609375 0.171875 0.05234375 0.06171875
0 0.72890625 0.23671875 0.06953125 0.06796875
0 0.8609375 0.159375 0.04375 0.0546875
0 0.6609375 0.06171875 0.0515625 0.05390625
0 0.42421875 0.409375 0.0625 0.06953125
0 0.4484375 0.70546875 0.059375 0.06484375
0 0.3328125 0.790625 0.06484375 0.06875
0 0.4546875 0.9328125 0.07421875 0.07578125
0 0.6953125 0.93671875 0.09140625 0.0859375
0 0.878125 0.70546875 0.05859375 0.090625
0 0.77109375 0.68046875 0.05546875 0.07578125
3 0.5671875 0.890625 0.078125 0.08515625
3 0.21328125 0.73515625 0.08515625 0.0875
3 0.5046875 0.7234375 0.0765625 0.0859375
3 0.06875 0.51328125 0.11484375 0.08671875
3 0.05625 0.38046875 0.06171875 0.07265625
3 0.1765625 0.315625 0.08515625 0.09140625
3 0.31953125 0.21328125 0.08125 0.07890625
3 0.8046875 0.22734375 0.05546875 0.0875
3 0.91875 0.4421875 0.0734375 0.06484375
3 0.93828125 0.7 0.05078125 0.05703125
3 0.69765625 0.61328125 0.06328125 0.0765625
3 0.37265625 0.50390625 0.07265625 0.0734375
3 0.634375 0.2828125 0.0484375 0.05078125
3 0.50859375 0.134375 0.0625 0.06796875
3 0.6125 0.97578125 0.0546875 0.0484375