4 1 0.34235060625 0.963959565625 0.29087953125 0.9178657375 0.2589510765625 0.895866840625 0.25174793281249996 0.83363419375 0.24197133124999998 0.7506457921874999 0.2186954625 0.7162375015625 0.2147558046875 0.690720040625 0.215442053125 0.631703828125 0.2070303875 0.611769490625 0.20923295468749997 0.545838890625 0.22646117812500002 0.48439619218749996 0.22426994531250002 0.44480132499999997 0.2339090203125 0.3743513515625 0.26244024062500004 0.33160299531250004 0.286947296875 0.30278097812500004 0.30712869062500003 0.2474753125 0.36213112812500003 0.192563046875 0.4096238859375 0.1532136609375 0.4389851765625 0.1382581890625 0.46121271875 0.118478065625 0.481392853125 0.09044914375 0.5317643484375 0.089995946875 0.5456458421875 0.09882697968750001 0.5566435609375 0.0967340953125 0.5617261234375001 0.055716696875000006 0.5967767562499999 0.04995418125 0.6143758765625 0.012672504687499999 0.6757476078125 0.2397164734375 1 0.6576493953125 1 1 0.760283525 1 0.34235060625
4 0 0.35118650156250003 0.057951190625 0.30132196875 0.0723621984375 0.291231271875 0.0851964625 0.288574565625 0.10430938125 0.27067017031249996 0.1400489328125 0.2474536203125 0.15461100625 0.232735759375 0.1758451328125 0.19526052656249998 0.16771278125 0.1901035328125 0.1135526921875 0.1918557359375 0.1026885703125 0.17956877031250001 0.0865466046875 0.1791158890625 0 0.2397164734375 0 0.35118650156250003
1 0.41875 0.92421875 0.15625 0.15
1 0.38359375 0.83359375 0.0875 0.0828125
1 0.48671875 0.75703125 0.1140625 0.10625
1 0.4765625 0.82265625 0.11875 0.1109375
1 0.51953125 0.88203125 0.109375 0.109375
1 0.7125 0.56875 0.134375 0.1203125
1 0.753125 0.63828125 0.1 0.1109375
1 0.98046875 0.5078125 0.0390625 0.103125
1 0.821875 0.74375 0.1046875 0.10625
1 0.559375 0.446875 0.078125 0.0796875
1 0.42890625 0.3828125 0.15625 0.153125
1 0.63203125 0.31328125 0.071875 0.0671875
1 0.584375 0.365625 0.071875 0.0640625
1 0.28046875 0.465625 0.121875 0.1140625
1 0.1921875 0.534375 0.06875 0.065625
1 0.2734375 0.6921875 0.0765625 0.075
1 0.34375 0.72109375 0.084375 0.0875
1 0.42109375 0.65703125 0.0578125 0.0546875
1 0.521875 0.5078125 0.0796875 0.078125