4 1 0.4109255640625 0.9490694671875 0.381848853125 0.9354972359374999 0.3692500390625 0.8826297265624999 0.35847969375 0.878335171875 0.355049034375 0.8807271671875 0.34114884375 0.8736009125 0.32922753125000004 0.8246656781249999 0.29876031875 0.7975820703125 0.2906999703125 0.7737255921874999 0.27850987968749996 0.725075209375 0.271906878125 0.6540229125 0.2569907703125 0.5789857765625 0.23569727343750002 0.5439933390625 0.23201941874999998 0.49472352812500003 0.23130987812499998 0.41927438281249996 0.2405107359375 0.379970815625 0.251276184375 0.32729415 0.282980690625 0.2612775390625 0.29987633593749996 0.24277475 0.30761428749999997 0.1952360640625 0.343582921875 0.17258528906249998 0.3553538265625 0.1444011046875 0.3754809984375 0.08310217812500001 0.43607210781249994 0.0334120703125 0.47479390156249995 0.017663553125000002 0.491759190625 0 0.5275139515625 0 0.8737642171875001 0.019046571875 0.9037905359374999 0.0444018875 0.9548688484375001 0.473796109375 1 0.789951259375 1 0.8247243375 0.98027765 0.8664364765625001 0.9377380546874999 0.9374776515625 0.8818949999999999 0.9655926953125 0.8535675312500001 1 0.5262038859375 1 0.4109255640625
4 1 0.049797978124999996 0.706046784375 0.018902250000000002 0.6921482640625001 0.027124128125 0.688603128125 0.04313758125 0.6403841625 0.0678624015625 0.63577160625 0.076315453125 0.6725117453125 0.0987975203125 0.6923833828125 0.1046102203125 0.7348975046875 0.1075889921875 0.7602942640625 0.113982403125 0.7728073609375 0.1100838359375 0.7903035796875 0.1119227625 0.9288021859375 0.1406311515625 1 0.14907548125 1 0.049797978124999996
1 0.88046875 0.0734375 0.0484375 0.0375
1 0.77734375 0.83125 0.1328125 0.109375
1 0.76328125 0.73515625 0.0765625 0.0578125
1 0.63671875 0.71875 0.1 0.0734375
1 0.67734375 0.77109375 0.10625 0.075
1 0.66796875 0.84375 0.0859375 0.0875
1 0.34765625 0.66328125 0.1234375 0.0765625
1 0.3453125 0.74375 0.0625 0.103125
1 0.05625 0.7546875 0.0734375 0.0859375
1 0.3359375 0.86953125 0.0796875 0.0859375
1 0.42265625 0.4828125 0.059375 0.0640625
1 0.5046875 0.36328125 0.1265625 0.1171875
1 0.29375 0.40078125 0.0625 0.046875
1 0.3609375 0.4234375 0.06875 0.0390625
1 0.675 0.3640625 0.1078125 0.0796875
1 0.7859375 0.38046875 0.0578125 0.0484375
1 0.79140625 0.5578125 0.0640625 0.0546875
1 0.74375 0.6171875 0.0609375 0.075
1 0.6453125 0.59921875 0.0484375 0.0390625
1 0.48515625 0.5171875 0.0640625 0.059375