4 1 0.5948148140625 0.98055555625 0.542222221875 0.9666666671874999 0.523703703125 0.921296296875 0.48 0.8666666671875 0.41333333281250006 0.840740740625 0.3903703703125 0.8194444437499999 0.376296296875 0.7759259265625 0.33555555625 0.7583333328124999 0.32592592656249997 0.6944444437499999 0.30222222187500003 0.6453703703125 0.26518518593749996 0.6074074078125 0.2503703703125 0.5333333328125 0.23333333281250002 0.48425925937500003 0.2288888890625 0.44907407343749994 0.2288888890625 0.372222221875 0.242222221875 0.3 0.24962962968750002 0.2509259265625 0.2511111109375 0.2259259265625 0.260740740625 0.1981481484375 0.26592592656249997 0.146296296875 0.29111111093750003 0.1379629625 0.30222222187500003 0.13888888906250002 0.316296296875 0.134259259375 0.319259259375 0.08055555625000001 0.32444444375 0.065740740625 0.33555555625 0 0.36444444374999996 0 0.8029629625 0.025 0.8340740734375001 0.0898148140625 0.8970370375 0.1268518515625 0.943703703125 0.1703703703125 0.9748148140625 0.197222221875 1 0.9055555562500001 1 0.9361111109375001 0.9518518515625001 0.977777778125 0.8992592593750001 1 0.8459259265625001 1 0.5948148140625
4 0 0 0 0.09925925937499999 0.1111111109375 0.097777778125 0.2518518515625 0.083703703125 0.26944444375 0.083703703125 0.28148148125 0.0888888890625 0.30740740781250003 0.08518518593749999 0.35 0.0866666671875 0.3703703703125 0.0829629625 0.409259259375 0.06444444375 0.40555555625000006 0.055555556250000006 0.3601851859375 0.0259259265625 0.3583333328125 0.0096296296875 0.3453703703125 0 0 0
1 0.16640625 0.0359375 0.0453125 0.03359375
1 0.18984375 0.80078125 0.12265625 0.096875
1 0.21328125 0.70625 0.071875 0.05078125
1 0.34140625 0.703125 0.09453125 0.06328125
1 0.2953125 0.75078125 0.09921875 0.065625
1 0.296875 0.82421875 0.07734375 0.0796875
1 0.634375 0.678125 0.11796875 0.06484375
1 0.628125 0.75859375 0.05234375 0.0984375
1 0.91484375 0.8 0.065625 0.0796875
1 0.62421875 0.884375 0.071875 0.07890625
1 0.57890625 0.490625 0.053125 0.059375
1 0.509375 0.36328125 0.115625 0.10625
1 0.715625 0.42265625 0.0578125 0.04140625
1 0.64609375 0.43828125 0.065625 0.03203125
1 0.33984375 0.34609375 0.10078125 0.06875
1 0.228125 0.3515625 0.053125 0.04375
1 0.20390625 0.52734375 0.059375 0.04921875
1 0.2453125 0.59140625 0.053125 0.0703125
1 0.3453125 0.58359375 0.0453125 0.03515625
1 0.51328125 0.51875 0.059375 0.053125