4 0.21132486562500002 0 0 0.3660254046875 0 0.765768796875 0.0325433890625 0.789288228125 0.069578040625 0.8288460359375 0.3660254046875 1 0.788675134375 1 1 0.633974596875 1 0.29242865625 0.9742835234375 0.2766649875 0.9327189609375001 0.22273099687500003 0.9179462921875 0.21313282500000003 0.893856790625 0.20670891406249997 0.8341880078124999 0.14339161250000002 0.796872015625 0.11543221249999999 0.7320109218749999 0.083330478125 0.6663811921875 0.043300803124999995 0.6314619218749999 0.04452349375 0.6016352421875 0.036925557812499996 0.5522246421875 0.016951673437500002 0.535823353125 0 0.21132486562500002 0
2 0.5609375 0.78125 0.2359375 0.2109375
2 0.3265625 0.60234375 0.2234375 0.2015625
2 0.52890625 0.665625 0.19375 0.1765625
2 0.60546875 0.55390625 0.184375 0.1625
2 0.74921875 0.63125 0.1671875 0.1578125
2 0.87734375 0.746875 0.1421875 0.146875
2 0.6890625 0.74140625 0.19375 0.1703125
2 0.86796875 0.67890625 0.1859375 0.16875
2 0.81953125 0.54453125 0.1703125 0.1484375
2 0.69765625 0.42890625 0.140625 0.13125
2 0.6109375 0.4171875 0.1515625 0.1328125
2 0.3359375 0.4515625 0.2046875 0.1875
2 0.11328125 0.440625 0.2265625 0.19375
2 0.0984375 0.31953125 0.1671875 0.165625
2 0.1515625 0.18046875 0.0859375 0.0828125
2 0.240625 0.11796875 0.15 0.128125
2 0.37890625 0.1890625 0.1171875 0.1
2 0.47109375 0.2609375 0.121875 0.109375
2 0.340625 0.353125 0.1734375 0.1546875