4 0.18146486875 0 0 0.38915266875 0 0.8179226046875 0.0025325765625 0.819716090625 0.38915266875 1 0.81853513125 1 1 0.6108473328125 1 0.277005784375 0.981941546875 0.26397058906250004 0.9668884453125 0.2436698109375 0.936730215625 0.2163253953125 0.8923625734374999 0.1843983171875 0.8657351999999999 0.1801549390625 0.8210327953125001 0.1511366953125 0.7977010499999999 0.13106210625 0.77867375 0.1017566078125 0.7082396921874999 0.070955959375 0.6447406953125 0.0362376609375 0.6004341234374999 0.0217070421875 0.5143430171875 0.0091465484375 0.503469009375 0 0.18146486875 0
2 0.234375 0.61171875 0.2328125 0.2015625
2 0.515625 0.7015625 0.221875 0.1921875
2 0.34765625 0.57109375 0.190625 0.1703125
2 0.39609375 0.44453125 0.1828125 0.1546875
2 0.25 0.37109375 0.1640625 0.1515625
2 0.08125 0.3328125 0.1375 0.14375
2 0.19375 0.48359375 0.19375 0.1625
2 0.1421875 0.30078125 0.184375 0.1609375
2 0.2796875 0.2640625 0.16875 0.1421875
2 0.44453125 0.29765625 0.1375 0.1265625
2 0.50390625 0.36171875 0.1515625 0.125
2 0.63359375 0.60625 0.2015625 0.1796875
2 0.7703125 0.7828125 0.2265625 0.18125
2 0.878125 0.72578125 0.1625 0.1609375
2 0.96015625 0.6015625 0.0796875 0.08125
2 0.94296875 0.49296875 0.1140625 0.1203125
2 0.82421875 0.42109375 0.1171875 0.09375
2 0.7125 0.3859375 0.1203125 0.103125
2 0.71171875 0.54609375 0.171875 0.146875