4 1 0.1203703703125 0.9629629625 0.1 0.909259259375 0.09351851875 0.884259259375 0.0824074078125 0.8611111109375 0.0666666671875 0.834259259375 0.0703703703125 0.7990740734374999 0.06944444375 0.7361111109375 0.04351851875 0.7185185187500001 0.0425925921875 0.6944444437499999 0.0490740734375 0.6111111109375 0.0240740734375 0.5648148140625 0.018518518749999997 0.49259259218749996 0.0231481484375 0.415740740625 0.021296296875000002 0.3861111109375 0.039814814062499995 0.35648148125 0.048148148437499996 0.303703703125 0.055555556250000006 0.27777777812500004 0.048148148437499996 0.22407407343750002 0.058333332812500006 0.1851851859375 0.0703703703125 0.1629629625 0.0824074078125 0.1 0.09444444375 0.05648148125 0.1166666671875 0.037037037499999995 0.12222222187500001 0 0.14351851875 0 0.9370370375 0.0129629625 0.9472222218749999 0.0629629625 0.9648148140625 0.1046296296875 0.9620370375 0.1675925921875 0.9768518515625001 0.2398148140625 0.984259259375 0.2916666671875 1 0.815740740625 1 0.9379629625 0.977777778125 1 0.9601851859374999 1 0.1203703703125
2 0.69375 0.71328125 0.196875 0.13046875
2 0.40078125 0.67578125 0.1859375 0.12578125
2 0.6078125 0.62890625 0.15703125 0.1140625
2 0.61796875 0.49375 0.15703125 0.096875
2 0.78125 0.4890625 0.13203125 0.10625
2 0.95 0.525 0.1 0.1125
2 0.784375 0.61484375 0.165625 0.1015625
2 0.90859375 0.47109375 0.153125 0.10703125
2 0.79921875 0.37890625 0.1453125 0.08828125
2 0.6359375 0.33984375 0.1109375 0.08828125
2 0.5546875 0.37265625 0.13046875 0.07734375
2 0.33359375 0.53984375 0.165625 0.12109375
2 0.13515625 0.6421875 0.20078125 0.10703125
2 0.06171875 0.54453125 0.1234375 0.1203125
2 0.03828125 0.39765625 0.06484375 0.05859375
2 0.084375 0.29921875 0.13203125 0.07109375
2 0.23984375 0.29140625 0.10390625 0.0546875
2 0.35546875 0.30703125 0.1015625 0.0671875
2 0.28828125 0.45234375 0.14609375 0.09453125