4 1 0.5273475828125 0.9945089140625001 0.51596239375 0.9356698734375 0.468542621875 0.8708425078124999 0.45281435312499996 0.804571403125 0.44212100625 0.7537569171875 0.44403313750000006 0.6829713953125001 0.4519338234375 0.563053578125 0.4896097703125 0.5373221140625 0.5004852390625001 0.4789225359375 0.5345505109375 0.43330436250000004 0.557296290625 0.38479870781250003 0.590111915625 0.30054699687499997 0.66730284375 0.2501178140625 0.736755715625 0.245335875 0.7529572499999999 0.22948379531250002 0.77783585 0.220737021875 0.8021636328125 0.21568029375000003 0.823599059375 0.215292103125 0.85345675 0.20571369062499997 0.9011125968749999 0.2093746640625 0.9287257984374999 0.234062228125 0.9751732140625 0.2512599 1 0.6293087921875 1 0.9157090859375 0.8412457249999999 0.9218431671875 0.8217538984375 0.9439136578125 0.783265228125 0.9622795640625 0.7629216921875 0.981180515625 0.7473631515625 0.9975676375000001 0.7272695453125 1 0.721078759375 1 0.5273475828125
3 0.66484375 0.81953125 0.0984375 0.1015625
3 0.50390625 0.83046875 0.096875 0.1078125
3 0.6546875 0.68828125 0.0796875 0.075
3 0.76875 0.65625 0.153125 0.1265625
3 0.83125 0.51640625 0.1046875 0.0859375
3 0.76171875 0.515625 0.08125 0.08125
3 0.45546875 0.7359375 0.1484375 0.1265625
3 0.3703125 0.8796875 0.1265625 0.121875
3 0.44375 0.6640625 0.05625 0.046875
3 0.39765625 0.6421875 0.0796875 0.0609375
3 0.71171875 0.7546875 0.0484375 0.0484375
3 0.85859375 0.69140625 0.1046875 0.090625
3 0.76328125 0.60078125 0.1203125 0.0984375
3 0.8765625 0.5375 0.1046875 0.0828125
3 0.571875 0.63515625 0.084375 0.0703125
3 0.621875 0.53359375 0.0609375 0.0578125