4 0.22028724375 0.144083321875 0.20606239531249998 0.15618043125 0.190849528125 0.1803567046875 0.1903910515625 0.19495136562499998 0.20211031875000002 0.20449709062500002 0.20643462499999998 0.2145560828125 0.192898353125 0.23621386875 0.1815513140625 0.2850437953125 0.1801927875 0.3016526484375 0.1837405484375 0.31221593593749997 0.188311859375 0.3192551375 0.20428436562500002 0.3217496984375 0.2522543296875 0.31061333125 0.319196390625 0.274289109375 0.3311271296875 0.27225996406249997 0.3504545515625 0.33262289218749996 0.3764003890625 0.39297684843749997 0.3836549421875 0.42114860624999995 0.38331996562500004 0.434233371875 0.3952338 0.4593793578125 0.4070072265625 0.5132103703124999 0.41618538125000004 0.5358438515625 0.42425201250000005 0.5720663921875 0.4377544734375 0.6047588671875 0.4343133109375 0.6198608140624999 0.3715009890625 0.650643765625 0.36880084062499996 0.6566863406250001 0.37259560468749997 0.6642298375 0.3636830828125 0.674306771875 0.34836361875 0.6728178125000001 0.32245503593749997 0.6839242718749999 0.2920631125 0.677926559375 0.290016009375 0.68497473125 0.300588221875 0.6995544390624999 0.30037674999999997 0.711129309375 0.3162612890625 0.7236888453125 0.331528315625 0.7437978578125 0.34896594687500004 0.755348803125 0.368521746875 0.7769617296875 0.42499991406250004 0.8146283750000001 0.50300991875 0.849749615625 0.5619936671875 0.8657734265625001 0.6699709281249999 0.8671367812499999 0.7093988765625 0.861547665625 0.74490855625 0.8499249453125 0.828440640625 0.80854580625 0.8611791078125 0.7858555046875 0.8932290015625 0.753604521875 0.937509075 0.6976845546875 0.9654106015625 0.635244634375 0.9812578859375 0.5763437515625001 0.989270359375 0.5682810078125 0.9926742671875 0.48171864218750005 0.9838479937500001 0.4188252671875 0.9702744687499999 0.3690226375 0.9502060328124999 0.3177190828125 0.919600915625 0.2603909 0.9154880828125 0.2387570390625 0.8671814234375 0.20007283125000003 0.8476256234375 0.17845990312499999 0.8056903734375 0.142786515625 0.7411286687499999 0.0960724609375 0.70445330625 0.0769989546875 0.6401217015625 0.0544402375 0.5066232703125 0.032478525 0.4095007578125 0.051230165625000004 0.32400954375 0.089592503125 0.2542793625 0.142024271875 0.22028724375 0.144083321875
1 0.79140625 0.203125 0.0734375 0.0765625
1 0.68203125 0.18125 0.0828125 0.0859375
1 0.6140625 0.13359375 0.0765625 0.0828125
1 0.5390625 0.11875 0.0671875 0.075
1 0.46484375 0.13203125 0.096875 0.096875
1 0.5984375 0.19765625 0.1078125 0.1265625
1 0.7140625 0.2578125 0.0921875 0.0984375
1 0.65390625 0.31171875 0.0859375 0.0890625
1 0.5765625 0.303125 0.09375 0.10625
1 0.51953125 0.2234375 0.078125 0.0875
1 0.50546875 0.29609375 0.0796875 0.0921875
1 0.3140625 0.1859375 0.09375 0.0921875
1 0.85390625 0.2609375 0.0984375 0.1015625