4 0.6159123578125001 0.06241545625 0.5976904515625 0.058335209374999995 0.5692270875000001 0.060735317187500006 0.55729535625 0.0691524484375 0.55672463125 0.08425663125 0.5512935953125 0.0937638296875 0.5258505859375 0.0959872625 0.4800244546875 0.1163116984375 0.465942453125 0.1252221875 0.4596413328125 0.1344127 0.45677065937499994 0.142299809375 0.46439090937499994 0.156557284375 0.5021538515625 0.18816576875 0.5714504046875 0.21976761250000001 0.58025105 0.2280747546875 0.5436746046875001 0.2798376375 0.5110883859375 0.3368808203125 0.49295531875 0.35962875156249996 0.4823037671875 0.3672358375 0.46939121406249995 0.39188388125 0.43348528125 0.43368286874999995 0.42093293125000003 0.4546340375 0.39685894374999997 0.4828756046875 0.37887555625 0.5133339718750001 0.3647436625 0.519674315625 0.302357903125 0.4880358078125 0.2959071 0.4895158859375 0.292166340625 0.4970863078125 0.27875485312500003 0.496032903125 0.27072450625 0.48290215625000005 0.24626231875000001 0.468894678125 0.23276198906249998 0.4410130953125 0.225901090625 0.44361990156250003 0.220619734375 0.46083753281249995 0.211248365625 0.46763457343750003 0.21077742812500003 0.4878790484375 0.20390558281249999 0.51217374375 0.2051748171875 0.5330515874999999 0.1996829390625 0.561676528125 0.203590428125 0.62945035 0.2224889515625 0.7128884015625 0.24518907343750002 0.7696382875000001 0.3090825875 0.85669325 0.33727458593750004 0.8848181953124999 0.3679271625 0.9061827593749999 0.45124487343749997 0.947991859375 0.48906865625 0.9604825984375 0.53411354375 0.9666696546875 0.605421628125 0.9683798187500001 0.672079925 0.9530856859375 0.7286573953125 0.9302944546875 0.7399186156249999 0.93184121875 0.8110989171874999 0.8824651703124999 0.856016015625 0.837566015625 0.8876214140625001 0.7967537453125 0.9165167671875001 0.7498511296875 0.9438824718750001 0.690907834375 0.9586848765625 0.6746035984375001 0.960507784375 0.6127434468749999 0.9659996625 0.5841185062500001 0.9692524328125 0.5291587468750001 0.96770573125 0.44948425625 0.9608667265624999 0.4087152875 0.94016719375 0.3437616078125 0.8773652343749999 0.22392813125000002 0.8039397218750001 0.1576476625 0.7218523 0.112458375 0.6380137578125 0.08832360312500001 0.6159123578125001 0.06241545625
1 0.9125 0.55390625 0.0671875 0.0734375
1 0.8640625 0.45390625 0.075 0.0796875
1 0.86171875 0.3703125 0.0671875 0.0796875
1 0.828125 0.3015625 0.0578125 0.0734375
1 0.77265625 0.25078125 0.090625 0.0890625
1 0.80078125 0.396875 0.090625 0.128125
1 0.82265625 0.525 0.0828125 0.0953125
1 0.74296875 0.509375 0.078125 0.0828125
1 0.70390625 0.44296875 0.0796875 0.1046875
1 0.7328125 0.34921875 0.06875 0.0859375
1 0.66640625 0.38203125 0.0671875 0.0921875
1 0.6390625 0.1625 0.0875 0.0859375
1 0.90390625 0.6390625 0.0890625 0.096875