4 1 0.29742962031250003 0.99444444375 0.292533659375 0.9916666671875 0.265605875 0.9768518515625001 0.2435740515625 0.9490740734375 0.21909424687499998 0.915740740625 0.17503059999999998 0.8462962968750001 0.11872704999999999 0.7953703703125 0.0954712359375 0.7453703703125 0.080783353125 0.6740740734374999 0.037943696875 0.6638888890625 0.026927784375000003 0.61944444375 0.013463892187500002 0.5796296296875 0.007343940625000001 0.49444444374999996 0.012239901562499999 0.46851851875 0.007343940625000001 0.44166666718750003 0.013463892187500002 0.44907407343749994 0.023255814062499998 0.440740740625 0.028151775 0.3898148140625 0.029375765625 0.35925925937500003 0.035495715625 0.32777777812500003 0.026927784375000003 0.27870370312500004 0.0342717265625 0.2518518515625 0.04773561875 0.2138888890625 0.0783353734375 0.1518518515625 0.111383109375 0.1046296296875 0.1529987765625 0.065740740625 0.1689106484375 0.0240740734375 0.173806609375 0 0.18482252187499998 0 0.925336596875 0.019444443750000002 0.9400244796875 0.077777778125 1 0.8175925921875 1 0.85648148125 0.970624234375 0.9175925921875001 0.9375764999999999 0.952777778125 0.8947368421874999 1 0.8690330484375 1 0.29742962031250003
1 0.35703125 0.6578125 0.2125 0.2171875
1 0.83203125 0.3671875 0.1609375 0.1375
1 0.81640625 0.2515625 0.121875 0.1015625
1 0.6 0.4484375 0.23125 0.1921875
1 0.665625 0.5453125 0.153125 0.1453125
1 0.465625 0.5453125 0.09375 0.1546875
1 0.43046875 0.76015625 0.0890625 0.109375
1 0.47109375 0.33671875 0.18125 0.19375
1 0.60234375 0.17734375 0.221875 0.26875
1 0.44296875 0.12890625 0.159375 0.096875
1 0.17265625 0.23984375 0.31875 0.20625
1 0.22734375 0.4 0.140625 0.24375
1 0.13359375 0.53515625 0.0921875 0.128125
1 0.09921875 0.38359375 0.11875 0.115625