4 1 0.33873040468750004 0.9761138890625001 0.28658541406250004 0.9328819609375 0.23116206875 0.910647109375 0.1877668734375 0.89159298125 0.1645453640625 0.8497486328124999 0.1378761140625 0.817503978125 0.1328986375 0.792079296875 0.1148797203125 0.746053990625 0.093048109375 0.740432478125 0.0851859546875 0.7511822140625 0.079253453125 0.7291410359375 0.0627409671875 0.7034651578125 0.056668626562500005 0.6276359859375 0.01754800625 0.588774134375 0.0069447171875 0.5426958546875 0.001167409375 0.52891065 0.007088259375 0.446353784375 0.017225415625 0.3947024109375 0.0103066328125 0.33872027031249996 0.010838434375 0.2523788984375 0.0340286875 0.20400508281250002 0.06072494375 0.1686719859375 0.07179011874999999 0.1461768296875 0.0858914625 0.13268668749999998 0.10936139375000001 0.12562006718750002 0.111574428125 0 0.39372171875 0 0.8158441812499999 0.0064964078125000005 0.827596184375 0.39372171875 1 0.824703796875 1 1 0.60627828125 1 0.33873040468750004
1 0.56640625 0.70234375 0.2828125 0.2859375
1 0.25078125 0.24375 0.203125 0.190625
1 0.31171875 0.14453125 0.153125 0.1421875
1 0.4296875 0.4125 0.290625 0.2703125
1 0.33046875 0.47421875 0.2 0.1953125
1 0.51328125 0.55546875 0.1484375 0.1796875
1 0.4578125 0.765625 0.1265625 0.1359375
1 0.59296875 0.3625 0.24375 0.25
1 0.53671875 0.16484375 0.3109375 0.3296875
1 0.703125 0.184375 0.184375 0.1515625
1 0.85859375 0.3953125 0.2828125 0.31875
1 0.78984375 0.51953125 0.2265625 0.278125
1 0.8203125 0.68125 0.1359375 0.1546875
1 0.91328125 0.55703125 0.1546875 0.153125