4 0.6981481484375001 1 0.7129629625 0.9859259265625001 0.7509259265625 0.9629629625 0.7768518515625 0.9540740734375 0.8009259265625 0.9496296296875 0.825 0.9400000000000001 0.853703703125 0.9162962968749999 0.8768518515625001 0.8874074078125 0.89444444375 0.8577777781249999 0.9148148140625001 0.8044444437499999 0.9236111109375 0.7740740734375 0.92476851875 0.753703703125 0.896296296875 0.6837037031250001 0.847222221875 0.63851851875 0.79444444375 0.5970370375 0.7490740734375 0.5740740734374999 0.6833333328125 0.5466666671875 0.5601851859375 0.52148148125 0.5324074078125001 0.51851851875 0.46481481406249997 0.52 0.4138888890625 0.5177777781249999 0.35555555625 0.5229629625000001 0.24444444375000002 0.5496296296875001 0.1666666671875 0.5859259265625 0.1546296296875 0.597777778125 0.12870370312499999 0.6118518515625 0.109259259375 0.6288888890625 0.09444444375 0.6451851859375 0.07962962968750001 0.6711111109375001 0.048148148437499996 0.7081481484375 0.0379629625 0.7340740734375 0.037037037499999995 0.7866666671875 0.040740740625 0.8237037031250001 0.05 0.8577777781249999 0.0666666671875 0.87851851875 0.0898148140625 0.8970370375 0.09444444375 0.9044444437499999 0.1620370375 0.956296296875 0.22407407343750002 0.9866666671875001 0.2398148140625 1 0.6981481484375001 1
3 0.4890625 0.859375 0.0703125 0.0765625
3 0.34296875 0.790625 0.06015625 0.090625
3 0.54375 0.73984375 0.06328125 0.0515625
3 0.659375 0.7671875 0.1375 0.06796875
3 0.78203125 0.675 0.09453125 0.04609375
3 0.72109375 0.640625 0.0578125 0.06171875
3 0.346875 0.68515625 0.13046875 0.071875
3 0.20234375 0.76875 0.096875 0.08515625
3 0.37109375 0.61640625 0.05 0.025
3 0.34140625 0.57421875 0.07421875 0.02890625
3 0.56171875 0.825 0.03671875 0.03515625
3 0.7203125 0.84140625 0.0890625 0.0546875
3 0.68125 0.715625 0.11015625 0.05078125
3 0.8109375 0.715625 0.09609375 0.04140625
3 0.496875 0.653125 0.07421875 0.03984375
3 0.590625 0.58828125 0.04765625 0.0390625