4 0.33148148125 0.074340528125 0.2398148140625 0.111510790625 0.13981481406250001 0.20263788906250002 0.0981481484375 0.25659472499999997 0.077777778125 0.29256594687500004 0.0490740734375 0.366906475 0.0333333328125 0.41966426874999996 0.028703703125 0.44844124687500003 0.009259259374999999 0.5071942453125 0.0175925921875 0.5275779375 0.0231481484375 0.5923261390625 0.034259259375000004 0.6462829734375 0.05 0.6954436453125 0.07685185156249999 0.7529976015625001 0.1268518515625 0.8237410078125 0.1379629625 0.8261390890625 0.1833333328125 0.8669064750000001 0.240740740625 0.9040767390625 0.3083333328125 0.9268585125 0.352777778125 0.9364508390624999 0.3925925921875 0.9376498796874999 0.48518518593750004 0.9268585125 0.521296296875 0.9172661874999999 0.5574074078125 0.900479615625 0.647222221875 0.8405275781249999 0.6879629625 0.794964028125 0.734259259375 0.7230215828125 0.7611111109375 0.6606714625000001 0.765740740625 0.631894484375 0.7740740734375 0.6127098328125 0.7759259265625 0.5875299765625 0.7824074078125001 0.5683453234375 0.7759259265625 0.558752996875 0.7768518515625 0.5407673859375 0.771296296875 0.5359712234375 0.7490740734375 0.55755395625 0.7212962968750001 0.5623501203125 0.709259259375 0.5719424453124999 0.696296296875 0.5683453234375 0.6953703703125 0.5599520390625 0.6898148140625 0.556354915625 0.6203703703125 0.5647482015625 0.609259259375 0.553956834375 0.602777778125 0.5191846515625 0.5898148140624999 0.4844124703125 0.5851851859375 0.4604316546875 0.565740740625 0.4088729015625 0.5620370375 0.38129496406249996 0.5546296296875 0.370503596875 0.5453703703125 0.34292565937499997 0.534259259375 0.2781774578125 0.5175925921875 0.217026378125 0.5287037031249999 0.212230215625 0.6046296296875 0.2062350125 0.6509259265625 0.189448440625 0.6629629625 0.178657075 0.6629629625 0.1702637890625 0.6601851859375001 0.159472421875 0.65 0.14628297343750002 0.6138888890625 0.111510790625 0.590740740625 0.100719425 0.5888888890625 0.08992805781249999 0.5935185187500001 0.07553956875 0.5851851859375 0.0635491609375 0.559259259375 0.051558753125 0.540740740625 0.049160671875 0.5111111109375 0.0659472421875 0.4240740734375 0.0599520390625 0.33148148125 0.074340528125
1 0.09375 0.409375 0.04921875 0.06015625
1 0.1734375 0.33203125 0.05703125 0.06484375
1 0.2046875 0.2546875 0.046875 0.06796875
1 0.259375 0.2015625 0.0390625 0.06328125
1 0.32890625 0.17265625 0.07109375 0.06875
1 0.253125 0.3 0.053125 0.1171875
1 0.18828125 0.41328125 0.05859375 0.0796875
1 0.26875 0.42578125 0.059375 0.0671875
1 0.328125 0.3765625 0.05078125 0.09375
1 0.3328125 0.27890625 0.0453125 0.075
1 0.384375 0.33203125 0.040625 0.08359375
1 0.48515625 0.13515625 0.06953125 0.065625
1 0.07265625 0.4921875 0.065625 0.07890625