4 1 0.18482252187499998 0.9759259265625 0.173806609375 0.934259259375 0.1689106484375 0.8953703703125001 0.1529987765625 0.8481481484375 0.111383109375 0.7861111109375 0.0783353734375 0.7481481484375 0.04773561875 0.7212962968750001 0.0342717265625 0.672222221875 0.026927784375000003 0.640740740625 0.035495715625 0.6101851859375 0.029375765625 0.559259259375 0.028151775 0.5509259265625001 0.023255814062499998 0.5583333328125 0.013463892187500002 0.5314814812499999 0.007343940625000001 0.50555555625 0.012239901562499999 0.4203703703125 0.007343940625000001 0.38055555625 0.013463892187500002 0.3361111109375 0.026927784375000003 0.32592592656249997 0.037943696875 0.2546296296875 0.080783353125 0.2046296296875 0.0954712359375 0.15370370312499998 0.11872704999999999 0.08425925937499999 0.17503059999999998 0.0509259265625 0.21909424687499998 0.0231481484375 0.2435740515625 0.0083333328125 0.265605875 0.00555555625 0.292533659375 0 0.29742962031250003 0 0.8690330484375 0.047222221875 0.8947368421874999 0.0824074078125 0.9375764999999999 0.14351851875 0.970624234375 0.1824074078125 1 0.922222221875 1 0.98055555625 0.9400244796875 1 0.925336596875 1 0.18482252187499998
1 0.64296875 0.6578125 0.21328125 0.2171875
1 0.16796875 0.3671875 0.1609375 0.1375
1 0.18359375 0.2515625 0.121875 0.1015625
1 0.4 0.4484375 0.23203125 0.1921875
1 0.334375 0.5453125 0.15390625 0.1453125
1 0.534375 0.5453125 0.09296875 0.1546875
1 0.56953125 0.76015625 0.0890625 0.109375
1 0.52890625 0.33671875 0.18125 0.19375
1 0.39765625 0.17734375 0.22109375 0.26796875
1 0.55703125 0.12890625 0.15859375 0.09609375
1 0.82734375 0.23984375 0.31875 0.20625
1 0.77265625 0.4 0.13984375 0.24296875
1 0.86640625 0.53515625 0.0921875 0.12890625
1 0.90078125 0.38359375 0.11796875 0.115625