4 0.768834646875 1 0.779427146875 0.9874665374999999 0.79843636875 0.9554648359375 0.8198237875000001 0.9074084453125 0.8215496437500001 0.87960713125 0.8086702593749999 0.832735528125 0.8062002484375 0.8029776484375001 0.799660578125 0.7819471765625 0.7892380906249999 0.7582888 0.77168918125 0.7345765875 0.7657887296875 0.718748090625 0.710637603125 0.6529821640625 0.62120655625 0.5818563718750001 0.5705299562499999 0.5525042671875 0.5234362421875 0.5329960578125 0.46280265 0.503087515625 0.43637523125 0.494033475 0.3141213875 0.46481435 0.24295717187500002 0.4618706578125 0.192133084375 0.4635078234375 0.126769340625 0.47879796093750004 0.063197040625 0.49901004374999997 0.007809165625 0.5504187093749999 0.00024924375 0.569369675 0 0.57097096875 0 0.7134535640624999 0.0035011624999999997 0.72781093125 0.019497934375 0.761424490625 0.037246796875 0.7803260421875 0.057187015625000004 0.7945282203125 0.07692727656250001 0.8135410593750001 0.1016288390625 0.8503964140625 0.109107659375 0.8694128671874999 0.38915266875 1 0.768834646875 1
3 0.3578125 0.83046875 0.0953125 0.0984375
3 0.51953125 0.8296875 0.0921875 0.1078125
3 0.359375 0.69921875 0.0796875 0.0734375
3 0.24296875 0.675 0.153125 0.1203125
3 0.1703125 0.5390625 0.1046875 0.08125
3 0.23984375 0.534375 0.078125 0.0796875
3 0.56015625 0.7328125 0.1484375 0.1203125
3 0.65625 0.86953125 0.1234375 0.11875
3 0.56796875 0.66015625 0.05625 0.04375
3 0.6125 0.634375 0.0796875 0.0578125
3 0.30703125 0.76875 0.0484375 0.046875
3 0.15625 0.71640625 0.103125 0.0875
3 0.24453125 0.61875 0.121875 0.0921875
3 0.12734375 0.5640625 0.1046875 0.078125
3 0.43828125 0.63984375 0.084375 0.0671875
3 0.38046875 0.54140625 0.059375 0.05625