4 0.800430309375 1 0.9488636265625001 0.7208375328125001 0.9260881062499999 0.6709752390625 0.859093446875 0.5839684234375 0.8393487796875 0.5619345609375 0.737167790625 0.474046334375 0.6168133546875 0.40061466250000005 0.5039404265625 0.3426964140625 0.375677684375 0.3038608328125 0.3129221625 0.2956613515625 0.2759252890625 0.284379171875 0.24613076718750002 0.283218609375 0.1858996390625 0.28999416093749997 0.098190996875 0.3188633171875 0.0671123015625 0.3358961140625 0.040400479687500004 0.360494196875 0.016037596874999997 0.3905359390625 0 0.420698271875 0 0.5530588703125 0.0118259125 0.591739684375 0.02793746875 0.62652325 0.0682124140625 0.68883618125 0.14849517031249998 0.7745189953125 0.17564958125000002 0.798395334375 0.284837553125 0.871133071875 0.3417545515625 0.9139804890625 0.41768245468750004 0.958546775 0.43497448906249997 0.9792765484375 0.4776197203125 1 0.800430309375 1
0 0.41953125 0.759375 0.0765625 0.0765625
0 0.67109375 0.89921875 0.065625 0.065625
0 0.62421875 0.80390625 0.071875 0.0640625
0 0.56484375 0.7875 0.0484375 0.05
0 0.72109375 0.91953125 0.0703125 0.0703125
0 0.60078125 0.825 0.0578125 0.0515625
0 0.57734375 0.84609375 0.0546875 0.053125
0 0.471875 0.7453125 0.05 0.0546875
0 0.3703125 0.67890625 0.075 0.08125
0 0.25 0.66796875 0.0515625 0.053125
0 0.20625 0.590625 0.05625 0.0578125
0 0.24453125 0.5875 0.0609375 0.059375
0 0.18046875 0.49375 0.0515625 0.0546875
0 0.146875 0.54296875 0.0578125 0.0546875
0 0.19765625 0.47421875 0.078125 0.0703125
0 0.3109375 0.47265625 0.040625 0.040625
0 0.34296875 0.4375 0.0359375 0.0375
0 0.3640625 0.49453125 0.040625 0.040625
0 0.32421875 0.5265625 0.0421875 0.046875
0 0.31015625 0.50234375 0.0359375 0.0390625
0 0.32421875 0.5578125 0.05625 0.053125
0 0.41171875 0.48046875 0.046875 0.046875
0 0.39453125 0.45390625 0.04375 0.04375
0 0.3203125 0.35546875 0.0546875 0.0515625
0 0.5 0.3953125 0.0359375 0.0375
0 0.43515625 0.409375 0.084375 0.075
0 0.53203125 0.4015625 0.040625 0.0421875
0 0.5265625 0.43984375 0.05 0.046875
0 0.51328125 0.48984375 0.040625 0.040625
0 0.45625 0.47421875 0.046875 0.0421875
0 0.50234375 0.53359375 0.0359375 0.0359375
0 0.4484375 0.534375 0.075 0.0734375
0 0.4015625 0.54609375 0.0578125 0.0609375
0 0.43046875 0.60703125 0.0671875 0.0671875
0 0.53203125 0.69296875 0.075 0.06875
0 0.48203125 0.66875 0.0546875 0.053125
0 0.703125 0.72578125 0.115625 0.115625
0 0.78203125 0.73515625 0.065625 0.0640625
0 0.83046875 0.7484375 0.065625 0.065625
0 0.80078125 0.671875 0.096875 0.078125
0 0.73515625 0.61640625 0.084375 0.0921875
0 0.703125 0.546875 0.0796875 0.0796875
0 0.615625 0.471875 0.1296875 0.1140625
0 0.5890625 0.51640625 0.040625 0.0375
0 0.57109375 0.63984375 0.03125 0.03125
0 0.62265625 0.59921875 0.0625 0.065625
0 0.665625 0.60390625 0.05625 0.0578125
0 0.25234375 0.38984375 0.040625 0.0421875
0 0.25703125 0.33125 0.0484375 0.046875
0 0.125 0.3609375 0.040625 0.04375
0 0.328125 0.7484375 0.0484375 0.0515625
0 0.36640625 0.7375 0.0484375 0.04375
2 0.80859375 0.8375 0.1375 0.1265625
2 0.721875 0.81875 0.1296875 0.10625
2 0.628125 0.69375 0.1 0.0875
2 0.3078125 0.628125 0.1421875 0.128125
2 0.3734375 0.6140625 0.1171875 0.1015625
2 0.22109375 0.44296875 0.10625 0.084375
2 0.1203125 0.46484375 0.121875 0.1171875
2 0.19609375 0.35859375 0.0953125 0.084375
2 0.33828125 0.43671875 0.0984375 0.090625
2 0.409375 0.44765625 0.1109375 0.1015625
2 0.5125 0.490625 0.0828125 0.08125
2 0.834375 0.66640625 0.0953125 0.0859375
2 0.88046875 0.73828125 0.1140625 0.0890625
2 0.80390625 0.6109375 0.11875 0.103125
2 0.7484375 0.559375 0.0875 0.0765625
2 0.596875 0.45546875 0.1078125 0.09375
2 0.59921875 0.578125 0.18125 0.1484375
2 0.41328125 0.70234375 0.1 0.1015625
2 0.403125 0.78984375 0.15 0.128125
2 0.24453125 0.65625 0.1453125 0.128125
2 0.18984375 0.57265625 0.0890625 0.084375
2 0.53125 0.7921875 0.140625 0.1328125
2 0.67578125 0.86484375 0.1421875 0.1359375
2 0.509375 0.6125 0.1546875 0.1390625
2 0.45625 0.365625 0.0890625 0.0859375
2 0.5390625 0.41328125 0.090625 0.0921875