4 1 0.48425925937500003 0.95648148125 0.4509259265625 0.85648148125 0.40555555625000006 0.828703703125 0.3953703703125 0.6972222218749999 0.365740740625 0.55648148125 0.3574074078125 0.4296296296875 0.35925925937500003 0.29814814843750004 0.3851851859375 0.2388888890625 0.4074074078125 0.2009259265625 0.4148148140625 0.1740740734375 0.427777778125 0.12407407343750002 0.4620370375 0.060185185937499996 0.5287037031249999 0.040740740625 0.5583333328125 0.028703703125 0.5925925921874999 0.021296296875000002 0.63055555625 0.021296296875000002 0.66944444375 0.037037037499999995 0.7194444437499999 0.0740740734375 0.772222221875 0.1120370375 0.8101851859375 0.1425925921875 0.8333333328125001 0.20740740781250003 0.86944444375 0.31851851875000003 0.9074074078125 0.353703703125 0.915740740625 0.48425925937500003 0.928703703125 0.5546296296875 0.9398148140625 0.6425925921875 0.94351851875 0.6675925921875 0.953703703125 0.7185185187500001 0.9518518515625001 0.8138888890624999 0.9296296296875 0.8990740734375 0.8990740734375 0.9629629625 0.8638888890624999 1 0.83148148125 1 0.48425925937500003
0 0.55078125 0.7671875 0.05546875 0.0578125
0 0.83828125 0.771875 0.04921875 0.04765625
0 0.75234375 0.71015625 0.05859375 0.04140625
0 0.6921875 0.7234375 0.03515625 0.03828125
0 0.8921875 0.76640625 0.05234375 0.0515625
0 0.74140625 0.73984375 0.04765625 0.03359375
0 0.73046875 0.76953125 0.04296875 0.03671875
0 0.590625 0.7296875 0.03125 0.04609375
0 0.46953125 0.71875 0.05078125 0.06484375
0 0.3578125 0.765625 0.03671875 0.04140625
0 0.28359375 0.71796875 0.0390625 0.0453125
0 0.315625 0.696875 0.04609375 0.04296875
0 0.21484375 0.64453125 0.03671875 0.0421875
0 0.20859375 0.70390625 0.04609375 0.03671875
0 0.22109375 0.61953125 0.0640625 0.04609375
0 0.3203125 0.56484375 0.02890625 0.03125
0 0.33203125 0.51875 0.02578125 0.028125
0 0.37734375 0.559375 0.02890625 0.03125
0 0.35703125 0.60625 0.0265625 0.03828125
0 0.33359375 0.59140625 0.0234375 0.03203125
0 0.371875 0.63359375 0.04453125 0.0359375
0 0.4125 0.52421875 0.03515625 0.03359375
0 0.38515625 0.50859375 0.03125 0.0328125
0 0.2734375 0.45703125 0.0421875 0.0359375
0 0.45078125 0.4078125 0.025 0.0296875
0 0.4 0.45078125 0.071875 0.04609375
0 0.48203125 0.3984375 0.028125 0.03203125
0 0.4953125 0.434375 0.03984375 0.03203125
0 0.50703125 0.48515625 0.0296875 0.0296875
0 0.44921875 0.49765625 0.0390625 0.0265625
0 0.51796875 0.528125 0.028125 0.025
0 0.4703125 0.5546875 0.05625 0.053125
0 0.434375 0.58671875 0.03984375 0.0484375
0 0.4890625 0.62734375 0.05078125 0.04921875
0 0.61875 0.65546875 0.0609375 0.0453125
0 0.56328125 0.6578125 0.0421875 0.03828125
0 0.78515625 0.60390625 0.08671875 0.084375
0 0.859375 0.575 0.05078125 0.0453125
0 0.90859375 0.5640625 0.04921875 0.04765625
0 0.84609375 0.5109375 0.0875 0.04140625
0 0.7625 0.4921875 0.05625 0.075
0 0.7015625 0.44609375 0.059375 0.05859375
0 0.5890625 0.42109375 0.1078125 0.07265625
0 0.58671875 0.47265625 0.03203125 0.02578125
0 0.628125 0.58984375 0.0234375 0.0234375
0 0.6546875 0.53046875 0.04296875 0.05234375
0 0.6953125 0.5140625 0.04140625 0.04296875
0 0.2296875 0.51875 0.028125 0.03203125
0 0.20625 0.46484375 0.03828125 0.0328125
0 0.103125 0.553125 0.02578125 0.03671875
0 0.46484375 0.8 0.03359375 0.03984375
0 0.49375 0.77265625 0.0390625 0.02890625
2 0.93125 0.653125 0.1109375 0.08515625
2 0.8453125 0.67734375 0.11640625 0.0578125
2 0.70390625 0.6109375 0.08359375 0.0546875
2 0.390625 0.703125 0.1171875 0.08359375
2 0.44140625 0.66015625 0.10078125 0.0609375
2 0.2265625 0.58046875 0.09765625 0.04296875
2 0.1484375 0.646875 0.09375 0.08359375
2 0.165625 0.51796875 0.078125 0.0546875
2 0.32734375 0.5203125 0.078125 0.06171875
2 0.3953125 0.49609375 0.09140625 0.065625
2 0.50625 0.4859375 0.06171875 0.059375
2 0.8734375 0.48984375 0.078125 0.05546875
2 0.94765625 0.53203125 0.1046875 0.04453125
2 0.8203125 0.45546875 0.10078125 0.0640625
2 0.746875 0.4359375 0.07421875 0.04765625
2 0.56484375 0.41484375 0.090625 0.0578125
2 0.62421875 0.52265625 0.1625 0.08203125
2 0.51875 0.71953125 0.07421875 0.075
2 0.55078125 0.8015625 0.12890625 0.07578125
2 0.34765625 0.7578125 0.1234375 0.07890625
2 0.26015625 0.709375 0.0703125 0.05859375
2 0.66484375 0.74296875 0.11015625 0.09140625
2 0.8265625 0.73984375 0.11015625 0.09453125
2 0.5609375 0.5953125 0.12734375 0.08984375
2 0.3984375 0.4015625 0.06796875 0.06171875
2 0.49375 0.40546875 0.065625 0.0703125