4 1 0.4208077796875 0.9706641015624999 0.33052116875 0.9189749640624999 0.31226724687499996 0.809849096875 0.3000191609375 0.780283465625 0.298916278125 0.6460810859375 0.3113668375 0.509653546875 0.3469326484375 0.38958252031249996 0.3878932421875 0.272547753125 0.45318027499999997 0.22305589218750002 0.4926269828125 0.1892399828125 0.5114030453125 0.16770812968749998 0.5320292359375001 0.13074199687500002 0.5800625765625 0.09058118750000001 0.6632090953125 0.08124447968750001 0.6973972125000001 0.0803832703125 0.733699353125 0.085069609375 0.7720932921875 0.0970869359375 0.8090788218749999 0.1275081203125 0.8517674906250001 0.17904166562499998 0.8905170671875 0.226877790625 0.9148907906250001 0.2630910203125 0.9274638015625 0.3358925203125 0.9417786296875 0.4532966671875 0.94354833125 0.48933490781250005 0.9406009828125 0.6175063953125 0.9125856062500001 0.6878661171875 0.9014072609375001 0.7726683734375001 0.87774764375 0.79959218125 0.8797089046875 0.8474533624999999 0.8622107124999999 0.9312889296875 0.8116050578125 1 0.7584364578125 1 0.4208077796875
0 0.63125 0.73828125 0.0703125 0.071875
0 0.90546875 0.65390625 0.0609375 0.0609375
0 0.8046875 0.621875 0.06875 0.0578125
0 0.7515625 0.653125 0.0453125 0.046875
0 0.95546875 0.63203125 0.065625 0.065625
0 0.80390625 0.653125 0.05625 0.046875
0 0.80234375 0.68515625 0.0515625 0.0484375
0 0.65703125 0.690625 0.04375 0.053125
0 0.53828125 0.7171875 0.06875 0.078125
0 0.446875 0.796875 0.0484375 0.05
0 0.36171875 0.77421875 0.0515625 0.0546875
0 0.38515625 0.74453125 0.0578125 0.0546875
0 0.2734375 0.72578125 0.0484375 0.0515625
0 0.2859375 0.78359375 0.0546875 0.0484375
0 0.271875 0.7 0.075 0.0640625
0 0.34921875 0.6171875 0.0375 0.0390625
0 0.34609375 0.56953125 0.0328125 0.034375
0 0.4015625 0.59453125 0.0375 0.0390625
0 0.396875 0.6453125 0.0375 0.0453125
0 0.3703125 0.63828125 0.0328125 0.0375
0 0.41953125 0.66640625 0.053125 0.0484375
0 0.42421875 0.55 0.04375 0.0421875
0 0.39375 0.54375 0.040625 0.040625
0 0.27109375 0.52890625 0.0515625 0.046875
0 0.425 0.42734375 0.0328125 0.0359375
0 0.38984375 0.484375 0.0828125 0.065625
0 0.4515625 0.40859375 0.0359375 0.0390625
0 0.475 0.4390625 0.0484375 0.0421875
0 0.50234375 0.48359375 0.0375 0.0375
0 0.45078125 0.51328125 0.0453125 0.0375
0 0.52578125 0.52109375 0.034375 0.0328125
0 0.48828125 0.5609375 0.0703125 0.0671875
0 0.4640625 0.603125 0.053125 0.0578125
0 0.52890625 0.62421875 0.0640625 0.0625
0 0.6609375 0.6109375 0.071875 0.0625
0 0.60859375 0.63046875 0.0515625 0.05
0 0.803125 0.5109375 0.1078125 0.1078125
0 0.86484375 0.46015625 0.0625 0.059375
0 0.90859375 0.434375 0.0609375 0.0609375
0 0.8328125 0.403125 0.0953125 0.0671875
0 0.746875 0.41171875 0.0765625 0.0890625
0 0.675 0.38671875 0.075 0.0734375
0 0.56015625 0.39765625 0.125 0.103125
0 0.57421875 0.446875 0.0390625 0.034375
0 0.65 0.54609375 0.0296875 0.0296875
0 0.65625 0.48125 0.0578125 0.0625
0 0.68984375 0.453125 0.053125 0.053125
0 0.2484375 0.6015625 0.0359375 0.0390625
0 0.209375 0.55703125 0.046875 0.04375
0 0.1390625 0.6734375 0.0359375 0.0421875
0 0.559375 0.79609375 0.04375 0.0484375
0 0.578125 0.7609375 0.0453125 0.0390625
2 0.94609375 0.5125 0.1078125 0.115625
2 0.88359375 0.56171875 0.128125 0.090625
2 0.728125 0.5421875 0.096875 0.078125
2 0.45859375 0.72734375 0.1375 0.115625
2 0.49375 0.6703125 0.1140625 0.0890625
2 0.26484375 0.6609375 0.10625 0.0703125
2 0.2109375 0.7484375 0.115625 0.1078125
2 0.1875 0.6203125 0.090625 0.0765625
2 0.3421875 0.57265625 0.09375 0.0828125
2 0.39921875 0.52890625 0.1078125 0.090625
2 0.5015625 0.484375 0.0765625 0.075
2 0.85234375 0.375 0.0921875 0.0765625
2 0.9359375 0.3921875 0.1140625 0.075
2 0.790625 0.35859375 0.115625 0.0921875
2 0.71484375 0.3625 0.0859375 0.06875
2 0.53515625 0.39921875 0.1046875 0.0828125
2 0.625 0.4828125 0.1796875 0.128125
2 0.5859375 0.703125 0.09375 0.09375
2 0.64140625 0.77109375 0.1453125 0.1125
2 0.43515625 0.7921875 0.1421875 0.1125
2 0.33671875 0.7734375 0.084375 0.078125
2 0.73203125 0.68046875 0.1328125 0.1203125
2 0.884375 0.62734375 0.134375 0.1234375
2 0.5875 0.571875 0.1484375 0.125
2 0.37265625 0.4375 0.084375 0.0796875
2 0.46484375 0.41171875 0.084375 0.0875