4 0.3613377265625 0 0 0.21711361093749998 0 0.638662271875 0.21711361093749998 1 0.638662271875 1 1 0.7828863890625 1 0.361337728125 0.7828863875 0 0.3613377265625 0
0 0.5671875 0.48359375 0.1875 0.18125
0 0.81640625 0.2515625 0.146875 0.140625
0 0.621875 0.2328125 0.1328125 0.1390625
0 0.46953125 0.28203125 0.134375 0.1171875
0 0.51015625 0.3515625 0.1515625 0.1359375
0 0.43515625 0.0515625 0.1390625 0.103125
0 0.36171875 0.121875 0.103125 0.096875
0 0.284375 0.16640625 0.1 0.096875
0 0.18515625 0.2203125 0.0953125 0.0921875
0 0.0796875 0.68203125 0.128125 0.1296875
0 0.7203125 0.35078125 0.1578125 0.1609375
0 0.7484375 0.4984375 0.1609375 0.1671875
3 0.60859375 0.7140625 0.3984375 0.3953125
3 0.27890625 0.52265625 0.20625 0.2203125
3 0.0890625 0.353125 0.178125 0.28125
3 0.0703125 0.44375 0.140625 0.159375
3 0.10703125 0.209375 0.1796875 0.1546875
3 0.23671875 0.11640625 0.0890625 0.084375
3 0.31171875 0.24375 0.15625 0.1453125
3 0.71875 0.36953125 0.496875 0.3796875
3 0.81171875 0.4296875 0.3765625 0.3625
3 0.61484375 0.57109375 0.3015625 0.3140625
3 0.3609375 0.70390625 0.2546875 0.2421875