4 0.09351851875 0 0.04351851875 0.0175925921875 0.0231481484375 0.030555556249999997 0 0.0379629625 0 1 1 1 1 0.15 0.9333333328125001 0.10092592656249999 0.9277777781250001 0.08518518593749999 0.9361111109375001 0.075 0.9111111109375001 0.071296296875 0.8796296296874999 0.0416666671875 0.847222221875 0.018518518749999997 0.8388888890624999 0.015740740625 0.79444444375 0.0175925921875 0.7703703703125 0.0240740734375 0.752777778125 0.009259259374999999 0.7333333328125 0 0.09351851875 0
0 0.56640625 0.5203125 0.1453125 0.1234375
0 0.89921875 0.45 0.11328125 0.0953125
0 0.7421875 0.33359375 0.09140625 0.10703125
0 0.5859375 0.29765625 0.11796875 0.065625
0 0.58515625 0.378125 0.12734375 0.08125
0 0.68125 0.071875 0.11484375 0.07890625
0 0.5765625 0.1046875 0.08125 0.0640625
0 0.48671875 0.103125 0.078125 0.065625
0 0.37421875 0.0984375 0.075 0.06171875
0 0.04609375 0.43984375 0.0921875 0.0953125
0 0.765625 0.4859375 0.1125 0.11953125
0 0.7140625 0.6265625 0.109375 0.1296875
3 0.4828125 0.7390625 0.2921875 0.2859375
3 0.29921875 0.40546875 0.13359375 0.17734375
3 0.1578125 0.12265625 0.29765625 0.15
3 0.14765625 0.2234375 0.13671875 0.10390625
3 0.31328125 0.0484375 0.15703125 0.08671875
3 0.471875 0.03515625 0.06875 0.0578125
3 0.4703125 0.18359375 0.1265625 0.09375
3 0.7546875 0.50078125 0.490625 0.1484375
3 0.81640625 0.6078125 0.340625 0.21875
3 0.56171875 0.6203125 0.2078125 0.240625
3 0.27578125 0.603125 0.19921875 0.1625