4 0.3375401515625 0 0.0173367421875 0.2326413953125 0.007048310937500001 0.2515614515625 0.001523534375 0.273887553125 0 0.2744702953125 0 0.6624598484375 0.24523727499999998 1 0.6624598484375 1 1 0.754762725 1 0.3375401515625 0.754762725 0 0.3375401515625 0
0 0.45859375 0.55546875 0.190625 0.1859375
0 0.14765625 0.69453125 0.1484375 0.14375
0 0.20625 0.5078125 0.1375 0.140625
0 0.31171875 0.38671875 0.134375 0.121875
0 0.359375 0.4515625 0.15 0.140625
0 0.1015625 0.26015625 0.1390625 0.13125
0 0.20546875 0.225 0.103125 0.1
0 0.27734375 0.17109375 0.1015625 0.0984375
0 0.365625 0.1015625 0.096875 0.09375
0 0.83203125 0.184375 0.13125 0.13125
0 0.2765625 0.64453125 0.1609375 0.1625
0 0.4015625 0.728125 0.1640625 0.16875
3 0.6546875 0.68359375 0.4046875 0.403125
3 0.60703125 0.30546875 0.2125 0.221875
3 0.55390625 0.07109375 0.3296875 0.1421875
3 0.621875 0.07578125 0.171875 0.1515625
3 0.3859375 0.053125 0.178125 0.10625
3 0.24921875 0.10703125 0.0890625 0.0875
3 0.33828125 0.2265625 0.1578125 0.15
3 0.29453125 0.65 0.484375 0.4078125
3 0.30703125 0.7734375 0.4046875 0.3765625
3 0.52109375 0.63359375 0.309375 0.3171875
3 0.7421875 0.4515625 0.25625 0.2484375