4 0 0.47304594375000003 0.00595716875 0.503344659375 0.0459957875 0.594679425 0.0902083734375 0.67198163125 0.24727309375 0.8916031765625 0.2578154125 0.9023760281250001 0.2950569640625 0.9250618015625 0.4245365234375 0.9580766765625001 0.509264534375 0.9710596499999999 0.5584953296874999 0.963708590625 0.6168278125 0.9627306015625001 0.6722027203125001 0.9562906546875001 0.76619293125 0.9124596671875 0.8187660484375 0.8712778265625 0.8610958312499999 0.8511821984375001 0.9127625578125 0.7822373734375 0.9275583125000001 0.7530353328125 0.938184821875 0.703958753125 0.9703586046874999 0.6224951703125 0.9618721953125 0.5555141921875 0.9504998062500001 0.513640753125 0.9272939609374999 0.472524215625 0.9109159578125 0.424885115625 0.88126386875 0.37360313437500003 0.8315130046875 0.3025961046875 0.7283636734375001 0.207763228125 0.667382040625 0.1673241234375 0.633934434375 0.1359914296875 0.61497258125 0.122714196875 0.5785642484375 0.10852427656250001 0.54101741875 0.09918890625 0.5090072921875 0.0948607234375 0.458108484375 0.09652244062500001 0.4155544671875 0.0927237734375 0.36298607031249996 0.0999985140625 0.32422285 0.110157659375 0.31352631875000003 0.1173623765625 0.24828967500000002 0.128200528125 0.187072784375 0.142983690625 0.1467147203125 0.1667206234375 0.11857170937499999 0.1730126546875 0.015540387499999999 0.3201566328125 0.014473485937499999 0.35558067968749996 0 0.466839153125 0 0.47304594375000003
1 0.3859375 0.62734375 0.146875 0.14375
1 0.8140625 0.61640625 0.134375 0.1296875
1 0.59609375 0.6359375 0.1484375 0.15
1 0.70703125 0.50546875 0.140625 0.134375
1 0.7015625 0.375 0.1375 0.1328125
1 0.5109375 0.23671875 0.14375 0.1484375
1 0.340625 0.25390625 0.10625 0.115625
1 0.30859375 0.3984375 0.128125 0.1203125
1 0.43125 0.39453125 0.1390625 0.140625
1 0.321875 0.49453125 0.134375 0.1296875
1 0.2171875 0.45546875 0.1390625 0.1390625
1 0.29375 0.565625 0.1296875 0.1234375
1 0.3546875 0.72734375 0.1609375 0.159375
1 0.2328125 0.65625 0.103125 0.096875
1 0.440625 0.54921875 0.1296875 0.1125
1 0.59765625 0.4796875 0.1140625 0.1125
1 0.56171875 0.32421875 0.115625 0.115625