4 1 0.4509259265625 0.98055555625 0.4296296296875 0.9611111109375001 0.38703703749999996 0.91944444375 0.3398148140625 0.872222221875 0.29351851875 0.8675925921875001 0.28148148125 0.8416666671874999 0.2509259265625 0.8027777781250001 0.2148148140625 0.765740740625 0.19351851874999998 0.725 0.1629629625 0.696296296875 0.1481481484375 0.6601851859375001 0.134259259375 0.622222221875 0.125 0.5990740734375 0.125 0.553703703125 0.13148148125 0.48055555625 0.1296296296875 0.3416666671875 0.1481481484375 0.2601851859375 0.177777778125 0.20648148125 0.20277777812500003 0.165740740625 0.23240740781250002 0.1231481484375 0.252777778125 0.0898148140625 0.28055555625 0.04444444375 0.33055555625 0.0240740734375 0.415740740625 0.004629629687499999 0.4620370375 0 0.49444444374999996 0.002777778125 0.58055555625 0.0259259265625 0.621296296875 0.045370370312500005 0.6851851859375 0.097222221875 0.775 0.13888888906250002 0.8120370375 0.1861111109375 0.8462962968750001 0.222222221875 0.88055555625 0.29907407343750003 0.91851851875 0.4240740734375 0.965740740625 0.4675925921875 0.9685185187500001 0.4824074078125 0.965740740625 0.7370370375 0.8759259265624999 0.8175925921875 0.8379629625 0.902777778125 0.7861111109375 0.9268518515625 0.7629629625 0.98055555625 0.6601851859375001 1 0.63055555625 1 0.4509259265625
1 0.5203125 0.66953125 0.1078125 0.10078125
1 0.17578125 0.41484375 0.10390625 0.08515625
1 0.34296875 0.55625 0.10390625 0.1109375
1 0.32734375 0.3859375 0.11015625 0.08671875
1 0.40703125 0.28203125 0.10703125 0.0875
1 0.6421875 0.278125 0.096875 0.1125
1 0.771875 0.38984375 0.06171875 0.0984375
1 0.71484375 0.5265625 0.10390625 0.07421875
1 0.61640625 0.453125 0.09765625 0.10390625
1 0.64921875 0.59765625 0.1046875 0.084375
1 0.75703125 0.62578125 0.0984375 0.1015625
1 0.63125 0.671875 0.1015625 0.08046875
1 0.4890625 0.76953125 0.11953125 0.1109375
1 0.6296875 0.78125 0.084375 0.05859375
1 0.5203125 0.57421875 0.1203125 0.053125
1 0.43125 0.42734375 0.08359375 0.078125
1 0.55 0.3203125 0.08125 0.084375