4 0 0.6200260640625 0.014146803125 0.6433164578125 0.06423090000000001 0.7479058578125 0.08748245 0.7718800781249999 0.1708061390625 0.8266732625 0.24998773281250003 0.86742445 0.5013277578124999 0.966070996875 0.5160366062499999 0.9693641124999999 0.5596255578125 0.9681067999999999 0.6861974421875 0.9252757828125 0.764327365625 0.8900180375 0.8016121093749999 0.85703990625 0.850001196875 0.8244495484375 0.8929350546875 0.78888921875 0.9478898125 0.700938721875 0.9695520999999999 0.637767353125 0.9941079796875 0.5978592890625001 0.9998893000000001 0.5118975765625 0.9963934921875 0.479348340625 0.9785766109375 0.43240164375 0.9611915703125 0.3465574375 0.9175938125 0.2950044921875 0.8852502140625 0.26608031875 0.843394484375 0.24423589843750002 0.803712621875 0.2132024859375 0.75091411875 0.1863434828125 0.6705163328125 0.153888240625 0.5323583375000001 0.13053385 0.459190121875 0.129831740625 0.414073590625 0.12177080468749998 0.39093954375 0.1209629453125 0.3526765625 0.1288916765625 0.31610273437499997 0.1415118453125 0.2868994875 0.1553158890625 0.24511719062499998 0.1844310015625 0.2073594859375 0.2044217484375 0.1672340265625 0.2391536609375 0.140257521875 0.26878579999999996 0.135210625 0.2806539328125 0.086401453125 0.3252739953125 0.043112135937500004 0.37101330625 0.022193075 0.41290135 0.002017246875 0.43350607343750003 0 0.49127247343749997 0 0.6200260640625
1 0.4734375 0.66875 0.1109375 0.1046875
1 0.82734375 0.4265625 0.10625 0.0890625
1 0.6546875 0.56171875 0.1078125 0.1140625
1 0.6765625 0.3921875 0.1125 0.090625
1 0.60078125 0.28515625 0.109375 0.090625
1 0.365625 0.2734375 0.1 0.115625
1 0.23203125 0.38046875 0.065625 0.1
1 0.284375 0.51875 0.10625 0.078125
1 0.38515625 0.44921875 0.1015625 0.1078125
1 0.34765625 0.5921875 0.1078125 0.0875
1 0.2390625 0.61640625 0.1015625 0.1046875
1 0.3625 0.6671875 0.1046875 0.084375
1 0.5015625 0.76953125 0.1234375 0.115625
1 0.3609375 0.7765625 0.0859375 0.0609375
1 0.47734375 0.5734375 0.121875 0.0578125
1 0.57109375 0.4296875 0.0859375 0.08125
1 0.45625 0.31875 0.084375 0.0875