4 0 0.5838504906249999 0.0112989265625 0.62141695625 0.028822226562499997 0.6592196671874999 0.056636301562500005 0.7020495859375 0.0819038859375 0.7301390578125 0.1999460109375 0.8205458906249999 0.2646790296875 0.8589172218750001 0.3097711296875 0.86944845625 0.376306621875 0.8637121656250001 0.432380753125 0.8671115859375 0.5626558687500001 0.8465252218750001 0.62250143125 0.8232745453125 0.6690897671875 0.8000457921875 0.7031340609375001 0.7779371703125 0.7922460828125 0.73724198125 0.810202353125 0.7240196937500001 0.8482893734375001 0.6828915328125 0.8701177875000001 0.6648126249999999 0.8821760937500001 0.64371040625 0.8927991265624999 0.5759191375 0.8970823125 0.50678029375 0.8908123421875 0.469476328125 0.8705500390625 0.41783885937500004 0.836724278125 0.376570953125 0.8230381843749999 0.35188981406250003 0.808468321875 0.340273390625 0.7875366875 0.314052165625 0.7733867828125 0.2826461609375 0.751492596875 0.2609533984375 0.7257262671875 0.24411725624999997 0.620871490625 0.18964488906250002 0.589614146875 0.176374653125 0.5524807671875 0.168481709375 0.4566349640625 0.165148065625 0.41025215 0.15623570625 0.39765124687500003 0.16207680625 0.3706161296875 0.160116759375 0.346376875 0.16727050000000002 0.29332605625 0.1541009765625 0.26261130781249997 0.156091859375 0.2014531078125 0.1677041875 0.1323800390625 0.2031926703125 0.1023216109375 0.21100272968749997 0.056525240624999994 0.2438659359375 0.039225290625 0.2629073984375 0 0.44744788125 0 0.5838504906249999
2 0.7515625 0.62734375 0.171875 0.1515625
2 0.8375 0.45625 0.1078125 0.1109375
2 0.2734375 0.56875 0.153125 0.14375
2 0.42734375 0.6421875 0.15625 0.121875
2 0.4296875 0.5 0.1109375 0.103125
2 0.528125 0.459375 0.10625 0.1265625
2 0.428125 0.19921875 0.096875 0.08125
2 0.215625 0.3890625 0.134375 0.1171875
2 0.615625 0.3359375 0.090625 0.1015625
0 0.140625 0.55078125 0.09375 0.1109375
0 0.36171875 0.7078125 0.065625 0.06875
0 0.6171875 0.47421875 0.1109375 0.06875
0 0.5640625 0.50234375 0.0546875 0.0515625
0 0.5 0.31015625 0.0734375 0.0703125
0 0.371875 0.203125 0.065625 0.065625
3 0.21484375 0.2875 0.103125 0.0828125
3 0.28125 0.415625 0.075 0.0828125
3 0.35703125 0.396875 0.059375 0.090625
3 0.6921875 0.4421875 0.0671875 0.078125
3 0.45703125 0.2359375 0.0671875 0.0609375
3 0.475 0.4578125 0.04375 0.04375
3 0.03671875 0.51953125 0.0734375 0.0609375
3 0.61171875 0.5546875 0.0703125 0.05