4 0 0.634259259375 0.047222221875 0.7203703703125 0.072222221875 0.753703703125 0.10833333281249999 0.7898148140625 0.13888888906250002 0.8120370375 0.2731481484375 0.8759259265624999 0.34444444375 0.9 0.39074074062499997 0.9009259265624999 0.4546296296875 0.88148148125 0.5101851859375001 0.8731481484374999 0.6333333328124999 0.8259259265625 0.6870370375 0.790740740625 0.727777778125 0.7583333328124999 0.75648148125 0.7296296296875 0.8351851859374999 0.671296296875 0.85 0.6546296296875 0.878703703125 0.60648148125 0.896296296875 0.584259259375 0.9037037031249999 0.5611111109375 0.9 0.49259259218749996 0.8898148140625001 0.4240740734375 0.8759259265624999 0.3888888890625 0.8453703703125001 0.3425925921875 0.803703703125 0.309259259375 0.7851851859375001 0.28796296250000003 0.76851851875 0.2796296296875 0.7425925921875 0.25833333281250004 0.722222221875 0.23055555625 0.696296296875 0.2138888890625 0.6675925921875 0.20277777812500003 0.553703703125 0.171296296875 0.5203703703125 0.1648148140625 0.4824074078125 0.1648148140625 0.3879629625 0.18148148125000002 0.340740740625 0.1824074078125 0.3296296296875 0.190740740625 0.302777778125 0.19444444375 0.28055555625 0.20648148125 0.2259259265625 0.2046296296875 0.196296296875 0.21296296250000002 0.13888888906250002 0.2370370375 0.078703703125 0.28611111093749997 0.0509259265625 0.3 0.0129629625 0.3416666671875 0 0.3638888890625 0 0.634259259375
2 0.77265625 0.571875 0.15 0.1234375
2 0.82109375 0.38671875 0.090625 0.09453125
2 0.29296875 0.6140625 0.13046875 0.11953125
2 0.45859375 0.65390625 0.13984375 0.0953125
2 0.43125 0.51484375 0.09453125 0.08515625
2 0.51875 0.4546875 0.084375 0.1109375
2 0.3671875 0.22109375 0.084375 0.065625
2 0.1984375 0.45078125 0.1171875 0.0953125
2 0.57890625 0.315625 0.07421875 0.0875
0 0.159375 0.62421875 0.07578125 0.096875
0 0.4078125 0.73203125 0.0546875 0.05859375
0 0.609375 0.45 0.10390625 0.0484375
0 0.56328125 0.4890625 0.04609375 0.04296875
0 0.46015625 0.3140625 0.0625 0.0578125
0 0.31328125 0.2359375 0.0546875 0.05546875
3 0.1765625 0.3515625 0.09140625 0.065625
3 0.26875 0.46328125 0.0609375 0.07109375
3 0.3390625 0.42890625 0.0421875 0.084375
3 0.67578125 0.40390625 0.0546875 0.06875
3 0.403125 0.25078125 0.0578125 0.04921875
3 0.4671875 0.4640625 0.03671875 0.03671875
3 0.04609375 0.61640625 0.075 0.04609375
3 0.6203125 0.53046875 0.0640625 0.03828125