4 1 0.465535684375 0.9879260125 0.44003560156250004 0.9654227109375 0.4186321546875 0.9222152031249999 0.3541059390625 0.874354803125 0.3142994859375 0.848456278125 0.2976674140625 0.795672275 0.283466190625 0.777940346875 0.265457965625 0.7533446515625 0.25406537500000004 0.745155475 0.2428475953125 0.7002673546875 0.22815568593750002 0.61482254375 0.1846043890625 0.5785183828125 0.17350509218750002 0.5447465546875 0.1699576421875 0.426629775 0.16676564375 0.3959317109375 0.1689991015625 0.3662657640625 0.17735750781249998 0.3386640453125 0.1979658078125 0.307644525 0.21075154999999998 0.28926968125 0.21384789375 0.2653339 0.22879935312500002 0.21574214375 0.2484940234375 0.17298599374999998 0.2838338125 0.14941683125 0.313420853125 0.11964381406249999 0.375967578125 0.09606906875 0.44040930625 0.09638494375 0.46471170624999997 0.106711675 0.4911065 0.12008400625 0.545542953125 0.129378621875 0.5658127984375 0.1875883328125 0.6446079796874999 0.2066456703125 0.6804496171875 0.236131225 0.723352415625 0.27720118125000004 0.7727016203125 0.3811618984375 0.8538654890625 0.43185350937500006 0.8780775671875001 0.487265753125 0.9153516859374999 0.5318098359375 0.9280019453125 0.6070293999999999 0.9258248140625 0.754101471875 0.9039811734375001 0.7898190453125 0.8916635359375 0.8349101390625 0.8676881765625 0.86856348125 0.8431206437500001 0.93889876875 0.7745786203125 1 0.5747255 1 0.465535684375
2 0.21796875 0.4890625 0.1796875 0.1625
2 0.22578125 0.29765625 0.1140625 0.1171875
2 0.66484375 0.66953125 0.159375 0.153125
2 0.49453125 0.659375 0.1609375 0.1328125
2 0.56171875 0.534375 0.115625 0.109375
2 0.4953125 0.4515625 0.1125 0.13125
2 0.70859375 0.271875 0.1 0.0875
2 0.803125 0.54140625 0.140625 0.125
2 0.478125 0.30078125 0.096875 0.1046875
0 0.7890625 0.71875 0.1015625 0.1140625
0 0.5203125 0.74921875 0.06875 0.071875
0 0.41015625 0.4203125 0.1140625 0.0765625
0 0.44296875 0.47109375 0.05625 0.0546875
0 0.5921875 0.33359375 0.0765625 0.0734375
0 0.75546875 0.30234375 0.06875 0.06875
3 0.85234375 0.45234375 0.10625 0.0890625
3 0.73203125 0.5328125 0.0796875 0.0859375
3 0.675 0.47890625 0.065625 0.09375
3 0.36015625 0.35703125 0.071875 0.08125
3 0.665625 0.28984375 0.0703125 0.0640625
3 0.5421875 0.475 0.0453125 0.0453125
3 0.9 0.74375 0.0859375 0.065625
3 0.37578125 0.49375 0.071875 0.0546875