4 1 0.486907025 0.9945520890624999 0.3829546921875 0.9661615015624999 0.3189131015625 0.8867241359375001 0.206351853125 0.8822120734375 0.1799669703125 0.8610711999999999 0.1646925453125 0.773510959375 0.0464136125 0.7186843546875 0.045191359375000004 0.6723636890625 0.027140960937500003 0.5746582140625 0.013831321875 0.560079853125 0.0043563609375 0.3568051234375 0.006818353125 0.291698165625 0.0184216484375 0.21652491093749998 0.046934865625 0.093239628125 0.112782065625 0.05615713906250001 0.1515858078125 0 0.238990471875 0 0.513092959375 0.016899746875 0.8355593375 0.0441130421875 0.8771368687500001 0.1099522359375 0.9392158625 0.14518137656250002 0.9844688937500001 0.16538155000000002 1 0.49652358750000003 1 0.9161506140625001 0.9768288484375001 0.9216428625 0.9622064359375001 0.9441920312500001 0.9446423156250001 0.9659920124999999 0.9127828843750001 1 0.8424850046874999 1 0.486907025
2 0.89765625 0.39921875 0.065625 0.0578125
2 0.85078125 0.73515625 0.0703125 0.08125
2 0.8703125 0.66484375 0.0828125 0.090625
2 0.7921875 0.72109375 0.0875 0.0921875
2 0.73203125 0.784375 0.0859375 0.0921875
2 0.70625 0.70078125 0.075 0.090625
2 0.646875 0.73671875 0.0734375 0.0890625
2 0.6328125 0.8875 0.0859375 0.11875
2 0.43125 0.8578125 0.0796875 0.1296875
2 0.2953125 0.84765625 0.103125 0.1140625
2 0.36328125 0.64609375 0.059375 0.0953125
2 0.39140625 0.50859375 0.0828125 0.0984375
2 0.46484375 0.55390625 0.0609375 0.0625
2 0.53984375 0.6828125 0.0765625 0.09375
2 0.603125 0.6203125 0.096875 0.103125
2 0.65078125 0.57578125 0.0828125 0.0828125
2 0.71171875 0.590625 0.078125 0.0859375
2 0.8015625 0.5625 0.0953125 0.0953125
2 0.7546875 0.43046875 0.084375 0.121875
2 0.7234375 0.16796875 0.115625 0.1125
2 0.621875 0.21875 0.0796875 0.0890625
2 0.4890625 0.1390625 0.121875 0.1125
2 0.40078125 0.16953125 0.0765625 0.065625
2 0.33046875 0.084375 0.0734375 0.115625
2 0.1578125 0.1828125 0.090625 0.084375
2 0.2265625 0.27578125 0.0703125 0.071875
2 0.13203125 0.29453125 0.075 0.075
2 0.12734375 0.4046875 0.128125 0.1484375
2 0.1 0.53046875 0.0890625 0.0953125
2 0.165625 0.603125 0.0609375 0.0859375
2 0.24375 0.68046875 0.0859375 0.103125
2 0.225 0.5625 0.06875 0.0765625
2 0.31796875 0.55703125 0.0625 0.096875
2 0.41796875 0.3484375 0.0671875 0.0796875
2 0.43125 0.28671875 0.06875 0.0859375
2 0.5 0.2859375 0.0859375 0.0703125
2 0.5921875 0.38046875 0.071875 0.0828125
2 0.66328125 0.24609375 0.06875 0.0578125