4 0.43872437187499996 0 0.4042041078125 0.005906831249999999 0.31359919999999997 0.0448202828125 0.296223140625 0.0442070671875 0.1232507078125 0.15101163281250002 0.0734192921875 0.194490159375 0.023668628125 0.257647846875 0 0.29720599999999997 0 0.652865340625 0.23414528437499998 1 0.651936021875 1 1 0.763805925 1 0.347134659375 0.8636310890625 0.1449594328125 0.8063117484375001 0.104687309375 0.6802473078125 0.04911675625 0.6627904953125 0.028824381249999996 0.6368023203125001 0.026619999999999998 0.5724977765625 0 0.43872437187499996 0
2 0.7890625 0.20859375 0.0828125 0.08125
2 0.921875 0.5203125 0.0984375 0.1015625
2 0.90234375 0.45078125 0.1125 0.115625
2 0.86484375 0.5390625 0.11875 0.1203125
2 0.8453125 0.62421875 0.1171875 0.11875
2 0.7796875 0.565625 0.1078125 0.1125
2 0.74765625 0.6265625 0.1046875 0.109375
2 0.81328125 0.76328125 0.13125 0.1390625
2 0.625 0.8421875 0.13125 0.1453125
2 0.50390625 0.90390625 0.1421875 0.1453125
2 0.4578125 0.69609375 0.096875 0.10625
2 0.41171875 0.56328125 0.1171875 0.1203125
2 0.49765625 0.56484375 0.08125 0.08125
2 0.628125 0.6359375 0.1109375 0.115625
2 0.65078125 0.55 0.13125 0.1328125
2 0.66875 0.4875 0.109375 0.109375
2 0.728125 0.46875 0.1078125 0.109375
2 0.790625 0.3984375 0.1265625 0.1265625
2 0.68203125 0.309375 0.13125 0.1421875
2 0.52109375 0.10078125 0.1515625 0.15
2 0.46015625 0.19609375 0.1109375 0.1125
2 0.3046875 0.19609375 0.15625 0.1546875
2 0.24453125 0.26796875 0.0953125 0.0921875
2 0.140625 0.23125 0.11875 0.13125
2 0.05078125 0.40390625 0.1015625 0.1140625
2 0.15078125 0.4484375 0.09375 0.09375
2 0.07890625 0.5140625 0.1 0.0984375
2 0.13125 0.61015625 0.1796875 0.1859375
2 0.17265625 0.73203125 0.121875 0.1234375
2 0.26640625 0.76015625 0.09375 0.1
2 0.37265625 0.78671875 0.1234375 0.128125
2 0.29609375 0.6953125 0.09375 0.096875
2 0.3734375 0.64296875 0.1 0.109375
2 0.3515625 0.4125 0.0953125 0.0984375
2 0.33125 0.353125 0.0984375 0.103125
2 0.3890625 0.31640625 0.1046875 0.1
2 0.5171875 0.35 0.1 0.103125
2 0.509375 0.19765625 0.0859375 0.08125