4 1 0.4089979546875 0.975 0.3435582828125 0.9015625 0.22699386562499999 0.8984375 0.2004089984375 0.878125 0.1840490796875 0.796875 0.06134969375 0.7421875 0.0572597140625 0.696875 0.036809815625 0.6 0.0184049078125 0.5859375 0.008179959375 0.3828125 0 0.3171875 0.008179959375 0.240625 0.032719835937500004 0.1140625 0.092024540625 0.075 0.12883435625 0 0.23312883437499998 0 0.8098159515625 0.025 0.8527607359375 0.0875 0.918200409375 0.1203125 0.9652351734375 0.1609375 1 0.890625 0.9979550109374999 0.896875 0.9836400812500001 0.9203125 0.9672801640625 0.94375 0.9366053171875001 1 0.8343558281250001 1 0.4089979546875
2 0.90234375 0.4203125 0.06328125 0.0546875
2 0.83828125 0.753125 0.065625 0.078125
2 0.8609375 0.684375 0.078125 0.0859375
2 0.78046875 0.7359375 0.08359375 0.08828125
2 0.7171875 0.79609375 0.08203125 0.08828125
2 0.6953125 0.7109375 0.0703125 0.0875
2 0.634375 0.74375 0.06875 0.0859375
2 0.6125 0.89375 0.08046875 0.1140625
2 0.4125 0.85390625 0.0734375 0.1265625
2 0.27734375 0.83671875 0.09765625 0.109375
2 0.35546875 0.6390625 0.05390625 0.0921875
2 0.39140625 0.503125 0.07734375 0.09375
2 0.46171875 0.55234375 0.05859375 0.059375
2 0.53046875 0.684375 0.07265625 0.090625
2 0.596875 0.62578125 0.09140625 0.09921875
2 0.646875 0.58359375 0.078125 0.07890625
2 0.70703125 0.6015625 0.07421875 0.08203125
2 0.79765625 0.578125 0.09140625 0.09140625
2 0.7578125 0.44375 0.07890625 0.11796875
2 0.740625 0.18046875 0.1109375 0.10703125
2 0.63671875 0.22578125 0.075 0.0859375
2 0.5078125 0.1390625 0.1171875 0.10703125
2 0.41796875 0.16484375 0.0734375 0.06171875
2 0.35234375 0.07578125 0.06796875 0.11171875
2 0.175 0.165625 0.0859375 0.0796875
2 0.2390625 0.26171875 0.06640625 0.06796875
2 0.14296875 0.27578125 0.071875 0.07109375
2 0.1328125 0.38515625 0.1203125 0.14296875
2 0.09921875 0.509375 0.08515625 0.09140625
2 0.1609375 0.58515625 0.05625 0.08359375
2 0.234375 0.66640625 0.08125 0.09921875
2 0.221875 0.54765625 0.06484375 0.07265625
2 0.31484375 0.54765625 0.05703125 0.09375
2 0.42578125 0.34453125 0.06328125 0.07578125
2 0.4421875 0.28359375 0.0640625 0.08203125
2 0.5109375 0.2859375 0.0828125 0.065625
2 0.5984375 0.38515625 0.06796875 0.07890625
2 0.6765625 0.2546875 0.06640625 0.05390625