4 0.566095303125 0 0.48342357812500003 0.043470159375 0.44890656250000005 0.072579046875 0.42897241875000003 0.1213069265625 0.42954103750000006 0.168516646875 0.502537578125 0.52975219375 0.56031275 0.7882026375 0.570887834375 0.806780290625 0.6203069703125 0.838873453125 0.6414441265625 0.844793340625 0.6572259171875 0.8433320421875001 0.6969188 0.85193406875 0.713991303125 0.8520916421875 0.7420458375 0.8593810296875001 0.7758407593750001 0.8758629890625 0.9132476890625 0.885467321875 0.9911152968750001 0.8821686156249999 1 0.8800276874999999 1 0.44744788125 0.904892015625 0 0.566095303125 0
4 0.4244815578125 0.6078732703124999 0.40519072500000003 0.6195465578125 0.3756879015625 0.6277108 0.33595116875 0.6456232187500001 0.29598698749999997 0.6446517515625 0.2543251453125 0.65350725 0.21530159218749997 0.6703214671875 0.1867394 0.69627139375 0.184770440625 0.71372891875 0.1972048578125 0.7811351656250001 0.2180967390625 0.85715645 0.22938500468749998 0.8746359 0.23869129843749998 0.87833745625 0.2630093390625 0.8769549421875 0.32663524375 0.882363071875 0.4095519796875 0.8760979156250001 0.46094898906250004 0.8462409125000001 0.5588425375 0.816913490625 0.5621590703125 0.8057958125000001 0.552034784375 0.749257871875 0.536248896875 0.674991109375 0.5195703296875 0.6321522765625 0.4982187359375 0.638583921875 0.4699716921875 0.6303888421875 0.45800518281249997 0.631985790625 0.4536911578125 0.6205968125 0.4244815578125 0.6078732703124999
1 0.69140625 0.128125 0.13125 0.103125
1 0.6515625 0.19609375 0.10625 0.084375
1 0.72265625 0.30546875 0.1125 0.128125
1 0.8125 0.04765625 0.090625 0.0703125
1 0.83359375 0.12890625 0.159375 0.1234375
1 0.88671875 0.2640625 0.175 0.2203125
1 0.95703125 0.48125 0.0859375 0.159375
1 0.965625 0.60625 0.06875 0.078125
1 0.75234375 0.55390625 0.14375 0.125
1 0.7875 0.4546875 0.2765625 0.1625
1 0.80703125 0.63984375 0.146875 0.1234375
1 0.85625 0.7640625 0.1125 0.1
1 0.94609375 0.66953125 0.1078125 0.0734375
1 0.89921875 0.55390625 0.1 0.1421875
1 0.70703125 0.390625 0.2765625 0.11875
1 0.54296875 0.39609375 0.08125 0.1078125
1 0.5703125 0.31015625 0.096875 0.1015625
1 0.5359375 0.21796875 0.1375 0.1265625
1 0.61796875 0.4734375 0.0953125 0.0875
1 0.55859375 0.56171875 0.034375 0.059375
1 0.409375 0.73125 0.2953125 0.178125