4 0 0.9574074078124999 0.0648148140625 0.975 0.0990740734375 0.9759259265625 0.1759259265625 0.9629629625 0.3083333328125 0.925 0.3379629625 0.9018518515625 0.3638888890625 0.8888888890625 0.38055555625 0.8851851859375 0.4175925921875 0.86851851875 0.43333333281249997 0.8666666671875 0.45277777812500003 0.85648148125 0.49444444374999996 0.8148148140625 0.5009259265625 0.79444444375 0.503703703125 0.5296296296875 0.5 0.1611111109375 0.490740740625 0.1148148140625 0.4611111109375 0.071296296875 0.42129629687500003 0.05 0.253703703125 0.002777778125 0.1824074078125 0 0 0.0240740734375 0 0.9574074078124999
4 0.55648148125 0.621296296875 0.5305555562500001 0.6351851859375001 0.5083333328124999 0.6333333328124999 0.5009259265625 0.678703703125 0.5009259265625 0.7546296296875 0.502777778125 0.8120370375 0.5083333328124999 0.8222222218749999 0.6101851859375 0.83055555625 0.6666666671875 0.8490740734375001 0.7490740734375 0.8379629625 0.8101851859375 0.8194444437499999 0.834259259375 0.815740740625 0.8425925921875 0.8101851859375 0.85 0.790740740625 0.8546296296874999 0.7120370375 0.852777778125 0.64351851875 0.847222221875 0.6268518515625 0.8138888890624999 0.6074074078125 0.772222221875 0.5990740734375 0.7296296296875 0.5990740734375 0.690740740625 0.6083333328125 0.6481481484375 0.5990740734375 0.6175925921875 0.597222221875 0.5962962968750001 0.5898148140624999 0.5703703703125 0.6083333328125 0.56851851875 0.6203703703125 0.55648148125 0.621296296875
1 0.23515625 0.17578125 0.11640625 0.08046875
1 0.28828125 0.234375 0.0953125 0.065625
1 0.2421875 0.35625 0.09140625 0.1109375
1 0.1 0.12265625 0.08125 0.0546875
1 0.096875 0.20625 0.1421875 0.0953125
1 0.07265625 0.35 0.1375 0.1953125
1 0.03984375 0.57890625 0.07578125 0.146875
1 0.059375 0.70234375 0.071875 0.06484375
1 0.2640625 0.60546875 0.12578125 0.1015625
1 0.209375 0.515625 0.25859375 0.1109375
1 0.22890625 0.70078125 0.12890625 0.0984375
1 0.20625 0.83203125 0.09765625 0.08203125
1 0.09296875 0.7609375 0.11015625 0.05234375
1 0.12109375 0.6359375 0.07421875 0.12890625
1 0.275 0.4359375 0.26953125 0.06484375
1 0.4359375 0.40703125 0.0625 0.09765625
1 0.39140625 0.32890625 0.08125 0.08671875
1 0.40625 0.23125 0.11796875 0.10390625
1 0.37890625 0.4984375 0.08125 0.07265625
1 0.45546875 0.57265625 0.0234375 0.05625
1 0.63671875 0.70703125 0.27578125 0.1234375