4 0.5284452046875 1 0.562673134375 0.9619883 0.5755338359375 0.9266562453124999 0.5906509453125001 0.90192438125 0.6028224171875001 0.8899514749999999 0.6253996171875 0.8561907015625 0.637767190625 0.8462789203125001 0.6488596890625 0.8273374062500001 0.66211505625 0.7699220999999999 0.6568170125 0.749212384375 0.5188422296875 0.5231646875 0.32041624999999996 0.2126059234375 0.288030653125 0.17825109687500001 0.23984200000000003 0.15704661250000002 0.19479180625 0.16008496562500002 0.027641260937500002 0.20884879375 0 0.22465912656249998 0 0.6433726937500001 0.2228454734375 1 0.5284452046875 1
4 0.5777229687500001 0.6086570859375 0.5954837656249999 0.65105866875 0.6357183765625 0.7154475062500001 0.6677101265625 0.7631504171875 0.6778188296875001 0.7688439484375 0.76861009375 0.7219377578125 0.8263224265625 0.707711725 0.8903198781249999 0.654619696875 0.9323317203125001 0.606531146875 0.9507850296875 0.5906329125 0.9549081015625 0.5815055421875 0.950885953125 0.5610903890625 0.91310549375 0.4918925328125 0.8752257515625 0.434766865625 0.861682384375 0.4235767265625 0.8231101296875 0.42475087812499995 0.783358796875 0.4397637796875 0.7472382296875 0.462334415625 0.7191652421875 0.49079468437499996 0.678138015625 0.5055130218749999 0.6512441015625 0.520134540625 0.6292584921875 0.52513801875 0.617085378125 0.5545812625 0.621893578125 0.5657705796875 0.6121762578125 0.57293446875 0.597549815625 0.5984515609375001 0.5777229687500001 0.6086570859375
1 0.10390625 0.365625 0.140625 0.1296875
1 0.1796875 0.38671875 0.115625 0.10625
1 0.20546875 0.51484375 0.1359375 0.1421875
1 0.04375 0.4640625 0.0875 0.15625
1 0.08359375 0.59921875 0.1671875 0.2390625
1 0.1515625 0.8109375 0.1421875 0.1640625
1 0.23359375 0.90546875 0.0953125 0.09375
1 0.35546875 0.71484375 0.1609375 0.153125
1 0.26171875 0.6671875 0.278125 0.23125
1 0.3765625 0.8140625 0.1609375 0.1515625
1 0.4265625 0.9375 0.1265625 0.121875
1 0.29296875 0.93671875 0.121875 0.103125
1 0.25078125 0.81640625 0.13125 0.1484375
1 0.275 0.56484375 0.2625 0.1984375
1 0.39609375 0.45546875 0.1046875 0.115625
1 0.3171875 0.4125 0.115625 0.1171875
1 0.278125 0.321875 0.1546875 0.15
1 0.39609375 0.5625 0.1078125 0.1046875
1 0.50078125 0.58515625 0.05 0.059375
1 0.72578125 0.603125 0.3 0.2515625