4 0.4155053671875 0 0.384453325 0.007560282812499999 0.3071513078125 0.05003251875 0.290692196875 0.051888871875 0.28059708906249997 0.058444712499999996 0.2719436515625 0.051919878125 0 0.22852215 0 0.648106746875 0.22852215 1 0.5002217515625 1 0.5371430484374999 0.9771132218749999 0.5868822515625001 0.9415000843750001 0.6736728609375 0.8575366015625001 0.71669539375 0.8251812812500001 0.74155409375 0.7869570515625 0.7605438828125 0.7668966578124999 0.793078434375 0.7523927140625 0.8112514703124999 0.7361748453125 0.81871368125 0.7136641890625001 0.8153444421874999 0.6948754359375 0.8371371625 0.65533015625 0.8492276453125 0.61104518125 0.8608758484375001 0.60348075 0.9126138328125 0.6151473546874999 0.9287294796875001 0.5991615296874999 0.9307156531249999 0.583519171875 0.9187331859375 0.554867353125 0.9173811296875 0.539184790625 0.8875874937500001 0.49670675781250007 0.876916875 0.48707573593750003 0.87707770625 0.47372281093749996 0.8839552046874999 0.45711207031249995 0.9232466328125 0.436012078125 0.93579200625 0.4179286578125 0.9469359109375001 0.40958767968750004 0.951059890625 0.3870368171875 0.9499088718750001 0.35466309375 0.9322367265624999 0.2866486328125 0.9130735015625 0.2571398546875 0.8799014265625 0.217959846875 0.8409684593750001 0.12400688124999999 0.8436909734375 0.11119845937499999 0.8220062718750001 0.077806946875 0.8166106515625 0.0779987828125 0.8040836796875 0.0519086484375 0.7834385765625 0.038818775 0.7748655546875 0.025617478125 0.7620973390625 0.019556732812499998 0.749016665625 0.0181150609375 0.7313973328125 0.0096844671875 0.7082617578125 0.0114604046875 0.700819284375 0 0.4155053671875 0
3 0.4078125 0.8265625 0.175 0.15625
3 0.30078125 0.575 0.2859375 0.2703125
3 0.6375 0.3703125 0.128125 0.1484375
3 0.8375 0.26328125 0.2578125 0.2953125
3 0.57734375 0.16328125 0.1546875 0.153125
3 0.40078125 0.384375 0.1125 0.10625
3 0.17421875 0.35703125 0.2453125 0.2140625
3 0.19609375 0.1296875 0.1703125 0.134375
3 0.046875 0.44140625 0.09375 0.1609375
3 0.0546875 0.49296875 0.109375 0.1140625
3 0.0296875 0.6375 0.059375 0.06875
3 0.48828125 0.5328125 0.1234375 0.1046875
3 0.44765625 0.0578125 0.1734375 0.115625