4 0.447222221875 0 0.44351851875000003 0.0101851859375 0.43148148124999997 0.0101851859375 0.4166666671875 0.0175925921875 0.328703703125 0.0240740734375 0.2388888890625 0.055555556250000006 0.2138888890625 0.071296296875 0.171296296875 0.08796296249999999 0.1518518515625 0.1046296296875 0.1203703703125 0.11944444375 0.0981481484375 0.1425925921875 0.09074074062500001 0.1601851859375 0.072222221875 0.1703703703125 0.059259259375 0.1870370375 0.059259259375 0.20370370312500002 0.0388888890625 0.2148148140625 0.028703703125 0.23148148124999998 0.018518518749999997 0.2398148140625 0.0111111109375 0.2518518515625 0.0111111109375 0.2675925921875 0.0009259265625 0.2898148140625 0.004629629687499999 0.31851851875000003 0 0.321296296875 0 0.3611111109375 0.009259259374999999 0.3703703703125 0.027777778125000003 0.4703703703125 0.021296296875000002 0.521296296875 0.021296296875000002 0.55648148125 0.04351851875 0.6231481484375 0.060185185937499996 0.6509259265625 0.0759259265625 0.6675925921875 0.0898148140625 0.66851851875 0.1101851859375 0.6768518515624999 0.1546296296875 0.6731481484375 0.16944444375 0.6833333328125 0.1768518515625 0.6944444437499999 0.17314814843749998 0.7083333328125 0.171296296875 0.7601851859375001 0.178703703125 0.7740740734375 0.184259259375 0.8046296296875 0.19444444375 0.8166666671874999 0.2166666671875 0.821296296875 0.253703703125 0.7833333328125 0.2675925921875 0.7833333328125 0.3018518515625 0.8138888890624999 0.3416666671875 0.8351851859374999 0.3490740734375 0.852777778125 0.36759259218749996 0.8675925921875001 0.3916666671875 0.871296296875 0.4268518515625 0.865740740625 0.45370370312499997 0.872222221875 0.4953703703125 0.890740740625 0.5490740734374999 0.89444444375 0.6675925921875 0.9175925921875001 0.728703703125 0.9203703703125001 0.8166666671874999 0.91851851875 0.9425925921875 0.9083333328125001 0.9648148140625 0.9083333328125001 0.9833333328125 0.9148148140625001 1 0.9129629625 1 0.12407407343750002 0.9879629624999999 0.11574074062499999 0.9731481484375 0.1175925921875 0.9611111109375001 0.10555555624999999 0.9481481484375 0.1 0.9453703703125 0.08333333281250001 0.9490740734375 0.075 0.9398148140625 0.06944444375 0.9268518515625 0.040740740625 0.9203703703125001 0.0351851859375 0.834259259375 0 0.447222221875 0
3 0.75546875 0.7234375 0.1515625 0.0875
3 0.7078125 0.4546875 0.228125 0.175
3 0.3140625 0.46640625 0.0640625 0.1359375
3 0.08828125 0.48515625 0.13671875 0.2640625
3 0.2515625 0.26015625 0.1125 0.11015625
3 0.5203125 0.34921875 0.08984375 0.06875
3 0.6953125 0.20234375 0.2203125 0.1125
3 0.553125 0.02421875 0.171875 0.0484375
3 0.89140625 0.17578125 0.190625 0.0671875
3 0.88359375 0.24375 0.1390625 0.0453125
3 0.9734375 0.3578125 0.05078125 0.04921875
3 0.52734375 0.52109375 0.1125 0.05234375
3 0.2890625 0.08046875 0.1375 0.10625