4 0.29289321875 0 0.109127084375 0.183766134375 0.113710184375 0.1935870625 0.1051987140625 0.2020985328125 0.0999608859375 0.217812015625 0.042344776562500006 0.2845943234375 0.0010968828125 0.37036375781249997 0 0.37519004218749996 0 0.7054494296875 0.021393465625 0.7219529625 0.020084009375 0.727190790625 0.048237334375 0.755344115625 0.06133190468750001 0.755344115625 0.145137153125 0.8129602234375 0.17656412187499998 0.853553390625 0.20144380312500001 0.8784330734375001 0.264297740625 0.9098600421875 0.295724709375 0.917716784375 0.3186402046875 0.9183715109374999 0.3291158609375 0.9092053140624999 0.3494124453125 0.9006938421875 0.3782204984375 0.8666479609375 0.39589816718750004 0.86337431875 0.40899273750000004 0.86599323125 0.4161947515625 0.8784330734375001 0.4515500921875 0.9164073265624999 0.4666088453125 0.9209904265625 0.49214325781249996 0.9386680953125 0.5078567421875 0.9399775531250001 0.52684386875 0.9275377109375 0.5261891390625 0.874504703125 0.5360100671875 0.8646837749999999 0.5818410625 0.8620648609374999 0.6250531453125 0.8489702906250001 0.6427308125 0.8561723046875 0.6663010390624999 0.853553390625 0.6859428953125 0.8391493640625001 0.70689420625 0.8103413093749999 0.7304644312499999 0.7959372828125 0.773021784375 0.7795690703125 0.8136149515625 0.74421373125 0.9137884125 0.6767766953125001 0.958964678125 0.6355288 1 0.59272851875 1 0.29289321875 0.70710678125 0 0.29289321875 0
3 0.83828125 0.47734375 0.16875 0.16875
3 0.61484375 0.32109375 0.284375 0.284375
3 0.34453125 0.6078125 0.1421875 0.1421875
3 0.1984375 0.78046875 0.2828125 0.2828125
3 0.1546875 0.50625 0.1578125 0.1578125
3 0.4078125 0.37890625 0.1125 0.1125
3 0.42734375 0.1515625 0.2359375 0.2359375
3 0.20078125 0.12578125 0.15625 0.15625
3 0.54765625 0.0421875 0.1828125 0.084375
3 0.58984375 0.05625 0.1296875 0.1125
3 0.734375 0.06484375 0.0703125 0.0703125
3 0.534375 0.4953125 0.1171875 0.1171875
3 0.06953125 0.3515625 0.1390625 0.171875