4 0.6305791734375 1 0.6867660812499999 0.9770917578124999 0.7510890359375 0.9224426343750001 0.7929657484375 0.8764702328125 0.8611554296874999 0.7777186484375 0.8750203359375 0.6684178765625 0.8492458562499999 0.481896975 0.8385733875 0.4508100171875 0.7657690015624999 0.32650133124999997 0.7276548609375 0.2728450484375 0.6981872453125 0.2229703125 0.6826003578125001 0.20382436875 0.6217896265625 0.156974028125 0.6108899531249999 0.13635545 0.54145584375 0.09806272499999999 0.496994621875 0.08214025 0.4266169765625 0.0672123 0.3725541234375 0.064703475 0.28075477968749996 0.07827453437500001 0.163597578125 0.1274295796875 0.12514475625000002 0.1564058578125 0.0780917015625 0.20627891250000002 0.0448615140625 0.256032859375 0.036534778125 0.2911395765625 0.023986809375 0.3129517515625 0.026548171875 0.36250746718750004 0.013568939062499999 0.41759556093750005 0.0317981984375 0.52948428125 0.04597556875 0.5867621765625 0.038137959375 0.6194408765625 0.042848318749999996 0.6303074015625 0.0824414125 0.6828492125000001 0.146849625 0.805247134375 0.1767832234375 0.8403546921875 0.20842297968749998 0.8638794000000001 0.2439989015625 0.8803191281249999 0.300099271875 0.9163029437500001 0.3525138296875 0.9612425203124999 0.3802174234375 0.9918522078124999 0.4154235359375 1 0.6305791734375 1
2 0.67578125 0.33125 0.1375 0.146875
2 0.66015625 0.49375 0.1390625 0.15
2 0.5984375 0.721875 0.18125 0.196875
2 0.34296875 0.78984375 0.1734375 0.184375
2 0.17421875 0.7171875 0.115625 0.11875
2 0.0984375 0.51875 0.1140625 0.1203125
2 0.084375 0.359375 0.0875 0.090625
2 0.32109375 0.53125 0.134375 0.14375
2 0.49375 0.38671875 0.121875 0.13125
0 0.69921875 0.78828125 0.1109375 0.115625
0 0.36875 0.8890625 0.1 0.1015625
0 0.42890625 0.6453125 0.08125 0.084375
0 0.06953125 0.56328125 0.071875 0.0765625
0 0.29609375 0.23125 0.046875 0.05
0 0.49921875 0.1296875 0.0625 0.06875
0 0.58359375 0.2765625 0.059375 0.06875
0 0.0828125 0.3 0.04375 0.0453125
0 0.3484375 0.3859375 0.0515625 0.0546875
0 0.30625 0.41640625 0.06875 0.0703125