4 0.4074074078125 0 0.3398148140625 0.011513157812499999 0.2833333328125 0.03125 0.25555555625 0.054276315625 0.23240740781250002 0.06414473750000001 0.2046296296875 0.1052631578125 0.1611111109375 0.14144736875 0.10833333281249999 0.241776315625 0.08518518593749999 0.29605263125 0.059259259375 0.3174342109375 0.05648148125 0.32894736875 0.05648148125 0.3947368421875 0.034259259375000004 0.53125 0.037037037499999995 0.57730263125 0.048148148437499996 0.6151315796875 0.0666666671875 0.649671053125 0.0898148140625 0.712171053125 0.1046296296875 0.7796052625 0.10833333281249999 0.820723684375 0.1703703703125 0.8947368421874999 0.1768518515625 0.9095394734375001 0.190740740625 0.9243421046875 0.1990740734375 0.9259868421874999 0.20370370312500002 0.9375 0.21111111093749999 0.9309210531250001 0.23333333281250002 0.9358552625 0.275 0.9703947375 0.3620370375 0.9934210531250001 0.44629629687500005 0.9884868421874999 0.5074074078125 0.976973684375 0.621296296875 0.9391447375 0.6981481484375001 0.86019736875 0.7898148140625 0.695723684375 0.8 0.664473684375 0.8166666671874999 0.5213815796875 0.81851851875 0.45559210468750005 0.825 0.398026315625 0.8240740734375 0.3733552625 0.803703703125 0.2993421046875 0.8074074078125 0.2763157890625 0.775 0.20394736875000002 0.7490740734375 0.164473684375 0.7018518515625 0.11019736875 0.6601851859375001 0.0756578953125 0.578703703125 0.03125 0.45555555625000005 0 0.4074074078125 0
2 0.7421875 0.47109375 0.078125 0.12421875
2 0.63125 0.59140625 0.07578125 0.13046875
2 0.4453125 0.73671875 0.09296875 0.17734375
2 0.2 0.63671875 0.09609375 0.159375
2 0.109375 0.47734375 0.0765625 0.090625
2 0.16796875 0.2734375 0.065625 0.1015625
2 0.253125 0.1375 0.05703125 0.06953125
2 0.33828125 0.4171875 0.075 0.12421875
2 0.56328125 0.40546875 0.06796875 0.1125
0 0.4859375 0.85 0.065625 0.09609375
0 0.1609375 0.73203125 0.0671875 0.0765625
0 0.35546875 0.5734375 0.04921875 0.06953125
0 0.11796875 0.29140625 0.04140625 0.065625
0 0.49921875 0.1625 0.02421875 0.04453125
0 0.721875 0.20390625 0.0296875 0.0640625
0 0.70078125 0.371875 0.02265625 0.06875
0 0.2875 0.0890625 0.028125 0.03515625
0 0.44765625 0.31796875 0.0265625 0.04921875
0 0.3953125 0.31640625 0.04921875 0.05