4 0.4914511375 1 0.5319370265625001 0.9903911796875 0.5901204843750001 0.9684411 0.6957102171875 0.9114102609374999 0.75768545 0.820317096875 0.8193989374999999 0.6424243875 0.82400288125 0.60988050625 0.8155686609374999 0.46606815625 0.80596815625 0.40095660000000005 0.8023549750000001 0.3431398671875 0.7971590328125 0.3190044078125 0.764245884375 0.2496529546875 0.7638948421875 0.22633331874999998 0.7194131328125 0.160691825 0.6870265453125 0.12631982343749998 0.6310967515625 0.081068140625 0.5840653796875 0.0542887390625 0.49611043437499996 0.0247046109375 0.369406678125 0.0153138203125 0.3219900078125 0.0236746578125 0.2574235375 0.0467502359375 0.205227403125 0.0759951375 0.1818701109375 0.1034951921875 0.16078726875 0.11723332500000001 0.1405716359375 0.16255062343749999 0.103997584375 0.20574202656249999 0.0694435578125 0.3137115171875 0.056072065625 0.37118288593750004 0.034252884375 0.396741621875 0.033516546875 0.408562225 0.04494076875 0.47335220937500005 0.0467614140625 0.6116502734375 0.057493946875 0.6565209046875 0.0750051828125 0.6918457234375001 0.09924007968750001 0.7226447578124999 0.132889565625 0.7801756078125 0.1591891390625 0.844012775 0.1699767125 0.8838633734375 0.24392351875 0.9459794875 0.25287698125 0.9594317359375 0.2691253171875 0.9715977015625 0.277617653125 0.971770384375 0.2841761875 0.9823047046875001 0.2903286375 0.9745394234375 0.3130700703125 0.9755398218750001 0.3560283015625 1 0.4914511375 1
2 0.73359375 0.4296875 0.0984375 0.1359375
2 0.6453125 0.5671875 0.096875 0.1421875
2 0.4875 0.74296875 0.121875 0.190625
2 0.228125 0.68671875 0.121875 0.1734375
2 0.11171875 0.5453125 0.090625 0.103125
2 0.13359375 0.334375 0.0828125 0.1109375
2 0.19375 0.1859375 0.06875 0.078125
2 0.3265625 0.446875 0.0953125 0.1359375
2 0.54609375 0.39609375 0.0859375 0.121875
0 0.546875 0.846875 0.08125 0.10625
0 0.20625 0.7875 0.0796875 0.0875
0 0.3703125 0.59765625 0.0609375 0.0765625
0 0.0875 0.3609375 0.0515625 0.071875
0 0.440625 0.16796875 0.03125 0.0484375
0 0.6671875 0.16953125 0.040625 0.06875
0 0.67578125 0.3390625 0.034375 0.071875
0 0.21953125 0.13203125 0.034375 0.0390625
0 0.4171875 0.3296875 0.034375 0.053125
0 0.36484375 0.3375 0.0578125 0.0578125