4 0.504363409375 1 0.515206696875 0.9998107296875001 0.529760703125 0.9847396187499999 0.5655431203125 0.96559369375 0.5956577109375 0.9400642343750001 0.6238237765625 0.9090123828125 0.637274240625 0.8837737953125 0.6508795109375 0.761295475 0.6650826890625 0.6730711953124999 0.6594841859375 0.6176049 0.6535254859374999 0.5945572343750001 0.6200079984375 0.5312436625 0.5954689625 0.5048160515625 0.5650681828125 0.4608954859375 0.5359810203125 0.4391775953125 0.4333205390625 0.393740125 0.370011653125 0.3744717125 0.312499871875 0.36899311562500003 0.25693661875 0.369036909375 0.224566465625 0.3714540671875 0.19229327031250001 0.3794259328125 0.11518988593749999 0.4187405234375 0.082249459375 0.44154110781250006 0.0240657609375 0.503677128125 0.0002377484375 0.517984053125 0.0060390578125 0.8503408328125 0.038942478125 0.8784745765625 0.0832946703125 0.9258558890625 0.10848477812499999 0.9365289984375 0.15165262968749998 0.9691139109375 0.1871071703125 0.9842381874999999 0.2098644375 1 0.504363409375 1
4 0.5871242921875 0 0.5241287390625 0.025432543749999998 0.4930398828125 0.0482008078125 0.474034709375 0.073536353125 0.460648884375 0.10247807812500001 0.44611104062500007 0.11847497656249999 0.44450186562500005 0.13239406874999998 0.459148140625 0.17566356562500002 0.4600046015625 0.2247301640625 0.466840609375 0.2449843140625 0.4792151640625 0.2642157234375 0.5046961453125001 0.2915529609375 0.521441071875 0.2958910125 0.5336378734375 0.3049387859375 0.5764502125 0.31715643125000004 0.6510947515625001 0.34919191562499996 0.6752297984375 0.35247490625 0.7194735578125 0.3405898234375 0.7893484203125001 0.3115881453125 0.821443859375 0.29343264375 0.8451587546875 0.272645225 0.8612896156250001 0.24180345 0.8652559953125 0.203765471875 0.9031209046875001 0.1447623171875 0.8979910312499999 0.11614378437499999 0.9080292265625 0.10763396249999999 0.9088580546875 0.10206309531249999 0.9040998531250001 0.0947376125 0.8872902874999999 0.0866964234375 0.8876504859375001 0.05427779218749999 0.8754213656250001 0.0433784484375 0.8335186515625 0.0302188578125 0.7653412421875 0 0.5871242921875 0
3 0.21875 0.8171875 0.2640625 0.078125
3 0.39609375 0.8109375 0.203125 0.1640625
3 0.453125 0.61484375 0.221875 0.078125
3 0.46796875 0.7 0.253125 0.1328125
3 0.3109375 0.66015625 0.075 0.234375
3 0.16328125 0.60078125 0.228125 0.075
3 0.1328125 0.678125 0.2609375 0.1015625
3 0.2734375 0.44765625 0.146875 0.08125
3 0.375 0.4734375 0.1484375 0.084375
3 0.428125 0.53515625 0.2265625 0.1109375
3 0.14453125 0.46328125 0.0859375 0.0875
3 0.6984375 0.19921875 0.10625 0.1578125
3 0.78125 0.08515625 0.1890625 0.0390625
3 0.815625 0.15390625 0.1640625 0.1015625
3 0.61328125 0.121875 0.0828125 0.159375
3 0.56796875 0.14609375 0.071875 0.140625
3 0.60390625 0.05859375 0.1546875 0.059375
2 0.53046875 0.8125 0.13125 0.10625
2 0.52265625 0.5578125 0.109375 0.0953125
2 0.57578125 0.67578125 0.0921875 0.1125
2 0.459375 0.47421875 0.0765625 0.0796875
2 0.234375 0.43359375 0.078125 0.075
2 0.09296875 0.48671875 0.06875 0.05625
2 0.04765625 0.63203125 0.0921875 0.0625
2 0.1296875 0.7453125 0.109375 0.1078125
2 0.21171875 0.86171875 0.1390625 0.1125
2 0.7703125 0.265625 0.0765625 0.065625
2 0.80703125 0.21796875 0.071875 0.05625
2 0.81796875 0.15859375 0.090625 0.0734375
2 0.58359375 0.25078125 0.115625 0.0671875