4 1 0.509259259375 0.9759259265625 0.4953703703125 0.9166666671874999 0.434259259375 0.8833333328125 0.41203703750000004 0.8055555562500001 0.3740740734375 0.7731481484375 0.36666666718749996 0.740740740625 0.3648148140625 0.6851851859375 0.365740740625 0.627777778125 0.372222221875 0.5648148140625 0.3925925921875 0.46296296249999996 0.43981481406249995 0.434259259375 0.4620370375 0.4046296296875 0.50648148125 0.38055555625 0.5333333328125 0.3481481484375 0.597222221875 0.3425925921875 0.6203703703125 0.3379629625 0.6759259265625001 0.353703703125 0.7638888890625 0.36944444375 0.8861111109375001 0.38333333281250004 0.9111111109375001 0.41203703750000004 0.9416666671874999 0.44259259218749997 0.9666666671874999 0.478703703125 0.9851851859374999 0.49351851875 1 0.7916666671875 1 0.821296296875 0.978703703125 0.85648148125 0.9629629625 0.8990740734375 0.9296296296875 0.9240740734375 0.91851851875 0.9675925921875 0.8703703703125001 1 0.8416666671874999 1 0.509259259375
4 0.23611111093749998 0 0.1583333328125 0.0361111109375 0.1166666671875 0.05 0.1046296296875 0.061111110937500004 0.10555555624999999 0.09351851875 0.0888888890625 0.10185185156250001 0.08425925937499999 0.109259259375 0.08518518593749999 0.1148148140625 0.0953703703125 0.1231481484375 0.09074074062500001 0.1518518515625 0.1296296296875 0.2101851859375 0.134259259375 0.24814814843750002 0.15092592656249998 0.27870370312500004 0.175 0.29907407343750003 0.20740740781250003 0.3166666671875 0.27777777812500004 0.34444444375 0.322222221875 0.35555555625 0.34629629687499996 0.3518518515625 0.4203703703125 0.31851851875000003 0.46296296249999996 0.30555555624999997 0.475 0.296296296875 0.4916666671875 0.2916666671875 0.5166666671875 0.2638888890625 0.5287037031249999 0.24444444375000002 0.5351851859375001 0.22407407343750002 0.5351851859375001 0.175 0.5490740734374999 0.13148148125 0.547222221875 0.1175925921875 0.5324074078125001 0.10185185156250001 0.51851851875 0.0731481484375 0.4990740734375 0.048148148437499996 0.4675925921875 0.0259259265625 0.4 0 0.23611111093749998 0
3 0.78671875 0.8125 0.26328125 0.07421875
3 0.609375 0.809375 0.20078125 0.16015625
3 0.54921875 0.6140625 0.2203125 0.07421875
3 0.53515625 0.69921875 0.25078125 0.12890625
3 0.6921875 0.65703125 0.07109375 0.23359375
3 0.83828125 0.59453125 0.22734375 0.0703125
3 0.8703125 0.671875 0.259375 0.096875
3 0.72578125 0.44375 0.1453125 0.07890625
3 0.62421875 0.47109375 0.146875 0.08203125
3 0.57265625 0.53359375 0.225 0.10703125
3 0.8546875 0.45703125 0.08515625 0.08671875
3 0.29609375 0.20234375 0.10390625 0.15625
3 0.21171875 0.08984375 0.18828125 0.0359375
3 0.178125 0.159375 0.1625 0.0984375
3 0.38046875 0.12421875 0.08046875 0.15859375
3 0.42578125 0.14765625 0.06875 0.1390625
3 0.38828125 0.06015625 0.153125 0.05625
2 0.475 0.81328125 0.1296875 0.10390625
2 0.478125 0.5578125 0.1078125 0.09296875
2 0.42734375 0.67734375 0.090625 0.11015625
2 0.53984375 0.4734375 0.075 0.078125
2 0.7640625 0.42890625 0.07734375 0.07421875
2 0.90703125 0.4796875 0.0671875 0.05546875
2 0.9546875 0.62421875 0.090625 0.0609375
2 0.87421875 0.7390625 0.1078125 0.10625
2 0.79453125 0.85625 0.1375 0.109375
2 0.22578125 0.2703125 0.075 0.06484375
2 0.18828125 0.2234375 0.0703125 0.0546875
2 0.17578125 0.1640625 0.08984375 0.07265625
2 0.41171875 0.25234375 0.11484375 0.065625