4 0.8309427812499999 1 0.9566345453125 0.7038887578125 0.9399010656250001 0.681697478125 0.90923064375 0.602289965625 0.8872300609374999 0.56880993125 0.8304685515625 0.503474640625 0.8035316796875 0.4839935046875 0.7744240796875 0.46962628124999994 0.722923134375 0.44877131718749996 0.6675468203125 0.43230669062500005 0.60162976875 0.42645612499999996 0.489423453125 0.4301277203125 0.45431864062500005 0.4393679546875 0.4096785953125 0.46870206249999996 0.3770264390625 0.4840128328125 0.3222318859375 0.5301602812499999 0.3080732671875 0.5492975359375001 0.282104384375 0.5986277546875 0.26222394531250004 0.6857484859375 0.228957346875 0.80440503125 0.2319738578125 0.8328444749999999 0.24645675156250002 0.8721864437500001 0.264815009375 0.9071380703124999 0.2908197 0.9382941921875 0.2986682015625 0.9577199109375 0.39827385 1 0.8309427812499999 1
4 0.2716430546875 0 0.259307184375 0.0196176078125 0.27231194531249997 0.088508825 0.26174023125 0.12526285625 0.26514297343750004 0.159901578125 0.2793439359375 0.1880590921875 0.3023011390625 0.21691574375 0.3562237640625 0.269981215625 0.3927936328125 0.29757487656250003 0.41640108906249995 0.3035720890625 0.497611003125 0.301831640625 0.5418827234375 0.306541421875 0.55658075625 0.302721475 0.5737314453125 0.3049720640625 0.607597709375 0.2891707625 0.626275409375 0.2759753 0.6402009828125 0.25975679218750003 0.6593757515625 0.21458387031249998 0.6891645796875 0.1799516828125 0.6928867624999999 0.1664433171875 0.6854000515625 0.14616527968749998 0.6838306921874999 0.1143165609375 0.6757002640625001 0.0837063890625 0.6554043218750001 0.050949931250000004 0.603315078125 0.0006744609375 0.6017261484375 0 0.2716430546875 0
3 0.6421875 0.9 0.271875 0.171875
3 0.4796875 0.82734375 0.246875 0.2265625
3 0.50078125 0.62421875 0.23125 0.1546875
3 0.4546875 0.696875 0.28125 0.2171875
3 0.615625 0.71953125 0.15625 0.2421875
3 0.77421875 0.71953125 0.2375 0.153125
3 0.7734375 0.803125 0.2765625 0.190625
3 0.7296875 0.53671875 0.1640625 0.1296875
3 0.62578125 0.521875 0.1671875 0.1328125
3 0.55390625 0.559375 0.2484375 0.1859375
3 0.84296875 0.59921875 0.1125 0.1125
3 0.42890625 0.14609375 0.15625 0.184375
3 0.39375 0.03125 0.1875 0.0625
3 0.3359375 0.06875 0.1875 0.1375
3 0.53671875 0.10703125 0.1359375 0.178125
3 0.56953125 0.146875 0.1171875 0.1546875
3 0.56875 0.053125 0.1625 0.10625
2 0.3546875 0.77890625 0.159375 0.146875
2 0.45703125 0.54453125 0.1359375 0.128125
2 0.3640625 0.63515625 0.1265625 0.1375
2 0.546875 0.49140625 0.1 0.1015625
2 0.77109375 0.5375 0.1 0.0984375
2 0.8828125 0.640625 0.0828125 0.0765625
2 0.8703125 0.7921875 0.1078125 0.0921875
2 0.75078125 0.86640625 0.140625 0.140625
2 0.63125 0.9328125 0.16875 0.134375
2 0.3375 0.18125 0.09375 0.0890625
2 0.32109375 0.1234375 0.0859375 0.078125
2 0.3328125 0.0640625 0.1109375 0.1015625
2 0.515625 0.2375 0.13125 0.1046875