4 0.5043634531250001 1 0.6013046937500001 0.9983078843750001 0.6647960203125 0.97497403125 0.7166076546875 0.9722175234374999 0.7396553203125 0.9662588218750001 0.767105675 0.947258334375 0.7952878984375 0.91713226875 0.8349882171875 0.8571710109374999 0.8535409203125001 0.8059134890624999 0.8532985265624999 0.792026715625 0.8456013734375001 0.7754918640625 0.844239278125 0.75051183125 0.8729641406249999 0.6453648703125 0.886407815625 0.5136287 0.8969516484375 0.4810323125 0.922813671875 0.424090803125 0.9509036234374999 0.3356241296875 0.9536695046875 0.281863965625 0.9495946921874999 0.26063555312500003 0.924861740625 0.22309852343749997 0.9123417484375 0.1955350515625 0.9048223515625 0.189183834375 0.8823934375 0.1775364609375 0.85544871875 0.17245037968750002 0.8367714234375001 0.1635157234375 0.77533026875 0.14514077812499998 0.6416294109375 0.125248928125 0.5869919421875001 0.1252765609375 0.5547025875 0.1323226421875 0.53732275 0.1446648796875 0.5155240640625001 0.1691231171875 0.49993115625 0.17772989687500002 0.4899414375 0.18901707031249998 0.480226434375 0.2160425890625 0.4484541875 0.2527137875 0.436839134375 0.2769942703125 0.43138138281250005 0.2826459375 0.385463809375 0.304746971875 0.3665071140625 0.332859871875 0.3381956140625 0.3555796578125 0.2820089234375 0.426015421875 0.23647918125 0.4703352953125 0.1885114359375 0.534145128125 0.15160463125 0.5949836937499999 0.1338484359375 0.6388187765625 0.128713878125 0.6629861406249999 0.12617423125 0.72970729375 0.14663377187499999 0.7876923890625 0.156150175 0.8023433515624999 0.164967028125 0.8299714609375 0.180215896875 0.8547091 0.237593715625 0.9055673171875 0.2750452609375 0.9289913390625 0.3170772546875 0.9495572093750001 0.36021278749999996 0.9802905515625 0.4169765390625 0.995968940625 0.43994547656250005 1 0.5043634531250001 1
1 0.5859375 0.815625 0.1390625 0.1546875
1 0.38671875 0.57890625 0.059375 0.0828125
1 0.28828125 0.69765625 0.0875 0.0921875
1 0.6859375 0.50859375 0.0953125 0.1078125
1 0.846875 0.32421875 0.08125 0.0625
1 0.7625 0.4 0.071875 0.0609375
1 0.7421875 0.19140625 0.0671875 0.059375
1 0.853125 0.234375 0.065625 0.05
1 0.68515625 0.34296875 0.065625 0.071875
1 0.59140625 0.36953125 0.0765625 0.059375
1 0.45546875 0.4 0.1046875 0.0734375
1 0.55234375 0.64921875 0.0765625 0.078125
1 0.42265625 0.7265625 0.065625 0.0734375
1 0.50078125 0.51875 0.059375 0.0671875