4 1 0.451388753125 0.9973378500000001 0.4464973078125 0.9778437656250001 0.427213459375 0.9673557828125 0.4093620828125 0.9266938953125001 0.359771103125 0.82697424375 0.2685154421875 0.7816622765625 0.237985465625 0.7509530703125 0.22577095468750003 0.7296428406250001 0.2262844515625 0.6978940359375 0.23437157812499998 0.68015408125 0.23278747968750002 0.6655605203125 0.23655879062500001 0.642393940625 0.2535314 0.5955472796875 0.26616638593749997 0.572340490625 0.2798007640625 0.5646554375 0.281434271875 0.5142293015625 0.2740800796875 0.48279295624999996 0.2867862796875 0.44661691562500005 0.289790246875 0.3606488578125 0.3167649421875 0.2981196328125 0.32804787343749997 0.22267056406250002 0.3541254 0.1580529421875 0.3839248328125 0.11882012187499999 0.41033662499999995 0.10104916093750001 0.4275010703125 0.0616337046875 0.481395259375 0.046170578125 0.5409079125 0.045867318750000004 0.5583756171875 0.0377273796875 0.5862106796875 0.0365361515625 0.6152461687499999 0.05566496562499999 0.6894948125 0.0736151578125 0.7298568453125001 0.0969609703125 0.770410715625 0.11553607968749999 0.8200108953124999 0.15382811875 0.8647507578125 0.1748752984375 0.885043196875 0.3053351640625 0.9697648234375 0.371019984375 0.9859240828125 0.39448835312499997 1 0.53797291875 1 0.5779903234375 0.983431221875 0.6220340546875 0.9513113515624999 0.6295984859375 0.9396631484375 0.632463428125 0.9216509421874999 0.6453028562500001 0.90017988125 0.7279142828125 0.8290718390625 0.8127255265625 0.7273752124999999 0.8396944265625 0.70624761875 0.8929763046874999 0.6735028296875 0.965733865625 0.615868334375 0.9980891875 0.5728458 1 0.568373359375 1 0.451388753125
1 0.39453125 0.81015625 0.196875 0.2015625
1 0.36171875 0.5015625 0.0921875 0.1
1 0.2140625 0.5453125 0.121875 0.1234375
1 0.64921875 0.6109375 0.1359375 0.140625
1 0.8859375 0.5484375 0.1 0.0953125
1 0.7734375 0.5640625 0.090625 0.0875
1 0.8734375 0.3796875 0.0859375 0.084375
1 0.94140625 0.47734375 0.08125 0.0765625
1 0.74140625 0.47265625 0.0921875 0.09375
1 0.64921875 0.44296875 0.0953125 0.0890625
1 0.51875 0.3921875 0.125 0.1171875
1 0.46015625 0.653125 0.1046875 0.10625
1 0.309375 0.64453125 0.0921875 0.0953125
1 0.490625 0.51640625 0.084375 0.0859375