4 0.6751250671875 0.324813515625 0.643189053125 0.3042717546875 0.557001528125 0.26812328124999996 0.4496751234375 0.2566911828125 0.4073741625 0.2581393875 0.3544310734375 0.270397721875 0.2948429453125 0.2941635546875 0.24380337343749997 0.34168379843749996 0.21153192031249998 0.3878723703125 0.18269923906250002 0.47035839218750003 0.174914359375 0.5050815078124999 0.1720531578125 0.5391282765625001 0.174974334375 0.596063 0.19606458437500002 0.7022289421875 0.21641831093750002 0.739942153125 0.27711122499999996 0.8188554187499999 0.36088726250000003 0.8933514078125 0.37639876562499996 0.9018153453125001 0.3832938359375 0.9114628890625 0.41479371093750006 0.9227163015625001 0.44428146249999995 0.9386086328125 0.516360934375 0.9592449937499999 0.580950240625 0.962836946875 0.6543420828125 0.9533785984375 0.68436100625 0.9436460562500001 0.7051548234375 0.9326878593749999 0.7233549984375001 0.91398411875 0.745843025 0.9021699796875 0.7902782890625 0.8511944250000001 0.8128341953125 0.8144422671875 0.829857753125 0.7759571984375 0.8522179281250001 0.6980995859375 0.8566822625 0.640150340625 0.8436501249999999 0.5684008734375 0.7852368937499999 0.44305637343750004 0.732047721875 0.37619990937500003 0.6751250671875 0.324813515625
2 0.3953125 0.70390625 0.1 0.0984375
2 0.59609375 0.85078125 0.103125 0.1015625
2 0.534375 0.765625 0.121875 0.11875
2 0.4875 0.646875 0.10625 0.103125
2 0.446875 0.52109375 0.115625 0.1109375
2 0.4109375 0.3671875 0.0953125 0.09375
2 0.596875 0.45 0.115625 0.1078125
2 0.709375 0.534375 0.0796875 0.075
2 0.76875 0.58984375 0.0921875 0.0921875
2 0.63828125 0.61484375 0.1296875 0.1171875
2 0.74765625 0.71875 0.078125 0.0796875
2 0.68828125 0.73828125 0.09375 0.1
2 0.57890625 0.52265625 0.0953125 0.0953125
2 0.53046875 0.45390625 0.103125 0.0984375
2 0.4421875 0.4203125 0.0875 0.090625