4 0.46548274999999995 0.2547090453125 0.42985779687500003 0.2678519390625 0.34911939375 0.3149296625 0.275398671875 0.3937643328125 0.25109790625 0.42841893124999997 0.22902590156249997 0.4780784140625 0.21214510781249998 0.53997024375 0.2193800796875 0.6093306562499999 0.23684646874999998 0.662900759375 0.28537079374999996 0.7355688890625001 0.30841685 0.7626830640625 0.33388589375 0.785457978125 0.3811139953125 0.8173891937500001 0.478594315625 0.86443803125 0.520962603125 0.8708792000000001 0.6205114468749999 0.869898871875 0.7304242671875001 0.8478251578125 0.7465189234375 0.840530846875 0.7583733515625 0.840830234375 0.7863178234375 0.8224457890625001 0.8167561765625001 0.8084600671875 0.876615615625 0.7633141125 0.9183550921875 0.7138924906249999 0.9549696328125 0.6495869828124999 0.9652627171875 0.619755615625 0.9690251453125001 0.596554128125 0.9650408109375 0.5707626296874999 0.969139253125 0.545692965625 0.9551701734375 0.47952753125 0.9393930781250001 0.43939558281249996 0.9189025703125001 0.4026390734375 0.8701794046875 0.3379255625 0.8265857828125001 0.299485459375 0.7614411750000001 0.26671347968750003 0.6261826453125 0.23793015781250001 0.5407786578125 0.2401736953125 0.46548274999999995 0.2547090453125
2 0.6 0.70625 0.0921875 0.090625
2 0.8375 0.634375 0.096875 0.0921875
2 0.7328125 0.63203125 0.1125 0.1078125
2 0.61015625 0.5984375 0.1015625 0.090625
2 0.48515625 0.5546875 0.1078125 0.0984375
2 0.33984375 0.49140625 0.0875 0.0859375
2 0.51875 0.39296875 0.1125 0.0921875
2 0.65390625 0.35390625 0.075 0.065625
2 0.73359375 0.3390625 0.084375 0.084375
2 0.675 0.45859375 0.128125 0.1
2 0.8234375 0.434375 0.0703125 0.0734375
2 0.803125 0.49296875 0.08125 0.096875
2 0.565625 0.45078125 0.0890625 0.0859375
2 0.48125 0.44765625 0.096875 0.0875
2 0.4015625 0.4984375 0.078125 0.084375