4 0.1768518515625 0.3645401828125 0.12592592656249998 0.41673570781249997 0.097222221875 0.46727423437500004 0.072222221875 0.5443247718750001 0.0648148140625 0.5857497921875 0.0629629625 0.6288318140625 0.071296296875 0.6959403484375 0.08333333281250001 0.7183098593749999 0.08796296249999999 0.743993371875 0.0990740734375 0.7647058828125 0.11851851875 0.7895608953125001 0.1740740734375 0.83844241875 0.2296296296875 0.8715824359375001 0.3009259265625 0.894780446875 0.334259259375 0.8980944484375 0.36666666718749996 0.906379453125 0.377777778125 0.9022369515625 0.3953703703125 0.9038939515625 0.50648148125 0.88898094375 0.6009259265625 0.857497928125 0.6388888890625 0.83761391875 0.715740740625 0.76139188125 0.75 0.7158243578125 0.7666666671875 0.68599834375 0.7796296296875 0.6528583265625 0.8018518515625 0.568351284375 0.8009259265625 0.51201325625 0.7851851859375001 0.44407622187499995 0.7490740734375 0.3910521953125 0.7120370375 0.35128417500000003 0.6777777781250001 0.3264291625 0.5824074078125 0.2758906375 0.490740740625 0.257663628125 0.45277777812500003 0.256835128125 0.3768518515625 0.267605634375 0.2953703703125 0.29328914687499996 0.1768518515625 0.3645401828125
2 0.47265625 0.72734375 0.07265625 0.0703125
2 0.22421875 0.73671875 0.07734375 0.07109375
2 0.32265625 0.70078125 0.090625 0.0828125
2 0.428125 0.62890625 0.08359375 0.0671875
2 0.53203125 0.546875 0.0890625 0.07421875
2 0.6484375 0.43984375 0.0703125 0.06640625
2 0.44765625 0.4046875 0.096875 0.0640625
2 0.30703125 0.41171875 0.06328125 0.0484375
2 0.2265625 0.42421875 0.0671875 0.065625
2 0.32109375 0.51796875 0.1125 0.06640625
2 0.17265625 0.54296875 0.053125 0.06015625
2 0.2109375 0.5921875 0.05703125 0.08203125
2 0.421875 0.475 0.0703125 0.0671875
2 0.50078125 0.44453125 0.0796875 0.065625
2 0.5921875 0.46640625 0.059375 0.06953125