4 0.5925925921874999 1 0.6564814812499999 0.977777778125 0.7083333328125 0.9759259265625 0.73148148125 0.9703703703125001 0.759259259375 0.9518518515625001 0.7879629625 0.922222221875 0.828703703125 0.8629629624999999 0.8481481484375 0.8120370375 0.8481481484375 0.7981481484375 0.840740740625 0.7814814812499999 0.8398148140625 0.75648148125 0.8703703703125001 0.6518518515625 0.8861111109375001 0.5203703703125 0.897222221875 0.4879629625 0.9240740734375 0.43148148124999997 0.953703703125 0.34351851875 0.9574074078124999 0.2898148140625 0.953703703125 0.26851851875 0.9296296296875 0.23055555625 0.9175925921875001 0.20277777812500003 0.9101851859375 0.196296296875 0.8879629625 0.184259259375 0.8611111109375 0.178703703125 0.8425925921875 0.16944444375 0.7814814812499999 0.15 0.6481481484375 0.127777778125 0.5935185187500001 0.1268518515625 0.5611111109375 0.13333333281249998 0.54351851875 0.1453703703125 0.521296296875 0.16944444375 0.50555555625 0.177777778125 0.4953703703125 0.1888888890625 0.48518518593750004 0.21574074062499998 0.45277777812500003 0.2518518515625 0.440740740625 0.2759259265625 0.43518518593750005 0.28148148125 0.3888888890625 0.302777778125 0.36944444375 0.33055555625 0.340740740625 0.352777778125 0.2833333328125 0.42222222187499997 0.2370370375 0.465740740625 0.1879629625 0.5287037031249999 0.15 0.5888888890625 0.13148148125 0.6324074078125 0.12592592656249998 0.6564814812499999 0.12222222187500001 0.7231481484375 0.1416666671875 0.7814814812499999 0.15092592656249998 0.796296296875 0.15925925937500002 0.8240740734375 0.1740740734375 0.8490740734375001 0.23055555625 0.9009259265624999 0.2675925921875 0.925 0.309259259375 0.946296296875 0.3518518515625 0.977777778125 0.40833333281249995 0.99444444375 0.4370370375 1 0.5925925921874999 1
1 0.58046875 0.8171875 0.1359375 0.1515625
1 0.38515625 0.5765625 0.0578125 0.08125
1 0.28515625 0.69375 0.08515625 0.09140625
1 0.6859375 0.51171875 0.09375 0.10625
1 0.85 0.33046875 0.08046875 0.0609375
1 0.7640625 0.4046875 0.0703125 0.059375
1 0.74765625 0.1953125 0.065625 0.0578125
1 0.8578125 0.240625 0.06484375 0.04921875
1 0.6875 0.34609375 0.0640625 0.07109375
1 0.59375 0.37109375 0.07578125 0.0578125
1 0.45703125 0.39921875 0.103125 0.071875
1 0.55 0.65 0.075 0.07734375
1 0.41875 0.725 0.0640625 0.071875
1 0.50078125 0.51875 0.0578125 0.065625