4 0.43240740781250003 0.070723684375 0.3879629625 0.0625 0.36759259218749996 0.09375 0.3361111109375 0.10855263125 0.2759259265625 0.1513157890625 0.20277777812500003 0.2796052625 0.1611111109375 0.3930921046875 0.1574074078125 0.47203947343749997 0.1611111109375 0.555921053125 0.1740740734375 0.6200657890625 0.19351851874999998 0.6858552625 0.2 0.7319078953125 0.21296296250000002 0.78125 0.2379629625 0.8404605265624999 0.2888888890625 0.9111842109375001 0.31759259218749997 0.9391447375 0.38333333281250004 0.976973684375 0.46481481406249997 1 0.5675925921875 0.9884868421874999 0.63148148125 0.9638157890624999 0.6990740734374999 0.9111842109375001 0.771296296875 0.82730263125 0.8027777781250001 0.7631578953125 0.825 0.6924342109375 0.8351851859374999 0.6266447375 0.8361111109375001 0.51644736875 0.8203703703125 0.42105263125 0.796296296875 0.3404605265625 0.784259259375 0.3174342109375 0.7861111109375 0.3026315796875 0.7768518515625 0.258223684375 0.722222221875 0.1743421046875 0.6879629625 0.133223684375 0.6120370375 0.0756578953125 0.5509259265625001 0.046052631249999997 0.4796296296875 0.0526315796875 0.44259259218749997 0.0625 0.43240740781250003 0.070723684375
2 0.41875 0.73515625 0.0796875 0.125
2 0.41328125 0.09453125 0.0578125 0.078125
2 0.29921875 0.2203125 0.05234375 0.0765625
2 0.6671875 0.67421875 0.06171875 0.134375
2 0.64921875 0.54453125 0.05625 0.0890625
2 0.3015625 0.6140625 0.05859375 0.1015625
2 0.26328125 0.4671875 0.03828125 0.08046875
2 0.40625 0.5953125 0.04921875 0.09453125
3 0.53359375 0.39453125 0.028125 0.06015625
3 0.34921875 0.49921875 0.028125 0.06953125
3 0.51328125 0.23984375 0.03125 0.0578125
3 0.60234375 0.24453125 0.05703125 0.06796875
3 0.70859375 0.28203125 0.02890625 0.0515625
3 0.68125 0.1734375 0.0296875 0.0515625
3 0.56875 0.15390625 0.03359375 0.0421875
3 0.58203125 0.671875 0.0515625 0.09765625
3 0.5734375 0.765625 0.04609375 0.06875
3 0.71171875 0.6265625 0.021875 0.04921875
3 0.44765625 0.55859375 0.0640625 0.065625
3 0.25703125 0.5828125 0.0375 0.0609375
3 0.25 0.284375 0.01875 0.05390625
3 0.42890625 0.17421875 0.0296875 0.0421875
3 0.34765625 0.16328125 0.0625 0.0609375
3 0.484375 0.09140625 0.03046875 0.0359375