4 0.3941314 0.0556425953125 0.3370837765625 0.0924747578125 0.26873929687500003 0.1588645015625 0.23974647500000001 0.2038515859375 0.1957466390625 0.2937656015625 0.1919683578125 0.3389709078125 0.19561039375 0.3534375171875 0.1864692796875 0.3777591453125 0.1723963578125 0.4606844203125 0.168398640625 0.5572864125 0.1827473453125 0.6665495453125 0.20087433125 0.7306073718749999 0.23154996093750002 0.7980956859375 0.27061406093749996 0.8579256687499999 0.35252054374999997 0.9323803328125001 0.4260234875 0.9763821390625 0.492442803125 0.9930832 0.5958575921875 0.9919850796875 0.673925521875 0.9592003046875 0.7345660515625 0.9136415484375 0.7596482703125 0.8823913343750001 0.8015755546875001 0.8059885031249999 0.8191732593750001 0.7441725906250001 0.8260263078125 0.6936184859375001 0.8268470734375001 0.647119228125 0.8381288625 0.5794504578125 0.843177925 0.514204059375 0.836631428125 0.430496353125 0.8233340671875 0.3525888140625 0.7681474109375 0.245025775 0.67990994375 0.12660706875 0.6149618515624999 0.0914973890625 0.5819110421875 0.080641721875 0.5578840921875 0.052107178125 0.51477314375 0.06568597968749999 0.5036616640625 0.05876485625 0.4656980375 0.053483671875000006 0.3941314 0.0556425953125
2 0.609375 0.7234375 0.09375 0.134375
2 0.53671875 0.08671875 0.0671875 0.084375
2 0.66484375 0.19765625 0.0609375 0.0828125
2 0.35546875 0.69296875 0.078125 0.140625
2 0.35703125 0.5625 0.0671875 0.0953125
2 0.7109375 0.5890625 0.0703125 0.1078125
2 0.73125 0.43828125 0.0484375 0.084375
2 0.6046875 0.5828125 0.0609375 0.1
3 0.45390625 0.39921875 0.0359375 0.0625
3 0.64921875 0.48046875 0.0359375 0.071875
3 0.45546875 0.24375 0.0375 0.0609375
3 0.3671875 0.25859375 0.065625 0.075
3 0.26640625 0.309375 0.034375 0.0546875
3 0.28046875 0.19765625 0.0359375 0.0546875
3 0.38984375 0.16484375 0.0390625 0.0453125
3 0.43984375 0.68046875 0.0625 0.103125
3 0.459375 0.77265625 0.0546875 0.0734375
3 0.30546875 0.6515625 0.028125 0.0515625
3 0.559375 0.5515625 0.071875 0.0734375
3 0.7515625 0.55234375 0.0453125 0.065625
3 0.721875 0.25546875 0.025 0.05625
3 0.53125 0.16796875 0.034375 0.0453125
3 0.61015625 0.146875 0.06875 0.06875
3 0.465625 0.0921875 0.034375 0.0390625