4 0.6074044265625 0.0560113140625 0.5398531703125 0.06292993125 0.44881747968749997 0.0910558828125 0.402560978125 0.117977203125 0.322536728125 0.1781156703125 0.298647475 0.21667858906249998 0.2953248484375 0.23122188281249997 0.2761382703125 0.24874263281250003 0.22595191718750002 0.3162406203125 0.1785335375 0.4004987 0.141713903125 0.504367040625 0.128783521875 0.5696724609375 0.1254766546875 0.6437314328125 0.1331207796875 0.7147750687500001 0.1722982796875 0.818299425 0.21781347968749998 0.890874959375 0.26941139999999997 0.935909453125 0.36205318750000004 0.981880353125 0.4464961984375 0.9881110015625 0.5212105484375 0.9750480765624999 0.5577462703125 0.958591021875 0.6297899124999999 0.9095501890625 0.6735334203125001 0.8624609984375 0.7025906140625 0.82052818125 0.7244321421875 0.779469659375 0.7652052703125001 0.7242981687500001 0.7993252609375 0.6684554281249999 0.8314947937499999 0.5908992671875 0.8550160421875 0.515446265625 0.85467696875 0.394552678125 0.8298177765625001 0.2489818671875 0.787888065625 0.188213096875 0.763367946875 0.1635358734375 0.754914190625 0.1272034015625 0.7103374078125 0.11973024218749999 0.7035791296875 0.10851896875 0.6721508984375 0.08657827343749999 0.6074044265625 0.0560113140625
2 0.49609375 0.7484375 0.1171875 0.1453125
2 0.7203125 0.1484375 0.08125 0.09375
2 0.784375 0.30546875 0.075 0.090625
2 0.28359375 0.60625 0.1046875 0.146875
2 0.34453125 0.490625 0.0828125 0.103125
2 0.64765625 0.675 0.0890625 0.115625
2 0.73359375 0.55 0.0640625 0.0890625
2 0.55546875 0.621875 0.078125 0.10625
3 0.5046875 0.3890625 0.046875 0.065625
3 0.6421875 0.55078125 0.05 0.075
3 0.5765625 0.25078125 0.0484375 0.065625
3 0.49140625 0.225 0.0765625 0.0828125
3 0.37890625 0.22421875 0.0453125 0.0578125
3 0.44140625 0.13125 0.0453125 0.059375
3 0.55390625 0.1515625 0.0453125 0.0515625
3 0.3640625 0.63359375 0.08125 0.109375
3 0.33984375 0.72421875 0.0671875 0.0796875
3 0.2578125 0.546875 0.0375 0.053125
3 0.52890625 0.57265625 0.0828125 0.0828125
3 0.7 0.6609375 0.05625 0.0703125
3 0.80859375 0.3828125 0.0359375 0.0578125
3 0.678125 0.21796875 0.0421875 0.05
3 0.75859375 0.2359375 0.0796875 0.078125
3 0.6546875 0.12109375 0.040625 0.04375