4 1 0.4758660640625 0.9751027562499999 0.4350307625 0.9418524500000001 0.39975950781249997 0.8649585078124999 0.3369259375 0.749847434375 0.27730528906249996 0.630912146875 0.2359878890625 0.5442222546875 0.22424262343749998 0.44110401718750003 0.2259714796875 0.27073339375 0.25953820312500003 0.1994585921875 0.2885595453125 0.1708941484375 0.3065241125 0.12013339062499999 0.351907734375 0.021557753125000002 0.4727123609375 0.002846978125 0.5065683937500001 0 0.521416090625 0 0.5437443281250001 0.0349296328125 0.741840125 0.065027515625 0.785894071875 0.1166443515625 0.852009415625 0.2025880359375 0.9261751609375001 0.258031871875 0.9540073078125 0.305697925 0.9843861531250001 0.3562493515625 0.9978025562499999 0.3784132140625 1 0.5437443296875 1 0.86380126875 0.9435653265624999 0.914694159375 0.912261553125 0.937358503125 0.8941620703125001 1 0.8138929203125 1 0.4758660640625
3 0.70390625 0.59296875 0.06875 0.1671875
3 0.77265625 0.45546875 0.1609375 0.115625
3 0.37109375 0.57265625 0.1109375 0.1421875
3 0.51953125 0.621875 0.1515625 0.065625
3 0.26953125 0.49765625 0.0625 0.15625
3 0.42421875 0.334375 0.1296875 0.159375
3 0.54140625 0.43515625 0.16875 0.0734375
2 0.6828125 0.75703125 0.2328125 0.2015625
2 0.22890625 0.73046875 0.1296875 0.096875
2 0.45390625 0.7640625 0.21875 0.171875
2 0.10234375 0.5828125 0.1390625 0.1375