4 1 0.44444444375 0.990740740625 0.4201388890625 0.9664351859375 0.390046296875 0.8483796296874999 0.28819444375000003 0.790509259375 0.2523148140625 0.759259259375 0.23958333281250002 0.684027778125 0.2233796296875 0.5104166671875 0.2199074078125 0.40856481406249995 0.23611111093749998 0.32523148125 0.26273148125 0.215277778125 0.3240740734375 0.11226851874999999 0.40277777812500004 0.047453703125 0.478009259375 0.0208333328125 0.51851851875 0 0.571759259375 0 0.8263888890625 0.055555556250000006 0.890046296875 0.13773148125 0.9641203703125001 0.16319444375 0.978009259375 0.21875 1 0.6041666671875 1 0.728009259375 0.965277778125 0.7754629625 0.9432870375 0.8171296296874999 0.9050925921875 0.8668981484374999 0.8680555562500001 0.9386574078125 0.7800925921874999 0.978009259375 0.70601851875 1 0.6574074078125001 1 0.44444444375
3 0.315625 0.6265625 0.04140625 0.16171875
3 0.2234375 0.50390625 0.146875 0.09140625
3 0.63984375 0.54921875 0.08984375 0.128125
3 0.5015625 0.6234375 0.146875 0.04140625
3 0.7265625 0.4578125 0.03671875 0.1515625
3 0.54609375 0.3234375 0.10703125 0.14375
3 0.44765625 0.44375 0.16328125 0.04609375
2 0.36484375 0.78515625 0.20703125 0.16796875
2 0.80703125 0.6796875 0.11796875 0.078125
2 0.59140625 0.75234375 0.196875 0.1390625
2 0.90625 0.5125 0.1203125 0.11875