4 1 0.3615462171875 0.9869635734375001 0.3161441875 0.9690142734375 0.26590022812499997 0.82107776875 0.11270749218750001 0.7975331578125 0.10165556093749999 0.7591451328125001 0.09689281875 0.60347083125 0.10563500781249999 0.536918284375 0.12002549843749999 0.5055948859375 0.13257531250000001 0.44022185 0.17317952187500002 0.312924459375 0.291282225 0.25091440625 0.3736904359375 0.2094614859375 0.45072772499999997 0.17297955625 0.571234153125 0.1535530828125 0.6994051046875 0.15918938437500002 0.7985462578125 0.1681803890625 0.8461782437500001 0.1901782703125 0.8989484765625001 0.2877625921875 1 0.7020131125 1 0.9222604140625 0.787309653125 0.9872252375 0.6763042828125 1 0.6432600671875 1 0.3615462171875
3 0.45546875 0.71875 0.1421875 0.1453125
3 0.30390625 0.6953125 0.16875 0.1671875
3 0.63515625 0.43828125 0.153125 0.1546875
3 0.58671875 0.5875 0.134375 0.13125
3 0.63359375 0.3125 0.13125 0.134375
3 0.41015625 0.340625 0.1765625 0.178125
3 0.4234375 0.49609375 0.15 0.146875
2 0.60078125 0.79921875 0.265625 0.2640625
2 0.8453125 0.415625 0.1390625 0.1375
2 0.74140625 0.61796875 0.2375 0.2375
2 0.80078125 0.2265625 0.16875 0.16875