4 0.9828443874999999 1 0.9966255500000001 0.6053591265625 0.98405825625 0.5938023828125 0.9482599734375 0.5842138671875 0.933389553125 0.5855475609374999 0.9150644484375 0.6062169125 0.9089306171875 0.6226795390625 0.88346113125 0.6356874796875001 0.8329540015625 0.6228058484375001 0.806150821875 0.6209433703125 0.7791537546875 0.6246330625 0.7613133640624999 0.6314219859375 0.72717191875 0.62745026875 0.7020902046875 0.6293538671875 0.6809361390625 0.624909190625 0.6438247203125 0.6263927015624999 0.6235960171875 0.6219803374999999 0.6012257609375 0.625831603125 0.58049178125 0.6093572218750001 0.5544200765625 0.6130792296875 0.538882809375 0.6069777140625 0.51727634375 0.6154881015625 0.4748389546875 0.6103001953125 0.4286883640625 0.6318508390625001 0.41385025937500003 0.632259171875 0.40865354531250003 0.6218863046875 0.397710775 0.6168717234375001 0.398894653125 0.6095011421875001 0.4036507203125 0.6059612671875 0.40291924375 0.6003767796874999 0.3890711296875 0.5989667046875 0.37867770312500004 0.5782209703125 0.36323737968750003 0.56934336875 0.3553938390625 0.5551721125 0.36063462031250004 0.5377518078125 0.36737066875 0.5305751140625 0.379594259375 0.5254430296875 0.39252876406250004 0.49995298281249995 0.406700021875 0.492109440625 0.40871231718749995 0.48754726093749995 0.381113034375 0.4819510203125 0.36560808125 0.47492414375 0.34161330156249997 0.472233246875 0.328852121875 0.466228675 0.31646695937499997 0.47598756875000003 0.3101069296875 0.49892773124999995 0.295257071875 0.5262038703125 0.2948692984375 0.5373082124999999 0.28238719375 0.54984319375 0.28381782968749997 0.561937525 0.272002571875 0.5819077140625 0.26539578124999996 0.5853829625 0.22286145 0.582971140625 0.2242274578125 0.596916196875 0.233060990625 0.6092690453125 0.22973556093749997 0.6249032546875 0.186049665625 0.62893665 0.17810918281250002 0.6175414781249999 0.1617758109375 0.6077062015625 0.14227858437500002 0.6088783249999999 0.121565165625 0.6183463890625001 0.10536985624999999 0.6576199218750001 0.0941656234375 0.7396862984375 0.08493256406250001 0.7653056015625 0.06253585 0.9025705484375001 0.043928721875 0.9843784125000001 0.4912724546875 1 0.9828443874999999 1
4 0.0848084015625 0 0.084788721875 0.000019574999999999998 0.048817112499999996 0.0219256765625 0.021129690625 0.0719157796875 0.0201925734375 0.0987512734375 0.0254539171875 0.107273415625 0.078220103125 0.13505778125 0.097834834375 0.1570520203125 0.11152137656250001 0.16308890625 0.1176434515625 0.1734940875 0.134170709375 0.17777719375 0.1449519078125 0.187418584375 0.20870493437499998 0.19242436093749998 0.2104264 0.19619043593750002 0.19252138125 0.20483008281249998 0.188238275 0.22135733906250002 0.176616903125 0.23577535625 0.1860526546875 0.2574141375 0.20082612968750002 0.25885652812500004 0.2085844828125 0.24893606250000003 0.2151589578125 0.246386178125 0.2493973484375 0.2475818078125 0.2628371296875 0.23415378125 0.270950940625 0.21405433437500002 0.29057742656249996 0.209180765625 0.2983034640625 0.20018566093749998 0.310494740625 0.1959789390625 0.3387285578125 0.2099357484375 0.3439899 0.2184578921875 0.35493267031250003 0.22347247343749999 0.36261464062500004 0.242270540625 0.3745150875 0.24639207500000002 0.4014152109375 0.24547846562500003 0.41854468593750005 0.25904750625 0.435932675 0.26521365 0.488904503125 0.260578034375 0.528630434375 0.263818275 0.5330633578125 0.26953201875 0.5198497765625001 0.2764825125 0.507367671875 0.2890174921875 0.5142535374999999 0.304081796875 0.522420221875 0.308999434375 0.5529248499999999 0.3109911703125 0.5592731265625 0.31491881875 0.5648252968749999 0.3151127046875 0.5753274203125 0.30621454375 0.5866050890625 0.27510769687500003 0.5923188328125 0.270674775 0.604413165625 0.2692441375 0.60186328125 0.2626696609375 0.59181355625 0.25861275625 0.5857237953125 0.2472822125 0.588984596875 0.233498728125 0.59370835 0.23088421406249998 0.6186931203125 0.2317567015625 0.625772871875 0.2412688359375 0.7064086125 0.24037873593749998 0.7552265921875 0.248568928125 0.7615748671875 0.25249657812500004 0.7603263609375001 0.2617178828125 0.763898553125 0.2655485859375 0.779403503125 0.2725754625 0.7881195328125 0.26176195 0.7893680390625 0.2525406453125 0.80212921875 0.25854521875 0.838379903125 0.25517866875 0.916841775 0.26347755781250004 0.9428488515625 0.2616062765625 0.95229635625 0.25637724687499996 0.9495643390625 0.2284871328125 0.9572815718750001 0.166681775 0.947331740625 0.08017071875000001 0.9377344171875001 0.063158746875 0.900570125 0.039625175 0.8931466703125001 0.0134242125 0.508727515625 0 0.0848084015625 0
4 1 0.2497370140625 0.9096004531249999 0.258592234375 0.8256187234375 0.24917409531249998 0.8153104843750001 0.25252008593749997 0.7999230374999999 0.26865956875 0.7936276343750001 0.2897490078125 0.7888715687500001 0.2932888828125 0.7805433109375 0.292998053125 0.7738190171875 0.2733069390625 0.7657169609375 0.266538578125 0.7464459328124999 0.2612331671875 0.7268840765625 0.2642560125 0.7126158765625 0.2748756390625 0.6874900953124999 0.304572409375 0.6578873203125 0.35634860625 0.6438658796875 0.386433146875 0.6353319828124999 0.41856229687499996 0.6373648390625 0.4399425640625 0.6579372453125 0.46104375624999994 0.6716561015625 0.46615527968750003 0.8033483171875 0.46241565937500007 0.9409364078125 0.47555875625 0.972786484375 0.4655531 1 0.4621334 1 0.2497370140625
2 0.90546875 0.828125 0.1609375 0.1796875
2 0.8390625 0.68359375 0.171875 0.1171875
2 0.875 0.41171875 0.1140625 0.103125
2 0.95625 0.3578125 0.0875 0.090625
2 0.7296875 0.4046875 0.1296875 0.103125
2 0.90625 0.28984375 0.0890625 0.05
2 0.97890625 0.29453125 0.0421875 0.0578125
2 0.74921875 0.31953125 0.13125 0.0859375