4 0.5218304734375 1 0.9807966562500001 0.9598456625 0.957933534375 0.879123734375 0.9283836234375 0.743219059375 0.91782240625 0.7181180859375 0.9023385046874999 0.6367505625 0.884109975 0.5983784515624999 0.8629294218749999 0.59000741875 0.843397571875 0.5898573078125 0.8276013234375 0.6005339281250001 0.8202680984375 0.61232905625 0.7764309828125 0.61058753125 0.772291878125 0.5951487875 0.78046680625 0.5823505578125 0.7811011156250001 0.5683531203125 0.7387513 0.5729877125 0.731971684375 0.569863 0.719127459375 0.5505385421875 0.7199231671875 0.5383859109375 0.7068021375 0.526521371875 0.7058337406249999 0.5154525421875 0.689576709375 0.48899096406250003 0.6820248015625 0.4664151 0.669145871875 0.45731776875 0.6567164359375 0.46398198125 0.6328953703125 0.4679249796875 0.6177794249999999 0.47575369375000004 0.59051085 0.48278669843750005 0.592759153125 0.4872373109375 0.6073214890624999 0.4943284375 0.6215723140625 0.5191066109375 0.6340477453125 0.5235919296875 0.6411501609375 0.53040625 0.64729546875 0.5475284 0.64020434375 0.562090734375 0.6252497984375001 0.571764253125 0.6159563640625 0.5930255046874999 0.6022010265625 0.595158403125 0.601762821875 0.60077351875 0.6066976328125 0.6040596296875 0.608265634375 0.6113581499999999 0.597600303125 0.6169385593750001 0.592953584375 0.6275691859375 0.5781144453125 0.6279379796875 0.5308992296875 0.6088322046875 0.4887915125 0.616234003125 0.4667692578125 0.608866075 0.45157261406250004 0.615772384375 0.42534184531249997 0.613419965625 0.4054984828125 0.6309569015625 0.382957325 0.628281684375 0.36298726875 0.6337466890625 0.32584906875 0.634207471875 0.30495661093750004 0.6397531765625 0.27980964531249997 0.6391648625 0.2459228515625 0.6449179609375 0.22775160625000002 0.6390720359375 0.20059843437499997 0.63680031875 0.1739294609375 0.6400630125 0.124165721875 0.6555703296875001 0.0980503578125 0.6439131859375 0.09106334687499999 0.627794140625 0.0716816046875 0.6081121781250001 0.056761765625 0.60755856875 0.021514365625 0.6190074812499999 0.009569128125 0.6312061078125 0.0418344125 1 0.5218304734375 1
4 0.4781695359375 0 0.08192671406249999 0.0346667546875 0.075884684375 0.0612203234375 0.040002978125 0.086666671875 0.031309145312499995 0.10415761406249999 0.0259005875 0.19107084375 0.036841887499999997 0.2523876125 0.0355732703125 0.28038248593750004 0.04528149375 0.28510990468749997 0.07135086406249999 0.2856175171875 0.1492708765625 0.2732236234375 0.18564807187500001 0.2746883453125 0.1980775078125 0.26802413281250004 0.199806909375 0.27716745781249996 0.209076928125 0.287509990625 0.224192871875 0.27968127656249997 0.227559684375 0.27566886875 0.22583028437500002 0.26652554375 0.2319643015625 0.262271034375 0.2802867375 0.2515371296875 0.36085855312500004 0.24820586093750002 0.367430775 0.2383362375 0.3923356421875 0.23615734375000003 0.3971897546875 0.238521053125 0.401167459375 0.252114990625 0.3956790390625 0.2637487203125 0.385855409375 0.2683260265625 0.38365309999999997 0.27502494375 0.39580573281250003 0.2758206515625 0.40174364687499997 0.27994846406249996 0.41463386562500004 0.3104224515625 0.42558729062499995 0.3187587796875 0.4311217046875 0.31827458124999997 0.43725572343749997 0.3140200734375 0.46761430624999994 0.310434578125 0.47551242968749996 0.3050962671875 0.4816004546875 0.28969223125 0.46847942500000006 0.27782769375 0.4549201921875 0.27157826875 0.45904800625000003 0.2656403546875 0.49854991249999997 0.2603254609375 0.5516917546875 0.262182390625 0.5687332031250001 0.25511468125 0.5851290546875 0.24066774999999999 0.6120401265625001 0.2401722625 0.6237085609374999 0.2354335546875 0.6303961874999999 0.2162592078125 0.6410615187500001 0.210678796875 0.6458696359375 0.2018929765625 0.673334315625 0.18647765 0.6857290484375 0.190040565625 0.6939152640625 0.1986189921875 0.713769915625 0.2024587109375 0.72292453125 0.22210596875 0.7370486625 0.23481220937499997 0.7711775546874999 0.23182631874999998 0.777876471875 0.234028628125 0.7861433890625 0.24352945625000003 0.8008211281250001 0.241315859375 0.8091114625 0.219212903125 0.7967514359375001 0.2054228609375 0.7916092296875 0.1891424140625 0.773276584375 0.181451684375 0.774798590625 0.1776006765625 0.8382022640625 0.169265184375 0.8484640953125 0.1590727625 0.8647445421875 0.1539305578125 0.8703136625000001 0.14321923125 0.8836655015625 0.1364743203125 0.9021022625 0.1134836671875 0.9533420125 0.0829758109375 0.95815013125 0.07418999062500001 0.9558098375 0.0474403171875 0.926188590625 0 0.4781695359375 0
4 0 0.48844762968750005 0.026058640625 0.490344040625 0.058388724999999995 0.4986690796875 0.1951003984375 0.4783431921875 0.32680785 0.47518545 0.3402403890625 0.46936294062500006 0.3596802515625 0.447213990625 0.3605913640625 0.425756634375 0.3503876546875 0.39411814375 0.3348109265625 0.364808659375 0.30253896406249997 0.314652709375 0.2758934078125 0.2863116203125 0.26108897343750004 0.2764532859375 0.24139572187499997 0.274458371875 0.2224287671875 0.2807650796875 0.21469204375 0.2879481953125 0.20900751875 0.3079642453125 0.200705896875 0.3086905421875 0.195771084375 0.30540443125 0.188380575 0.28467337187499997 0.17216953906250002 0.269361325 0.1617003125 0.2665594109375 0.0783265828125 0.28035990625 0 0.2768104546875 0 0.48844762968750005
2 0.1125 0.84921875 0.16875 0.1875
2 0.17109375 0.7015625 0.1765625 0.125
2 0.1203125 0.43125 0.11875 0.109375
2 0.04140625 0.38203125 0.0828125 0.0953125
2 0.265625 0.4171875 0.134375 0.109375
2 0.08359375 0.31171875 0.090625 0.0546875
2 0.01640625 0.3203125 0.0328125 0.059375
2 0.24140625 0.3328125 0.1359375 0.0921875