4 1 0.5879629625 0.9870370375 0.5768518515625 0.9509259265625 0.56851851875 0.9361111109375001 0.5703703703125 0.91851851875 0.5916666671875 0.9129629625 0.6083333328125 0.8879629625 0.622222221875 0.8370370375 0.6111111109375 0.8101851859375 0.6101851859375 0.7833333328125 0.6148148140624999 0.765740740625 0.622222221875 0.73148148125 0.61944444375 0.70648148125 0.622222221875 0.6851851859375 0.61851851875 0.6481481484375 0.621296296875 0.627777778125 0.6175925921875 0.60555555625 0.622222221875 0.584259259375 0.60648148125 0.5583333328125 0.6111111109375 0.5425925921875 0.60555555625 0.521296296875 0.6148148140624999 0.478703703125 0.6111111109375 0.43333333281249997 0.634259259375 0.41851851875 0.6351851859375001 0.4129629625 0.625 0.4018518515625 0.6203703703125 0.40277777812500004 0.6129629624999999 0.4074074078125 0.609259259375 0.40648148125 0.603703703125 0.3925925921875 0.602777778125 0.38148148125 0.5824074078125 0.365740740625 0.5740740734374999 0.3574074078125 0.5601851859375 0.3620370375 0.5425925921875 0.36851851875 0.5351851859375001 0.38055555625 0.5296296296875 0.3925925921875 0.503703703125 0.40648148125 0.4953703703125 0.40833333281249995 0.490740740625 0.38055555625 0.4861111109375 0.3648148140625 0.4796296296875 0.340740740625 0.477777778125 0.32777777812500003 0.47222222187499996 0.315740740625 0.4824074078125 0.3101851859375 0.50555555625 0.296296296875 0.5333333328125 0.296296296875 0.54444444375 0.284259259375 0.5574074078125 0.28611111093749997 0.5694444437499999 0.275 0.5898148140624999 0.26851851875 0.5935185187500001 0.2259259265625 0.5925925921874999 0.22777777812500002 0.60648148125 0.2370370375 0.61851851875 0.234259259375 0.634259259375 0.190740740625 0.6398148140625 0.1824074078125 0.628703703125 0.165740740625 0.61944444375 0.146296296875 0.621296296875 0.12592592656249998 0.63148148125 0.1111111109375 0.671296296875 0.102777778125 0.753703703125 0.09444444375 0.7796296296875 0.07685185156249999 0.9175925921875001 0.061111110937500004 1 1 1 1 0.5879629625
4 0.08148148125 0 0.0675925921875 0.0148148140625 0.0324074078125 0.0379629625 0.00648148125 0.0888888890625 0.00648148125 0.11574074062499999 0.0120370375 0.12407407343750002 0.065740740625 0.15 0.0861111109375 0.171296296875 0.1 0.1768518515625 0.10648148125000001 0.1870370375 0.1231481484375 0.190740740625 0.134259259375 0.2 0.1981481484375 0.20277777812500003 0.2 0.20648148125 0.1824074078125 0.21574074062499998 0.178703703125 0.23240740781250002 0.1675925921875 0.24722222187499998 0.177777778125 0.26851851875 0.1925925921875 0.26944444375 0.2 0.259259259375 0.20648148125 0.25648148125 0.240740740625 0.25648148125 0.253703703125 0.24259259218749998 0.2611111109375 0.222222221875 0.28055555625 0.2166666671875 0.28796296250000003 0.20740740781250003 0.3 0.20277777812500003 0.328703703125 0.21574074062499998 0.334259259375 0.22407407343750002 0.3453703703125 0.22870370312500002 0.353703703125 0.24722222187499998 0.365740740625 0.2509259265625 0.3925925921875 0.24907407343750002 0.41018518593750003 0.26203703749999996 0.427777778125 0.2675925921875 0.48055555625 0.2611111109375 0.5203703703125 0.2629629625 0.525 0.26851851875 0.5120370375000001 0.2759259265625 0.5 0.2888888890625 0.5074074078125 0.303703703125 0.515740740625 0.3083333328125 0.546296296875 0.309259259375 0.5527777781250001 0.3129629625 0.5583333328125 0.3129629625 0.56851851875 0.303703703125 0.578703703125 0.272222221875 0.584259259375 0.2675925921875 0.5962962968750001 0.26574074062499997 0.5935185187500001 0.259259259375 0.5833333328125 0.25555555625 0.5768518515625 0.24444444375000002 0.5796296296875 0.23055555625 0.584259259375 0.22777777812500002 0.609259259375 0.22777777812500002 0.6166666671875001 0.2370370375 0.6972222218749999 0.23333333281250002 0.746296296875 0.2398148140625 0.752777778125 0.24351851875000002 0.7518518515625 0.252777778125 0.75555555625 0.25648148125 0.771296296875 0.2629629625 0.7796296296875 0.2518518515625 0.7805555562500001 0.24259259218749998 0.79351851875 0.24814814843750002 0.8296296296874999 0.24351851875000002 0.9083333328125001 0.24907407343750002 0.934259259375 0.246296296875 0.94351851875 0.240740740625 0.9398148140625 0.21296296250000002 0.9453703703125 0.15092592656249998 0.9324074078125 0.0648148140625 0.922222221875 0.048148148437499996 0.884259259375 0.0259259265625 0.8759259265624999 0 0.08148148125 0
4 0.80648148125 0.2416666671875 0.7916666671875 0.25833333281250004 0.7861111109375 0.2796296296875 0.7814814812499999 0.2833333328125 0.7731481484375 0.2833333328125 0.765740740625 0.2638888890625 0.7574074078125 0.25740740781250004 0.7379629624999999 0.252777778125 0.7185185187500001 0.25648148125 0.7046296296875 0.2675925921875 0.6805555562500001 0.29814814843750004 0.652777778125 0.3509259265625 0.6398148140625 0.38148148125 0.6324074078125 0.4138888890625 0.6351851859375001 0.43518518593750005 0.6564814812499999 0.45555555625000005 0.6703703703125 0.4601851859375 0.8018518515625 0.45185185156249996 0.9398148140625 0.4601851859375 0.9712962968750001 0.44907407343749994 1 0.44444444375 0.9981481484374999 0.23148148124999998 0.9009259265624999 0.24444444375000002 0.8166666671874999 0.2379629625 0.80648148125 0.2416666671875
2 0.91640625 0.8140625 0.1546875 0.175
2 0.8453125 0.671875 0.16796875 0.1109375
2 0.871875 0.3984375 0.11015625 0.1
2 0.9546875 0.3421875 0.090625 0.0875
2 0.7265625 0.396875 0.12578125 0.0984375
2 0.8984375 0.27578125 0.0875 0.04765625
2 0.97578125 0.27890625 0.0484375 0.05546875
2 0.74296875 0.3109375 0.12890625 0.08203125