4 0.48253960781250005 0 0.4789768203125 0.000249134375 0.44199116250000003 0.028824659375 0.3776377609375 0.0509602390625 0.347996296875 0.065099403125 0.33854640625 0.075970259375 0.3062631125 0.09215053125 0.24303347656250002 0.15690412812500001 0.2296111265625 0.1773346375 0.2097230828125 0.1982172703125 0.20686806249999998 0.2104833421875 0.22439837968749998 0.2222521203125 0.2451066640625 0.22637317812500002 0.26059587500000003 0.2355001234375 0.284075171875 0.2394274125 0.3206602015625 0.2582174390625 0.34050940625 0.2633267546875 0.34933915312499997 0.27013481562499997 0.36800632968749997 0.27161403906250003 0.38343095 0.2798173140625 0.40684565624999997 0.2828209328125 0.42510587656250004 0.29175411093750003 0.46778848437500004 0.2915540125 0.4840721859375 0.298769028125 0.5222010296875 0.299815546875 0.5375610609375 0.3070951515625 0.6404760125 0.3054677578125 0.749016996875 0.291380525 0.7736331515625 0.2850182609375 0.7744470625 0.2701103546875 0.7553020125 0.23524981718750002 0.75441718125 0.20932245625 0.7320941624999999 0.1821096375 0.704875015625 0.16452106093750002 0.6902837265625 0.1284139046875 0.69367488125 0.110541221875 0.6918469593750001 0.097674425 0.6816414171875 0.0844652625 0.6633811953125 0.075532084375 0.6517546859375 0.042002171875 0.626949240625 0 0.48253960781250005 0
4 0.156904559375 0.6242357609375 0.1269722296875 0.7005837875 0.10608283593750001 0.7735149109375 0.10386694999999999 0.8878368546875001 0.09645816562500001 0.9013495453125 0.0988285515625 0.948521325 0.0962576375 0.9913977015625001 0.1301556671875 0.9983091890625 0.1514000859375 0.996823634375 0.19343680000000002 0.98738683125 0.22148927812500002 0.9770715296875 0.2490702125 0.973286509375 0.277122690625 0.96297120625 0.3869102921875 0.953437734375 0.400913946875 0.9413202609375 0.4314533296875 0.9002008874999999 0.4553590015625 0.88367825 0.489554228125 0.86829246875 0.5396261984375 0.86757565625 0.57371799375 0.8772581562499999 0.5948784046875 0.88784490625 0.61354558125 0.8893241312500001 0.692871478125 0.8689261328125 0.724470040625 0.8695011062500001 0.748698659375 0.8575968203125001 0.8242652843749999 0.8365335093749999 0.8721217984375 0.8174078781249999 0.9005618140625 0.812634596875 0.9127632953125 0.8145659468750001 0.9199588921874999 0.8112782203125001 0.9245966640625 0.7979593 0.9207276343749999 0.7824506703125 0.8930369421875 0.771392375 0.87359469375 0.75882910625 0.7640464609375 0.6523224703125 0.6969739749999999 0.595752296875 0.6393319640625 0.5413072421875 0.579803771875 0.512983315625 0.5688037359375 0.5016860828125 0.5642693921874999 0.4899367234375 0.524952190625 0.4453485171875 0.5068599890625001 0.4122707296875 0.4835938796875 0.3981184765625 0.4265977625 0.3529101265625 0.3955547546875 0.3337325640625 0.374717290625 0.327764165625 0.365609765625 0.3302574015625 0.3428861203125 0.35041013125 0.2699288171875 0.4353358796875 0.2242489203125 0.49886228125 0.156904559375 0.6242357609375
2 0.6151670734375 0.8195967234375001 0.623331509375 0.8301640546875 0.6319674890625 0.834201103125 0.670160925 0.8361712921875 0.6909983875 0.8421396906249999 0.7074306859374999 0.838206071875 0.723946996875 0.8222001484374999 0.72991539375 0.801362684375 0.726731096875 0.769098809375 0.7183923140624999 0.7427644921875001 0.710227878125 0.7321971625 0.68734930625 0.7235869312500001 0.6538388125 0.722217465625 0.6223500109375 0.7364858062499999 0.61184726875 0.7455739125 0.606951140625 0.755198153125 0.6067637015625 0.7923387359375 0.6151670734375 0.8195967234375001
2 0.553125 0.61640625 0.1171875 0.128125
2 0.38125 0.52109375 0.125 0.1234375
2 0.36640625 0.6828125 0.1375 0.1265625
2 0.31640625 0.8203125 0.1359375 0.146875
2 0.48046875 0.83359375 0.1359375 0.1375
2 0.64375 0.2203125 0.09375 0.084375
2 0.609375 0.13203125 0.090625 0.0734375
2 0.5359375 0.08203125 0.0921875 0.0734375
2 0.44609375 0.11875 0.0953125 0.0734375
2 0.359375 0.17890625 0.0921875 0.0859375
2 0.4765625 0.20859375 0.0921875 0.0921875