4 0.5138888890625 0 0.475 0.0259259265625 0.409259259375 0.04351851875 0.378703703125 0.055555556250000006 0.36851851875 0.065740740625 0.3351851859375 0.07962962968750001 0.2675925921875 0.13981481406250001 0.252777778125 0.15925925937500002 0.23148148124999998 0.178703703125 0.22777777812500002 0.190740740625 0.24444444375000002 0.20370370312500002 0.2648148140625 0.209259259375 0.2796296296875 0.21944444375 0.302777778125 0.225 0.3379629625 0.246296296875 0.3574074078125 0.252777778125 0.365740740625 0.2601851859375 0.384259259375 0.2629629625 0.3990740734375 0.272222221875 0.42222222187499997 0.2768518515625 0.43981481406249995 0.2870370375 0.4824074078125 0.2898148140625 0.4981481484375 0.29814814843750004 0.5361111109375 0.3018518515625 0.5509259265625001 0.3101851859375 0.6537037031249999 0.315740740625 0.7629629625 0.309259259375 0.7879629625 0.3046296296875 0.7898148140625 0.2898148140625 0.7731481484375 0.253703703125 0.7740740734375 0.22777777812500002 0.753703703125 0.1990740734375 0.727777778125 0.17962962968750001 0.715740740625 0.1425925921875 0.7203703703125 0.125 0.7194444437499999 0.1120370375 0.7101851859375 0.0981481484375 0.6925925921875 0.08796296249999999 0.6833333328125 0.053703703125 0.6564814812499999 0 0.5138888890625 0
4 0.275 0.41944444374999995 0.225 0.4796296296875 0.1490740734375 0.6 0.11388888906250001 0.6740740734374999 0.08796296249999999 0.7453703703125 0.077777778125 0.859259259375 0.06944444375 0.872222221875 0.06851851875000001 0.91944444375 0.0629629625 0.9620370375 0.09629629687499999 0.9712962968750001 0.1175925921875 0.9712962968750001 0.1601851859375 0.9648148140625 0.1888888890625 0.95648148125 0.2166666671875 0.9546296296874999 0.2453703703125 0.946296296875 0.35555555625 0.9444444437499999 0.3703703703125 0.9333333328125001 0.403703703125 0.89444444375 0.42870370312499995 0.8796296296874999 0.46388888906250003 0.8666666671875 0.5138888890625 0.86944444375 0.547222221875 0.88148148125 0.5675925921875 0.89351851875 0.5861111109375 0.896296296875 0.6666666671875 0.88148148125 0.6981481484375001 0.884259259375 0.7231481484375 0.8740740734375001 0.8 0.8583333328125 0.8490740734375001 0.8425925921875 0.877777778125 0.8398148140625 0.8898148140625001 0.8425925921875 0.897222221875 0.8398148140625 0.902777778125 0.8268518515625001 0.9 0.8111111109375001 0.8731481484374999 0.7981481484375 0.8546296296874999 0.784259259375 0.752777778125 0.6703703703125 0.6898148140625 0.609259259375 0.6361111109375 0.5509259265625001 0.578703703125 0.51851851875 0.56851851875 0.50648148125 0.5648148140625 0.49444444374999996 0.5287037031249999 0.447222221875 0.5129629625 0.4129629625 0.490740740625 0.397222221875 0.4370370375 0.3481481484375 0.4074074078125 0.32685185156249996 0.38703703749999996 0.31944444375000003 0.377777778125 0.321296296875 0.353703703125 0.3398148140625 0.275 0.41944444374999995
2 0.5888888890625 0.7620370375000001 0.5861111109375 0.7990740734374999 0.5925925921874999 0.8268518515625001 0.6 0.8379629625 0.6083333328125 0.8425925921875 0.646296296875 0.847222221875 0.6666666671875 0.8546296296874999 0.6833333328125 0.8518518515625001 0.7009259265625001 0.8370370375 0.7083333328125 0.8166666671874999 0.7074074078125 0.784259259375 0.7009259265625001 0.7574074078125 0.69351851875 0.746296296875 0.671296296875 0.7361111109375 0.6379629625 0.7324074078125 0.60555555625 0.74444444375 0.5944444437499999 0.752777778125 0.5888888890625 0.7620370375000001
2 0.54453125 0.61953125 0.109375 0.12109375
2 0.38046875 0.5125 0.11796875 0.11484375
2 0.35390625 0.67265625 0.1296875 0.1171875
2 0.29453125 0.80703125 0.12578125 0.1390625
2 0.45703125 0.83125 0.12734375 0.1296875
2 0.66328125 0.23125 0.08828125 0.078125
2 0.63515625 0.140625 0.08671875 0.06796875
2 0.56484375 0.08515625 0.08828125 0.06796875
2 0.47265625 0.115625 0.09140625 0.0671875
2 0.38203125 0.16953125 0.08671875 0.08046875
2 0.496875 0.2078125 0.08671875 0.08671875