4 0.418199565625 0 0.39695045156250003 0.028648446875 0.381882803125 0.060779378125000005 0.362788840625 0.06775490625 0.351258471875 0.0798249390625 0.3480956171875 0.0924301796875 0.34959999062499997 0.110559428125 0.331314409375 0.1449435796875 0.302405865625 0.159590628125 0.2773606203125 0.18432098125000002 0.2737704890625 0.21001381874999997 0.25108639843749997 0.242682184375 0.25033755 0.2575935015625 0.2741538171875 0.266494 0.3806276859375 0.291849684375 0.48280874999999995 0.3042257046875 0.4988455625 0.2985915390625 0.5368749234375 0.3015363015625 0.5538235953124999 0.2960629203125 0.59625146875 0.300723471875 0.615345428125 0.2937479421875 0.63894583125 0.29320828125 0.6551434281249999 0.28666225624999997 0.6738629656249999 0.2871423875 0.683355978125 0.2812945828125 0.7036305171875 0.27828806250000004 0.741979221875 0.263425146875 0.7657404109375 0.2619736265625 0.78209879375 0.25451574374999997 0.8031244046875001 0.25258186562499996 0.8217888609375 0.24270997656249998 0.8202316359375 0.2302126671875 0.8026353687500001 0.20736556562500003 0.79142211875 0.185643959375 0.7353074546875 0.1146357921875 0.7048923109375 0.095169634375 0.6966305015625001 0.08337054687499999 0.6686293625 0.0662104625 0.6069422921875 0.03746938125 0.5731462031250001 0.00518434375 0.5437443281250001 0 0.418199565625 0
4 0.8515521359375 1 0.8520905453125 0.9879981125 0.8593787390625 0.9413325171875 0.8534230015625001 0.9271194234375001 0.8631691515625001 0.8131921234374999 0.8500175703125 0.7384769875 0.8282297546875 0.6594184234375 0.7743594093749999 0.5276923499999999 0.7355700703125 0.459739103125 0.67188959375 0.367652471875 0.6513969640624999 0.34523487343750003 0.6425999453125 0.3418033015625 0.6212527624999999 0.3455608953125 0.5883752109375 0.3613885234375 0.5269657640625 0.40039150156250003 0.502347796875 0.41203425625 0.48089713593749994 0.4430396890625 0.43713458125000004 0.4832738703125 0.43139693437500004 0.49448489687499997 0.4192762765625 0.5045704265625 0.357113528125 0.5265168015625 0.294096228125 0.57463836875 0.2214779796875 0.6238876609374999 0.1013968890625 0.7183599328125 0.080747928125 0.7288221125 0.05205302187500001 0.7369253625 0.04658409375 0.7519446109375 0.049804253124999996 0.7656753484375 0.056616770312499995 0.7696972093750001 0.0689532921875 0.769051840625 0.0967385671875 0.7767717640625 0.14233374375000002 0.8007949906249999 0.21528469218750002 0.829641778125 0.23813624687499999 0.8440134328125 0.269621809375 0.8467445578125 0.34638098125 0.8753226281250001 0.36510051718750003 0.8758027578125 0.387251625 0.8674858671875001 0.422168759375 0.861419971875 0.471891503125 0.8673668046874999 0.504291153125 0.8862426749999999 0.52633878125 0.9051736234375 0.5524127203125 0.949259975 0.565073040625 0.9627748484374999 0.6732626953125 0.9837320249999999 0.70008325625 0.9969231015625001 0.712596871875 1 0.8515521359375 1
2 0.3237758828125 0.7049196 0.2903058140625 0.7027787625 0.266652559375 0.7089503640625 0.2574282625 0.718606390625 0.24638247500000002 0.7439248046875 0.23984312968750002 0.7756790859375 0.24360072187499998 0.7970262671875 0.2583534796875 0.8146709328125 0.27428458437500003 0.8203006453125001 0.2956317671875 0.8165430499999999 0.3338219140625 0.8185759546875 0.342832571875 0.815463728125 0.35205686875 0.805807703125 0.3632634421875 0.779577428125 0.366959278125 0.7426207125000001 0.3630959796875 0.732537409375 0.3536007375 0.7224012531249999 0.3237758828125 0.7049196
2 0.43515625 0.61015625 0.128125 0.1375
2 0.615625 0.5328125 0.1359375 0.1328125
2 0.6140625 0.6953125 0.1484375 0.1375
2 0.64921875 0.83828125 0.1484375 0.159375
2 0.48515625 0.83359375 0.1484375 0.15
2 0.3859375 0.20703125 0.1 0.0921875
2 0.4296875 0.12265625 0.096875 0.08125
2 0.5078125 0.08046875 0.0984375 0.0828125
2 0.59375 0.1265625 0.1015625 0.0828125
2 0.6734375 0.1953125 0.1 0.09375
2 0.55390625 0.2125 0.1 0.1