4 0.4959212 0 0.3475403984375 0.0238360953125 0.25986830625 0.051093379687499996 0.207765078125 0.08027870312499999 0.13388856093749998 0.13850974375 0.020866315625 0.3266103453125 0.021813260937500002 0.33582105625 0 0.46302026406249996 0 0.5661690593750001 0.0090901625 0.6176741640625 0.0300048890625 0.690733103125 0.05854298125 0.7618913234375 0.1358187671875 0.852612159375 0.1624800484375 0.87835381875 0.36341813125 1 0.7828863890625 1 1 0.6386622734375 1 0.26671279531250003 0.9895645578125001 0.24973114375 0.9289524968749999 0.1744239640625 0.67259598125 0.0203894296875 0.573165225 0 0.4959212 0
2 0.33515625 0.4984375 0.2125 0.2109375
2 0.4 0.278125 0.2171875 0.2015625
2 0.5125 0.21484375 0.2078125 0.196875
2 0.58828125 0.359375 0.2171875 0.20625
2 0.52265625 0.52421875 0.234375 0.2328125
2 0.603125 0.67734375 0.2421875 0.2296875
2 0.4734375 0.75 0.2421875 0.21875
2 0.93671875 0.4953125 0.1265625 0.14375
2 0.8453125 0.6234375 0.190625 0.178125
2 0.690625 0.21640625 0.1515625 0.1421875