4 0.4825396125 0 0.3662890296875 0.008129032812500001 0.2716934390625 0.049086717187500004 0.22368832656249998 0.07936098281250001 0.101996009375 0.1973965984375 0.045813371874999995 0.2700111046875 0.019872921874999998 0.32380350625 0 0.3898169984375 0 0.5174603796875 0.00806444375 0.6327873015625001 0.01412318125 0.6397891296875 0.07731987500000001 0.7736698390625001 0.1054884421875 0.8181094484375 0.1653653296875 0.877967346875 0.22440255781250001 0.9258175328125 0.288594271875 0.96773815625 0.40393022500000003 0.9977287453124999 0.4182790890625 1 0.4934381734375 1 0.7186240609375 0.9850050781249999 0.7540013140624999 0.9732493890624999 0.8095895578125001 0.9452294218749999 0.8549528359374999 0.9169962640625 0.96071015 0.8232796078125 0.9961262421875 0.78553196875 1 0.78005871875 1 0.4825396125 0.978113440625 0.1695472296875 0.9133598421875 0.1063175953125 0.833097615625 0.046956992187500005 0.7574794890625001 0.014189060937500001 0.7085468875 0 0.4825396125 0
2 0.3640625 0.59296875 0.165625 0.1640625
2 0.290625 0.375 0.184375 0.140625
2 0.346875 0.259375 0.1734375 0.1421875
2 0.49140625 0.334375 0.1796875 0.1484375
2 0.5328125 0.50625 0.1859375 0.178125
2 0.6859375 0.58671875 0.1984375 0.16875
2 0.621875 0.7203125 0.209375 0.1484375
2 0.8578125 0.24375 0.09375 0.1234375
2 0.853125 0.403125 0.1609375 0.1265625
2 0.49296875 0.15859375 0.128125 0.1