4 0.3 0 0.209259259375 0.0333333328125 0.1361111109375 0.071296296875 0.060185185937499996 0.1361111109375 0 0.20370370312500002 0 0.7888888890625 0.025 0.8194444437499999 0.0629629625 0.8546296296874999 0.175 0.940740740625 0.222222221875 0.965740740625 0.2796296296875 0.9898148140625 0.315740740625 0.9990740734375001 0.5944444437499999 0.9981481484374999 0.63055555625 0.9898148140625 0.74351851875 0.9518518515625001 0.8046296296875 0.9055555562500001 0.8601851859374999 0.853703703125 0.915740740625 0.7898148140625 0.940740740625 0.74351851875 0.99444444375 0.60555555625 1 0.5981481484375 1 0.378703703125 0.9666666671874999 0.290740740625 0.9370370375 0.2388888890625 0.8759259265624999 0.1703703703125 0.746296296875 0.061111110937500004 0.696296296875 0.034259259375000004 0.5990740734375 0 0.3 0
2 0.6421875 0.58359375 0.15546875 0.153125
2 0.7 0.3609375 0.17578125 0.12890625
2 0.6359375 0.24921875 0.16484375 0.13046875
2 0.496875 0.334375 0.17109375 0.1375
2 0.46796875 0.50859375 0.17421875 0.16640625
2 0.3203125 0.59921875 0.18828125 0.15546875
2 0.39375 0.728125 0.20078125 0.13515625
2 0.125 0.26953125 0.08515625 0.1171875
2 0.140625 0.428125 0.153125 0.11640625
2 0.4828125 0.15859375 0.12265625 0.09140625