4 0.25316054375 0 0.24069371562500003 0.030475610937499998 0.17861155625 0.1598751 0.168992484375 0.192270296875 0.1913218734375 0.230976115625 0.241236925 0.2954986046875 0.3134993171875 0.3585583765625 0.36186997656250003 0.39245219374999996 0.3619516515625 0.400733525 0.335141884375 0.45358949531250004 0.3373755640625 0.47013173750000004 0.41848606562499996 0.5066014125 0.4808206453125 0.528762521875 0.5306311390625 0.5406944796875 0.6061586765625 0.55692798125 0.663377446875 0.5642317 0.7548984 0.5645714125 0.8268928859375 0.5584779890625 0.8322308312500001 0.5538701703125 0.8402875609375 0.5310148375 0.8675873656249999 0.5278468515625 0.927443246875 0.5086217265624999 0.9855326046874999 0.478233140625 1 0.450975821875 1 0.24216523437499998 0.9506667953125 0.218103821875 0.9274055640625001 0.2108793109375 0.8578440031250001 0.1697405625 0.5016418875 0 0.25316054375 0
2 0.5125 0.3703125 0.128125 0.115625
2 0.3625 0.1921875 0.134375 0.1265625
2 0.4546875 0.11953125 0.121875 0.1140625
2 0.59296875 0.1734375 0.115625 0.1078125
2 0.546875 0.2484375 0.1375 0.13125
2 0.67265625 0.3625 0.134375 0.128125
2 0.80859375 0.36796875 0.1375 0.13125
2 0.9375 0.33125 0.125 0.125
2 0.76328125 0.25078125 0.1171875 0.1078125
2 0.72890625 0.15859375 0.1125 0.0984375
2 0.8296875 0.1890625 0.1203125 0.096875
2 0.5453125 0.07265625 0.1125 0.0890625
2 0.27578125 0.065625 0.1046875 0.0984375