4 0.20833333281250002 0.053703703125 0.1833333328125 0.0490740734375 0.0629629625 0.05 0.058333332812500006 0.0675925921875 0.0574074078125 0.1351851859375 0.061111110937500004 0.1916666671875 0.0620370375 0.3351851859375 0.0675925921875 0.36851851875 0.1046296296875 0.39351851875 0.177777778125 0.4296296296875 0.2703703703125 0.4546296296875 0.328703703125 0.46388888906250003 0.3324074078125 0.471296296875 0.33148148125 0.5305555562500001 0.340740740625 0.54444444375 0.4296296296875 0.5416666671875 0.4953703703125 0.534259259375 0.5453703703125 0.5231481484375 0.6203703703125 0.5046296296875 0.675 0.4861111109375 0.7574074078125 0.44629629687500005 0.8194444437499999 0.409259259375 0.8222222218749999 0.40277777812500004 0.8194444437499999 0.378703703125 0.8425925921875 0.3638888890625 0.8879629625 0.3203703703125 0.9268518515625 0.2675925921875 0.9305555562500001 0.15925925937500002 0.928703703125 0.055555556250000006 0.9240740734375 0.0490740734375 0.7814814812499999 0.0490740734375 0.7574074078125 0.052777778124999994 0.6768518515624999 0.046296296875 0.26944444375 0.05 0.2398148140625 0.053703703125 0.20833333281250002 0.053703703125
2 0.4546875 0.378125 0.1046875 0.07734375
2 0.24140625 0.28359375 0.10625 0.08828125
2 0.2921875 0.178125 0.096875 0.08046875
2 0.440625 0.165625 0.09140625 0.07578125
2 0.43203125 0.253125 0.10703125 0.09296875
2 0.5953125 0.30078125 0.1046875 0.090625
2 0.71953125 0.24609375 0.1078125 0.09296875
2 0.821875 0.15625 0.0984375 0.090625
2 0.62734375 0.1609375 0.0953125 0.07265625
2 0.55625 0.09296875 0.09453125 0.0640625
2 0.66015625 0.07578125 0.10625 0.05546875
2 0.353125 0.09609375 0.10078125 0.05078125
2 0.1078125 0.2078125 0.08359375 0.06796875
2 0.09609375 0.0828125 0.07265625 0.05859375