4 0.5063558312499999 0 0.468538740625 0.014063978125000001 0.10086748593749999 0.189598484375 0.075579175 0.2054772015625 0.0470472625 0.21878185 0.022433003125 0.22515143750000002 0 0.235822959375 0 0.4652458140625 0.03341700625 0.535718196875 0.05253932343749999 0.5635805765625 0.0966717359375 0.5705857437499999 0.1782276875 0.57239978125 0.27271053125 0.5559261546875 0.32949161718750003 0.5396651625 0.33597881875 0.5448133000000001 0.360183690625 0.5989117421875 0.3744451265625 0.6075862171875 0.4538318796875 0.567502628125 0.51028271875 0.533006 0.55090235 0.501805 0.6110491703125 0.45332515312500005 0.6527341640625 0.4134541953125 0.710594171875 0.34254284375 0.7511662921875 0.2827579046875 0.750944621875 0.2757097484375 0.73825295625 0.255065165625 0.75297129375 0.2318555546875 0.7756990921875 0.173240034375 0.7886395421875 0.10897196875 0.7462125937499999 0.009223371875 0.7417094640624999 0 0.5063558312499999 0
2 0.4078125 0.40859375 0.128125 0.1140625
2 0.17421875 0.41328125 0.134375 0.125
2 0.17578125 0.29609375 0.121875 0.1140625
2 0.3046875 0.221875 0.115625 0.1078125
2 0.334375 0.3046875 0.1359375 0.1296875
2 0.50234375 0.27890625 0.1328125 0.1265625
2 0.59140625 0.17734375 0.1375 0.1296875
2 0.6453125 0.05703125 0.128125 0.1140625
2 0.471875 0.1390625 0.1171875 0.10625
2 0.37890625 0.10703125 0.1125 0.0984375
2 0.465625 0.04765625 0.1203125 0.0953125
2 0.19609375 0.19609375 0.1125 0.0890625
2 0.03671875 0.4 0.0734375 0.096875