4 0.4175925921875 0 0.38333333281250004 0.013597032812500002 0.328703703125 0.0482076640625 0.2768518515625 0.0914709515625 0.21203703749999997 0.177997528125 0.18055555625 0.2533992578125 0.146296296875 0.3671199015625 0.1324074078125 0.495673671875 0.1361111109375 0.6056860328125 0.1601851859375 0.739184178125 0.1879629625 0.7873918421874999 0.2759259265625 0.8887515453124999 0.33888888906250003 0.944375771875 0.3888888890625 0.9728059328124999 0.46481481406249997 1 0.659259259375 1 0.6879629625 0.9888751546875 0.747222221875 0.9517923359375 0.8462962968750001 0.841779975 0.8824074078124999 0.8084054390625001 0.915740740625 0.7342398015625 0.9481481484375 0.621755253125 0.9712962968750001 0.5920889984375 0.9712962968750001 0.43263287968749997 0.95555555625 0.34734239843750003 0.9481481484375 0.3250927078125 0.9416666671874999 0.27688504375 0.9101851859375 0.23733003749999998 0.877777778125 0.1742892453125 0.8166666671874999 0.097651421875 0.7574074078125 0.0383189125 0.7111111109375 0.0037082812499999998 0.702777778125 0 0.4175925921875 0
0 0.78046875 0.52421875 0.05625 0.0703125
0 0.5078125 0.6671875 0.05234375 0.0609375
0 0.52578125 0.596875 0.04453125 0.06640625
0 0.53828125 0.7171875 0.04609375 0.0671875
0 0.56015625 0.66484375 0.05 0.06875
0 0.734375 0.69921875 0.05703125 0.07734375
0 0.57890625 0.6078125 0.046875 0.0609375
0 0.66953125 0.53828125 0.06875 0.11796875
0 0.7859375 0.4171875 0.05 0.0515625
0 0.73515625 0.29453125 0.05234375 0.07734375
0 0.69765625 0.253125 0.04453125 0.05703125
0 0.671875 0.2984375 0.05625 0.0578125
0 0.503125 0.1625 0.04140625 0.053125
0 0.49609375 0.28125 0.0578125 0.0453125
0 0.55390625 0.1640625 0.02578125 0.05390625
0 0.3453125 0.27578125 0.06171875 0.08359375
0 0.30546875 0.3640625 0.05234375 0.0609375
0 0.31015625 0.425 0.0578125 0.078125
0 0.37265625 0.5015625 0.05625 0.07890625
0 0.34453125 0.54921875 0.06015625 0.05546875
0 0.4515625 0.48671875 0.0546875 0.0578125
0 0.4015625 0.41171875 0.05078125 0.07421875
0 0.39609375 0.3234375 0.0546875 0.075
0 0.5046875 0.4078125 0.05625 0.078125
0 0.55390625 0.39921875 0.05078125 0.07890625
3 0.63828125 0.72109375 0.14609375 0.1625
3 0.42265625 0.74375 0.0984375 0.14921875
3 0.59453125 0.2109375 0.0734375 0.184375
3 0.51328125 0.33828125 0.125 0.096875
3 0.41171875 0.18828125 0.11953125 0.10859375
3 0.46953125 0.58203125 0.09765625 0.1453125
3 0.6484375 0.40234375 0.1296875 0.17421875