4 0.3653042796875 0 0.33157766718750004 0.0164753625 0.24884514218749998 0.0690420171875 0.1976792625 0.11809743749999999 0.15503508593749998 0.1452480625 0.13321184531250002 0.188719140625 0.1189642125 0.20734502031250002 0.0763131859375 0.2828640703125 0.024399351562499998 0.43363279375 0.03662796875 0.46921908749999997 0.030648387500000002 0.5861261375 0.038019703125 0.667103396875 0.061297742187500004 0.71041626875 0.1191576 0.8466903640625001 0.1631153453125 0.901045784375 0.18663333437500002 0.9209095453125 0.3704841703125 0.9842144640624999 0.45112706406249997 0.98322103125 0.5076589484375 0.97261819375 0.5853010750000001 0.940523190625 0.7014711828125 0.8733236484375 0.7434304671875 0.836785965625 0.809655696875 0.718398740625 0.8489741390625 0.61558581875 0.8776949500000001 0.4895140609375 0.8823260046874999 0.37083535625 0.87710808125 0.2892922515625 0.8439947671875 0.1863781265625 0.809053028125 0.1285905734375 0.7686678171875 0.0780799109375 0.7407018125 0.054069940625 0.5836713046875001 0 0.3653042796875 0
0 0.2265625 0.43125 0.0765625 0.084375
0 0.43828125 0.65546875 0.06875 0.075
0 0.44375 0.58359375 0.0640625 0.0765625
0 0.39296875 0.69296875 0.065625 0.078125
0 0.38984375 0.6359375 0.0703125 0.08125
0 0.21328125 0.61171875 0.0796875 0.0921875
0 0.390625 0.5765625 0.0640625 0.0734375
0 0.32734375 0.48125 0.103125 0.134375
0 0.25625 0.32890625 0.0640625 0.065625
0 0.34453125 0.22890625 0.075 0.090625
0 0.39375 0.20234375 0.0609375 0.06875
0 0.403125 0.253125 0.071875 0.0734375
0 0.60703125 0.1796875 0.05625 0.0640625
0 0.575 0.29453125 0.06875 0.0609375
0 0.55859375 0.16484375 0.0421875 0.059375
0 0.71953125 0.33828125 0.0859375 0.0984375
0 0.728125 0.43515625 0.06875 0.075
0 0.70390625 0.490625 0.0796875 0.0921875
0 0.61953125 0.54296875 0.078125 0.0921875
0 0.63125 0.596875 0.075 0.071875
0 0.55 0.503125 0.0703125 0.071875
0 0.621875 0.4484375 0.071875 0.0859375
0 0.65546875 0.3671875 0.0765625 0.0890625
0 0.52578125 0.4109375 0.078125 0.0921875
0 0.48203125 0.3875 0.0734375 0.090625
3 0.29765625 0.6640625 0.190625 0.2015625
3 0.49375 0.75546875 0.1421875 0.1734375
3 0.5046875 0.19609375 0.1296875 0.1984375
3 0.53984375 0.34296875 0.15 0.1328125
3 0.68515625 0.234375 0.1484375 0.1421875
3 0.50234375 0.5875 0.1390625 0.16875
3 0.39140625 0.359375 0.1796875 0.20625