4 0.600496375 1 0.71615690625 0.9359023609375001 0.7611663171874999 0.9161027453124999 0.8168295734375001 0.8568300296875 0.884092765625 0.7610246187499999 0.9156381578125 0.7405109234375 0.9675519921875001 0.5897422015625 0.98043669375 0.5039737843750001 0.9806766437500001 0.48052467187500003 0.9902431625 0.43283326562499996 0.9733546875 0.38518390468749997 0.9632369562499999 0.31502684531249997 0.9304061000000001 0.222668528125 0.8936921453125001 0.1472756109375 0.8611862562500001 0.099478015625 0.8545142328124999 0.0932586984375 0.5848663421875 0.00041148437499999996 0.548046815625 0.0021140078125 0.48512536562499997 0.017053334375 0.422013328125 0.041078265625 0.3325594203125 0.10178911093750001 0.27824469375 0.1628334796875 0.20882810625 0.2592047375 0.153842890625 0.376232934375 0.12152828906249999 0.4814574734375 0.1008280296875 0.6155202015625 0.11139755312499999 0.670145003125 0.161568678125 0.794620425 0.2029918515625 0.8677129000000001 0.241011825 0.910872553125 0.3039476765625 0.9613041125 0.41632869375 1 0.600496375 1
0 0.75703125 0.6140625 0.0765625 0.084375
0 0.453125 0.6609375 0.06875 0.075
0 0.49296875 0.6 0.0640625 0.0765625
0 0.465625 0.71796875 0.065625 0.078125
0 0.503125 0.67578125 0.0703125 0.08125
0 0.65703125 0.76484375 0.0796875 0.0921875
0 0.53984375 0.62734375 0.0640625 0.0734375
0 0.64765625 0.59140625 0.103125 0.134375
0 0.79765625 0.51484375 0.0640625 0.065625
0 0.7890625 0.38203125 0.075 0.090625
0 0.7671875 0.33125 0.0609375 0.06875
0 0.728125 0.365625 0.071875 0.0734375
0 0.6125 0.18203125 0.05625 0.0640625
0 0.5671875 0.2921875 0.06875 0.0609375
0 0.66015625 0.2 0.0421875 0.059375
0 0.4265625 0.2375 0.0859375 0.0984375
0 0.36015625 0.3078125 0.06875 0.075
0 0.34453125 0.3671875 0.0796875 0.0921875
0 0.37890625 0.46015625 0.078125 0.0921875
0 0.33671875 0.49609375 0.075 0.071875
0 0.45859375 0.471875 0.0703125 0.071875
0 0.4359375 0.384375 0.071875 0.0859375
0 0.459375 0.29921875 0.0765625 0.0890625
0 0.534375 0.4140625 0.078125 0.0921875
0 0.58359375 0.421875 0.0734375 0.090625
3 0.55859375 0.75390625 0.190625 0.2015625
3 0.34765625 0.70546875 0.1421875 0.1734375
3 0.68359375 0.2578125 0.1296875 0.1984375
3 0.56484375 0.3515625 0.15 0.1328125
3 0.51796875 0.1765625 0.1484375 0.1421875
3 0.44453125 0.56796875 0.1390625 0.16875
3 0.671875 0.45625 0.1796875 0.20625