4 0.2877625921875 0 0.1826738171875 0.1088226125 0.1902163109375 0.1116755125 0.2089784046875 0.1309015546875 0.48171180781249995 0.30233803593749997 0.47433369687500004 0.3782905828125 0.4081962 0.351807221875 0.23159685312499997 0.21311359218749998 0.1978324125 0.1677691 0.1846238484375 0.15612143750000002 0.153891159375 0.1386279265625 0 0.2979868875 0 0.7122374078125 0.2979868875 1 0.3705745671875 1 0.5892052453125001 0.472605246875 0.7176792578125 0.582824909375 0.5883761859375001 0.775037528125 0.5457116453124999 0.88753024375 0.5267005671875 0.9688644671875 0.5210564375 1 0.7122374078125 1 0.9319032999999999 0.7725293093750001 0.9296708484374999 0.7615118546875 0.938855478125 0.749335046875 0.9286395609375001 0.7372542515625 0.9301783546875001 0.727663246875 0.9264920484375001 0.707487921875 0.903846165625 0.6856190453125001 0.8938645359375 0.6826261 0.860908596875 0.66077021875 0.8624473921875 0.6511792140625 0.8697556000000001 0.6449442671875001 0.8900656859374999 0.661234390625 0.896604496875 0.6597949468750001 0.8956008140625 0.6555025984375 0.8734051015625001 0.63849925 0.8401391374999999 0.6329594843749999 0.8349232375 0.6290302484375 0.8153733437499999 0.6012895359375 0.8039194578125001 0.5758285453124999 0.7930374875 0.563104546875 0.8012276328124999 0.5532904796875 0.8180857015624999 0.558493125 0.8389493015625 0.5742100703124999 0.853368234375 0.5792726703125 0.892984728125 0.6075605734375 0.8949736937500001 0.60283509375 0.8855271734375 0.5859587953125 0.87553634375 0.5763107625 0.8763057406250001 0.5715152609375 0.8899552749999999 0.5813733640625001 0.91413075 0.586996146875 0.9249001796874999 0.5985037625 0.9386530562500001 0.6029231609375 0.9487564296875 0.613787575 0.9599576265625 0.6168505453125 0.9788230625000001 0.630637884375 0.9945741046875 0.6369868890625 1 0.6373701078125 1 0.2877625921875 0.845997075 0.1390436953125 0.795985584375 0.1295176640625 0.804504159375 0.1166976546875 0.8020374203125 0.0965923515625 0.68351474375 0.32829260625 0.6330668859374999 0.32388367812499996 0.7512191968749999 0.0849026390625 0.67941669375 0.0103021953125 0.6612255453125 0 0.2877625921875 0
0 0.28515625 0.45703125 0.1765625 0.175
0 0.19609375 0.5109375 0.1390625 0.1390625
0 0.24140625 0.6 0.125 0.125
0 0.40078125 0.75078125 0.15 0.15
0 0.3765625 0.5609375 0.1515625 0.1515625
0 0.45 0.5734375 0.1515625 0.1515625
0 0.52265625 0.45078125 0.1515625 0.15
0 0.41875 0.41484375 0.16875 0.1671875
0 0.11640625 0.2546875 0.1609375 0.1609375
0 0.290625 0.06796875 0.146875 0.1359375
0 0.39296875 0.10703125 0.1625 0.1625
0 0.55078125 0.16015625 0.1375 0.1359375
0 0.77890625 0.259375 0.1125 0.1125
0 0.94296875 0.3984375 0.1140625 0.13125
0 0.903125 0.5375 0.1328125 0.13125
0 0.90078125 0.7109375 0.1359375 0.1359375
0 0.82265625 0.79765625 0.1515625 0.1515625
0 0.771875 0.859375 0.15 0.1484375
0 0.76328125 0.6140625 0.1015625 0.103125
0 0.7328125 0.7140625 0.103125 0.103125
0 0.6421875 0.23046875 0.0984375 0.0984375
0 0.546875 0.284375 0.090625 0.090625
2 0.34375 0.75078125 0.403125 0.403125
2 0.13203125 0.38046875 0.2640625 0.3171875
2 0.6921875 0.7515625 0.2609375 0.2625
2 0.8953125 0.38203125 0.209375 0.2765625
2 0.7984375 0.24375 0.234375 0.234375
2 0.5921875 0.1625 0.275 0.2734375
2 0.37109375 0.0640625 0.1734375 0.128125
2 0.95 0.5953125 0.1 0.146875