4 0.3349741953125 0 0.3120642265625 0.01350803125 0.2415746171875 0.089350240625 0.3638797265625 0.3262328390625 0.31351649843749996 0.33152153125 0.19096814687500002 0.101925071875 0.1888526703125 0.1220703640625 0.1975936875 0.1347397515625 0.14775606562500002 0.145137153125 0 0.29289321875 0 0.6462935390625 0.007891971875 0.6455975328125 0.023529809375 0.6389746015625 0.04215175 0.6248601171875 0.053297785937499995 0.621602125 0.063210009375 0.6105630375 0.0768836625 0.6059042906250001 0.087450615625 0.594210475 0.11152427812500001 0.588166628125 0.1249996859375 0.578071809375 0.125852659375 0.5828531531250001 0.11603173124999999 0.59267408125 0.1068811828125 0.6097126734375 0.10895231718750001 0.6144027203125 0.148069084375 0.585427721875 0.162397465625 0.58011425 0.182983590625 0.5640355765625 0.1997482921875 0.558539509375 0.20810847031250002 0.5682091453125 0.19745022031249998 0.5811211234375 0.18644243437500002 0.6067781328125 0.1673796609375 0.6348558125 0.16223313125 0.6388754796875 0.129068915625 0.6449949734375 0.10717333281250001 0.6623831015625 0.1062447140625 0.6666923125 0.11280765 0.66801741875 0.1328303421875 0.651375315625 0.14024625156249998 0.6574817671875001 0.1419521984375 0.66704445625 0.10938271562499999 0.68947216875 0.0994548421875 0.6926388625000001 0.077194071875 0.7148996328125 0.07386043437499999 0.7351362203125 0.07556637968749999 0.744698909375 0.065562859375 0.75695615625 0.0749586046875 0.768970815625 0.072918771875 0.780025553125 0.29289321875 1 0.4876148921875 1 0.48148631249999996 0.969259046875 0.461058653125 0.8882689984375001 0.41643734062500004 0.776538015625 0.2837993890625 0.5866113203125 0.41033023750000003 0.47416626562499997 0.639147978125 1 0.70710678125 1 1 0.70710678125 1 0.29289321875 0.8397493140625001 0.1326425328125 0.8093266109374999 0.1506697390625 0.7963233375 0.16254614843749998 0.763355409375 0.2084730046875 0.589203496875 0.35022759375 0.523538271875 0.37786118125 0.5148357296875 0.3020489671875 0.7845356156250001 0.12587874375000002 0.8029593109375 0.1063281859375 0.8104508656249999 0.103344084375 0.70710678125 0 0.3349741953125 0
0 0.7140625 0.453125 0.175 0.175
0 0.80390625 0.50546875 0.1390625 0.1390625
0 0.76015625 0.5953125 0.125 0.125
0 0.603125 0.74921875 0.15 0.15
0 0.62421875 0.559375 0.1515625 0.1515625
0 0.5515625 0.57265625 0.1515625 0.1515625
0 0.4765625 0.45078125 0.15 0.15
0 0.5796875 0.4140625 0.1671875 0.1671875
0 0.87890625 0.2484375 0.1609375 0.1609375
0 0.7015625 0.06640625 0.146875 0.1328125
0 0.60078125 0.10546875 0.1625 0.1625
0 0.44375 0.1609375 0.1375 0.1375
0 0.21640625 0.2640625 0.1125 0.1125
0 0.05546875 0.40625 0.1109375 0.13125
0 0.09765625 0.54453125 0.13125 0.13125
0 0.103125 0.71796875 0.1359375 0.1359375
0 0.18203125 0.803125 0.1515625 0.1515625
0 0.234375 0.8640625 0.1484375 0.1484375
0 0.2390625 0.61875 0.1015625 0.1015625
0 0.27109375 0.71796875 0.103125 0.103125
0 0.353125 0.2328125 0.0984375 0.0984375
0 0.45 0.28515625 0.090625 0.090625
2 0.6609375 0.74765625 0.403125 0.403125
2 0.8671875 0.37421875 0.265625 0.3171875
2 0.3125 0.75546875 0.2625 0.2625
2 0.103125 0.38984375 0.20625 0.2765625
2 0.19765625 0.24921875 0.234375 0.234375
2 0.4015625 0.1640625 0.2734375 0.2734375
2 0.6203125 0.0625 0.171875 0.125
2 0.05078125 0.603125 0.1015625 0.146875