4 0.4981481484375 0 0.45555555625000005 0.027888446875 0.45277777812500003 0.012749004687500001 0.4370370375 0 0.51273148125 0.249003984375 0.4733796296875 0.28087649375 0.3923611109375 0.026892429687500004 0.2888888890625 0.0231075703125 0.2518518515625 0.032669323437499995 0.2148148140625 0.030278884375 0.1833333328125 0.050996015625 0.147222221875 0.068525896875 0.12129629687500001 0.0733067734375 0.09351851875 0.0852589640625 0.075 0.08127490000000001 0.052777778124999994 0.087649403125 0.04444444375 0.0940239046875 0.0259259265625 0.10039840625 0 0.1235059765625 0 0.439043825 0.0074074078125 0.43585657343750006 0.034259259375000004 0.4366533859375 0.3495370375 0.370517928125 0.396990740625 0.430278884375 0.33101851875 0.45717131406249994 0.1076388890625 0.48007968125 0.051851851562499995 0.470916334375 0.034259259375000004 0.471713146875 0 0.4804780875 0 0.909163346875 0.051851851562499995 0.9394422312499999 0.109259259375 0.9641434265625 0.1518518515625 0.9768924296874999 0.184259259375 0.98167330625 0.2 0.988047809375 0.2259259265625 0.9928286859375 0.2416666671875 1 0.7740740734375 1 0.5451388890625 0.41832669375 0.7141203703125 0.408366534375 0.7546296296875 0.6364541828125 0.8020833328125001 0.7470119515625 0.8449074078125 0.8187251 0.8761574078125 0.8655378484374999 0.896990740625 0.8994023906249999 0.915509259375 0.92928286875 0.9375 0.930278884375 0.9583333328125001 0.9203187249999999 0.9745370375 0.9053784859375 0.9884259265625 0.8954183265625 1 0.8864541828125001 1 0.3960159359375 0.990740740625 0.389641434375 0.9888888890624999 0.3745019921875 0.9731481484375 0.3729083671875 0.9675925921875 0.3649402390625 0.9509259265625 0.3529880484375 0.91944444375 0.3529880484375 0.9101851859375 0.357768925 0.871296296875 0.3649402390625 0.865740740625 0.35697211093750003 0.8666666671875 0.34741035781249996 0.8925925921875001 0.3450199203125 0.896296296875 0.33944223125 0.8925925921875001 0.3370517921875 0.8648148140625 0.34023904374999997 0.8370370375 0.35936255 0.83055555625 0.3601593625 0.797222221875 0.3537848609375 0.771296296875 0.3434262953125 0.7546296296875 0.34183266875 0.753703703125 0.329083665625 0.76944444375 0.3211155375 0.7953703703125 0.3179282875 0.809259259375 0.311553784375 0.8574074078124999 0.3043824703125 0.85555555625 0.29960159375 0.8370370375 0.2940239046875 0.8231481484375 0.2940239046875 0.8203703703125 0.290039840625 0.8370370375 0.287649403125 0.8583333328125 0.27490039843749997 0.8740740734375001 0.2756972109375 0.8870370375000001 0.269322709375 0.9018518515625 0.270119521875 0.9120370375 0.2645418328125 0.9351851859375 0.26135458125 0.9509259265625 0.2549800796875 0.9861111109375 0.2254980078125 0.9990740734375001 0.2023904375 1 0.1163346609375 0.9870370375 0.10199203125 0.9824074078124999 0.087649403125 0.95 0.058964143749999996 0.9138888890624999 0.051792828125 0.9101851859375 0.043027889062500005 0.89351851875 0.0382470125 0.884259259375 0.0247011953125 0.840740740625 0.011155378125 0.8259259265625 0 0.4981481484375 0
0 0.315625 0.61796875 0.14609375 0.10234375
0 0.2890625 0.71875 0.09609375 0.10078125
0 0.38359375 0.7515625 0.0984375 0.07890625
0 0.603125 0.74921875 0.11796875 0.09453125
0 0.45390625 0.6296875 0.1203125 0.09375
0 0.51484375 0.5875 0.11953125 0.09453125
0 0.48203125 0.4484375 0.1375 0.075
0 0.3828125 0.4953125 0.128125 0.109375
0 0.05390625 0.58984375 0.1078125 0.11953125
0 0.04609375 0.33125 0.0921875 0.115625
0 0.15 0.2921875 0.1171875 0.11328125
0 0.3 0.2203125 0.11328125 0.08046875
0 0.53359375 0.1328125 0.08828125 0.07109375
0 0.75546875 0.11328125 0.09609375 0.090625
0 0.81640625 0.246875 0.09609375 0.090625
0 0.93515625 0.3734375 0.1015625 0.09140625
0 0.9390625 0.48984375 0.121875 0.0921875
0 0.9453125 0.56953125 0.109375 0.1015625
0 0.76875 0.39921875 0.0625 0.08203125
0 0.81640625 0.4921875 0.0796875 0.06640625
0 0.41484375 0.20703125 0.075 0.06484375
0 0.38359375 0.3125 0.09140625 0.03671875
2 0.56171875 0.7890625 0.3046875 0.265625
2 0.1328125 0.6890625 0.25234375 0.196875
2 0.81328125 0.54765625 0.17109375 0.19921875
2 0.72734375 0.11640625 0.2140625 0.17734375
2 0.53671875 0.10859375 0.16875 0.16328125
2 0.33203125 0.19296875 0.21328125 0.17421875
2 0.0890625 0.26015625 0.15703125 0.08671875
2 0.90703125 0.23984375 0.13046875 0.07734375